dataset-100
Best solution with GREEDY: 7871 time 13
 |1|4|100|6|99|89|59|88|39|87|9|92|3|58|42|93|57|2|12|91|94|98|15|97|8|95|7|40|96|32|55|10|14|54|5|90|85|86|70|11|13|84|60|16|52|83|82|41|25|17|53|75|79|18|19|20|81|50|80|63|26|27|68|
24|33|56|21|73|78|23|61|76|30|22|62|28|71|74|29|34|49|51|31|47|77|48|69|64|38|67|72|65|66|35|43|36|44|46|37|45|
Best solution with GA: 6774 time: 121
 |94|26|21|95|74|38|14|8|100|52|48|2|39|65|25|20|45|84|69|61|51|87|1|23|92|58|40|82|85|32|6|80|89|33|73|12|78|7|88|28|15|29|41|44|83|77|63|96|76|22|37|93|46|9|10|13|97|68|99|18|47|50|
30|31|79|5|11|16|57|56|71|98|59|86|35|53|17|19|49|4|36|66|55|34|75|67|72|90|60|81|70|91|62|24|64|3|54|43|27|42|
Best solution with GRASP: 8878 time: 238
 |28|6|21|55|82|39|56|46|4|40|24|99|43|78|70|76|10|59|47|18|34|63|93|15|64|77|52|58|85|88|2|25|20|38|79|17|33|73|32|14|90|51|72|97|84|37|71|48|22|60|68|7|86|95|89|5|100|26|74|3|1|53|6
5|81|67|44|62|30|19|16|69|91|42|83|11|87|8|80|96|12|50|75|23|98|66|94|36|92|54|49|9|41|13|35|27|45|57|31|29|61|


dataset-70
Best solution with GREEDY: 5040 time 4
 |1|9|28|29|44|50|5|6|8|70|69|60|7|10|31|3|4|26|32|61|2|66|11|48|30|22|62|27|15|34|43|63|68|19|23|25|24|65|12|13|64|16|18|59|17|54|33|47|21|67|14|20|53|49|36|45|35|37|40|46|58|51|38|5
2|42|39|57|41|56|55|
Best solution with GA: 5229 time: 48
 |38|58|55|70|22|64|47|10|54|11|43|49|28|12|41|1|62|20|9|68|48|51|23|19|29|25|14|4|35|53|56|65|69|61|27|15|17|66|42|40|37|7|30|16|45|18|3|52|31|34|32|8|39|60|33|44|50|21|63|24|26|59|6
|36|46|13|2|57|5|67|
Best solution with GRASP: 7557 time: 100
 |64|5|40|39|42|44|38|61|32|26|13|27|69|57|41|36|46|24|60|56|47|53|22|65|28|7|16|43|6|34|59|63|9|19|70|1|21|29|54|4|45|25|48|14|67|11|2|68|18|49|66|23|15|17|20|52|51|58|8|10|30|55|12|
50|31|62|37|35|33|3|


dataset-50
Best solution with GREEDY: 4223 time 2
 |1|50|33|34|49|44|48|46|26|24|35|41|47|31|43|45|2|42|3|40|39|23|36|37|4|38|32|29|5|11|6|7|22|25|27|28|21|30|20|17|19|16|18|15|13|8|9|14|10|12|
Best solution with GA: 5943 time: 20
 |39|34|40|30|32|42|18|45|26|44|4|22|50|3|49|16|15|24|21|27|1|20|28|6|5|13|33|12|41|10|46|29|35|8|48|2|37|25|31|19|14|7|36|17|43|9|47|23|11|38|
Best solution with GRASP: 7057 time: 39
 |8|29|11|44|10|3|16|38|50|32|35|21|25|28|41|49|6|42|40|7|2|17|43|39|15|23|34|30|47|19|18|20|24|4|26|46|37|14|22|36|31|1|48|12|33|45|13|9|5|27|


dataset-35
Best solution with GREEDY: 2253 time 0
 |1|26|33|35|31|34|2|20|29|16|21|32|3|25|30|27|8|22|24|28|5|7|9|23|19|18|13|4|10|17|15|14|12|6|11|
Best solution with GA: 3114 time: 7
 |22|2|3|20|31|25|21|28|12|35|10|26|32|33|23|24|14|17|16|29|19|9|5|18|34|15|1|27|4|8|7|6|11|13|30|
Best solution with GRASP: 3467 time: 14
 |17|16|7|8|23|14|29|13|18|31|25|21|32|12|11|4|3|24|35|15|27|2|6|20|1|10|34|28|26|9|22|33|5|30|19|

dataset-20
Best solution with GREEDY: 1610 time 0
 |1|18|15|20|3|7|16|9|11|19|2|6|8|14|17|10|5|4|13|12|
Best solution with GA: 3707 time: 2
 |12|7|13|8|14|6|4|11|5|10|20|19|9|2|1|15|16|18|3|17|
Best solution with GRASP: 3488 time: 4
 |12|1|3|15|16|5|8|13|14|4|18|7|20|10|2|11|19|6|9|17|

 example-10
 Initial fitness is 281
Best solution with GREEDY: 1030 time 0
 |1|8|6|9|3|10|4|7|5|2|
Best solution with GA: 1577 time: 0
 |4|10|9|3|2|5|7|1|6|8|
Best solution with GRASP: 1341 time: 1
 |1|7|5|4|3|8|6|2|10|9|

|
