# C:\Users\gielpa\PycharmProjects\Genetic-Algorithm\data-bak\a280.tsp\data
288.0 149.0 14304
288.0 129.0 23564
270.0 133.0 26984
256.0 141.0 19152
256.0 157.0 503
246.0 157.0 13116
236.0 169.0 23668
228.0 169.0 31385
228.0 161.0 37029
220.0 169.0 2773
212.0 169.0 34730
204.0 169.0 30645
196.0 169.0 37216
188.0 169.0 18271
196.0 161.0 36276
188.0 145.0 4639
172.0 145.0 34103
164.0 145.0 23807
156.0 145.0 14772
148.0 145.0 34554
140.0 145.0 18622
148.0 169.0 41404
164.0 169.0 19461
172.0 169.0 7616
156.0 169.0 27661
140.0 169.0 34645
132.0 169.0 27945
124.0 169.0 1668
116.0 161.0 19546
104.0 153.0 29868
104.0 161.0 566
104.0 169.0 18899
90.0 165.0 4270
80.0 157.0 4944
64.0 157.0 32866
64.0 165.0 4346
56.0 169.0 15062
56.0 161.0 26143
56.0 153.0 36326
56.0 145.0 19681
56.0 137.0 22048
56.0 129.0 33873
56.0 121.0 24748
40.0 121.0 19665
40.0 129.0 10188
40.0 137.0 20681
40.0 145.0 21804
40.0 153.0 33495
40.0 161.0 15942
40.0 169.0 10166
32.0 169.0 26901
32.0 161.0 33429
32.0 153.0 17143
32.0 145.0 41892
32.0 137.0 9631
32.0 129.0 8878
32.0 121.0 11691
32.0 113.0 17728
40.0 113.0 16045
56.0 113.0 24787
56.0 105.0 14219
48.0 99.0 29630
40.0 99.0 15128
32.0 97.0 14574
32.0 89.0 5853
24.0 89.0 11074
16.0 97.0 20222
16.0 109.0 19624
8.0 109.0 3215
8.0 97.0 10288
8.0 89.0 39103
8.0 81.0 36843
8.0 73.0 17842
8.0 65.0 28412
8.0 57.0 109
16.0 57.0 38894
8.0 49.0 1693
8.0 41.0 7000
24.0 45.0 29952
32.0 41.0 32438
32.0 49.0 27398
32.0 57.0 12787
32.0 65.0 21252
32.0 73.0 28126
32.0 81.0 21403
40.0 83.0 29264
40.0 73.0 42158
40.0 63.0 40095
40.0 51.0 24073
44.0 43.0 9515
44.0 35.0 22863
44.0 27.0 35766
32.0 25.0 28839
24.0 25.0 24285
16.0 25.0 28217
16.0 17.0 36025
24.0 17.0 22650
32.0 17.0 21620
44.0 11.0 7311
56.0 9.0 13569
56.0 17.0 26267
56.0 25.0 4812
56.0 33.0 10475
56.0 41.0 112
64.0 41.0 15770
72.0 41.0 14253
72.0 49.0 14180
56.0 49.0 35008
48.0 51.0 37498
56.0 57.0 15078
56.0 65.0 41068
48.0 63.0 36001
48.0 73.0 15243
56.0 73.0 2803
56.0 81.0 376
48.0 83.0 12870
56.0 89.0 19427
56.0 97.0 32718
104.0 97.0 17446
104.0 105.0 27961
104.0 113.0 25444
104.0 121.0 18797
104.0 129.0 26328
104.0 137.0 743
104.0 145.0 40123
116.0 145.0 24612
124.0 145.0 9291
132.0 145.0 12295
132.0 137.0 18227
140.0 137.0 21757
148.0 137.0 8900
156.0 137.0 37697
164.0 137.0 39952
172.0 125.0 14150
172.0 117.0 974
172.0 109.0 8676
172.0 101.0 8276
172.0 93.0 30870
172.0 85.0 25766
180.0 85.0 3620
180.0 77.0 20818
180.0 69.0 25398
180.0 61.0 38597
180.0 53.0 14496
172.0 53.0 41974
172.0 61.0 13251
172.0 69.0 40288
172.0 77.0 24908
164.0 81.0 23478
148.0 85.0 9708
124.0 85.0 9788
124.0 93.0 16167
124.0 109.0 5672
124.0 125.0 17161
124.0 117.0 33352
124.0 101.0 33751
104.0 89.0 36908
104.0 81.0 7279
104.0 73.0 6234
104.0 65.0 17439
104.0 49.0 26291
104.0 41.0 4333
104.0 33.0 3761
104.0 25.0 36214
104.0 17.0 26612
92.0 9.0 21492
80.0 9.0 1435
72.0 9.0 14550
64.0 21.0 23758
72.0 25.0 4195
80.0 25.0 29258
80.0 25.0 41679
80.0 41.0 41122
88.0 49.0 39612
104.0 57.0 5470
124.0 69.0 15117
124.0 77.0 7338
132.0 81.0 23882
140.0 65.0 3678
132.0 61.0 22944
124.0 61.0 5887
124.0 53.0 15280
124.0 45.0 20848
124.0 37.0 31658
124.0 29.0 16678
132.0 21.0 38396
124.0 21.0 35053
120.0 9.0 23387
128.0 9.0 6138
136.0 9.0 8166
148.0 9.0 9608
162.0 9.0 394
156.0 25.0 13349
172.0 21.0 27994
180.0 21.0 41040
180.0 29.0 6627
172.0 29.0 14960
172.0 37.0 34044
172.0 45.0 41645
180.0 45.0 18009
180.0 37.0 6734
188.0 41.0 33432
196.0 49.0 11671
204.0 57.0 10642
212.0 65.0 9677
220.0 73.0 8442
228.0 69.0 31820
228.0 77.0 23495
236.0 77.0 2693
236.0 69.0 8328
236.0 61.0 30732
228.0 61.0 24913
228.0 53.0 34716
236.0 53.0 10712
236.0 45.0 32913
228.0 45.0 14584
228.0 37.0 18565
236.0 37.0 33740
236.0 29.0 35137
228.0 29.0 37598
228.0 21.0 19537
236.0 21.0 31058
252.0 21.0 221
260.0 29.0 26578
260.0 37.0 41376
260.0 45.0 20540
260.0 53.0 19970
260.0 61.0 39065
260.0 69.0 38490
260.0 77.0 10457
276.0 77.0 9861
276.0 69.0 13416
276.0 61.0 25944
276.0 53.0 39869
284.0 53.0 16020
284.0 61.0 5261
284.0 69.0 32533
284.0 77.0 15469
284.0 85.0 11506
284.0 93.0 14931
284.0 101.0 14926
288.0 109.0 30092
280.0 109.0 7436
276.0 101.0 40546
276.0 93.0 21059
276.0 85.0 21547
268.0 97.0 37905
260.0 109.0 2702
252.0 101.0 2029
260.0 93.0 37881
260.0 85.0 27024
236.0 85.0 26353
228.0 85.0 36909
228.0 93.0 11829
236.0 93.0 4064
236.0 101.0 4680
228.0 101.0 32005
228.0 109.0 5015
228.0 117.0 253
228.0 125.0 22208
220.0 125.0 40871
212.0 117.0 31989
204.0 109.0 41326
196.0 101.0 9749
188.0 93.0 28020
180.0 93.0 17711
180.0 101.0 9396
180.0 109.0 40744
180.0 117.0 24376
180.0 125.0 14690
196.0 145.0 33164
204.0 145.0 12515
212.0 145.0 10286
220.0 145.0 3601
228.0 145.0 3992
236.0 145.0 14349
246.0 141.0 11339
252.0 125.0 40049
260.0 129.0 38164
280.0 133.0 219
