# C:\Users\gielpa\PycharmProjects\Genetic-Algorithm\data-bak\ali535.tsp\data
36.49 7.49 75083
57.06 9.51 19534
30.22 48.14 45241
5.15 -3.56 85049
34.59 -106.37 31117
57.12 -2.12 87809
16.45 -99.45 69474
5.36 -0.1 4018
28.56 -13.36 12182
8.59 38.48 6591
12.5 45.02 57631
-34.48 138.38 39052
30.23 -9.33 43183
56.18 12.51 60912
36.4 -4.3 46432
40.38 8.17 25416
35.11 -3.5 66730
41.55 8.48 18620
-37.01 174.47 6320
38.17 -0.34 46165
36.42 3.13 22019
36.11 37.14 38750
35.14 -101.42 20275
31.58 35.59 63542
52.18 4.46 52983
61.1 -149.59 32952
39.57 32.41 36238
51.11 4.28 2107
17.08 -61.47 46675
43.37 13.22 17989
29.38 35.01 16628
59.39 17.55 12655
15.18 38.55 32721
-25.14 -57.31 45787
23.58 32.47 44184
37.54 23.44 65189
33.46 -84.31 71126
12.3 -70.01 76653
24.26 54.28 47813
36.55 30.48 3946
26.16 50.38 16873
40.29 50.01 52505
39.11 -76.4 11769
10.48 -74.52 58361
-16.11 -52.3 45029
10.25 45.01 57970
41.18 2.05 88122
32.22 -64.42 78855
41.56 -72.41 88838
40.39 17.57 84898
44.49 20.19 67367
9.21 34.31 17170
32.06 20.16 38303
52.29 13.24 88920
48.27 -4.25 57850
-19.48 3.45 24418
33.49 35.29 72309
54.39 -6.14 39174
35.48 -101.22 85303
4.24 18.31 76327
13.04 -59.3 17061
60.17 5.13 74745
44.48 -68.5 88383
33.14 44.14 67838
45.4 9.24 33841
33.34 -86.45 18985
52.27 -1.45 32702
42.33 9.29 50489
45.48 -108.37 16040
43.28 -1.32 40209
13.21 -16.4 45710
-3.19 29.19 34502
13.55 100.36 50099
12.38 -8.02 19426
55.44 9.09 33555
44.32 11.18 9801
12.57 77.4 69494
-15.41 34.58 40039
27.13 56.22 79265
-27.25 153.05 53852
44.5 -0.43 9830
4.42 -74.09 70276
50.47 -1.51 83738
19.05 72.52 71964
67.16 14.22 75062
42.22 -71.0 330
53.03 8.48 80092
41.08 16.47 56024
46.55 7.3 2886
51.31 -2.35 58645
50.54 4.29 47908
-15.52 -47.55 530
47.35 7.32 60828
48.1 16.13 38064
47.27 19.15 66502
-34.49 -58.32 27960
42.55 -78.38 27994
44.3 26.06 27607
49.27 2.07 1613
-4.15 15.15 47669
39.15 9.04 53379
30.08 31.24 21679
23.11 113.16 40741
33.33 -7.4 64688
-11.54 22.45 11306
4.49 -52.22 49875
52.13 0.11 81534
-35.19 149.12 7828
10.36 -66.59 60854
22.39 88.27 12014
52.5 -1.19 79122
49.01 2.33 56592
43.33 6.57 83796
45.4 -0.19 32955
39.37 19.55 30897
50.52 7.09 82467
41.59 -87.54 88463
41.48 12.36 54749
9.34 -13.37 22675
41.25 -81.51 20010
3.26 -76.25 12283
42.31 8.48 47681
-28.02 145.37 55519
7.11 79.53 34585
40.04 -83.04 56940
33.22 -7.35 66000
48.07 7.22 481
44.22 28.29 79615
45.4 -0.19 67684
6.21 2.23 59651
55.37 12.39 69023
-33.58 18.36 21486
37.28 15.04 70948
10.27 -75.31 65480
-26.25 146.14 63038
39.0 17.05 58107
12.12 -68.57 49012
39.09 -84.2 23161
39.03 -84.2 89575
51.24 -3.12 8898
29.11 -81.03 72189
23.46 90.23 11656
14.45 42.59 10710
32.5 -96.51 87216
33.25 36.31 88971
-6.53 39.12 55841
42.34 18.16 8507
-29.58 30.57 59084
38.51 -77.02 56039
28.34 77.07 70349
39.46 -104.53 86786
32.46 -96.24 16564
26.16 50.1 58804
47.16 5.05 85753
33.52 10.47 45578
14.45 -17.3 54891
4.01 9.43 73151
19.08 30.26 74430
25.16 51.34 28543
49.22 0.1 28002
-8.45 115.1 80324
51.08 13.46 6230
-12.25 130.52 28787
42.14 -83.32 21221
42.13 -83.21 69776
53.26 -6.15 64859
51.17 6.45 87641
25.15 55.2 27288
0.03 32.26 37946
45.32 4.18 31315
55.57 -3.22 2649
51.27 5.23 10255
31.48 -106.16 49523
52.5 -1.19 62593
48.19 6.04 8138
40.07 33.0 36306
40.09 82.4 43802
40.42 -74.1 28889
50.44 -3.25 12326
-34.49 -58.32 86068
64.49 -147.51 32103
37.01 -7.58 44201
-11.35 27.31 16989
59.54 10.37 75856
41.49 12.15 40092
14.35 -61.0 51712
33.56 45.8 64560
-4.23 15.26 46751
43.49 11.12 90199
8.37 -13.12 8754
41.26 15.32 11437
50.02 8.34 17136
44.12 12.04 57514
-21.13 27.29 34793
28.27 -13.52 54608
53.29 -1.0 226
-19.27 29.52 53983
54.23 18.28 58452
60.12 11.05 78993
24.57 10.1 33154
-22.5 -43.15 52442
55.52 -4.26 67873
45.22 5.2 17751
7.09 41.43 29216
44.25 8.5 11736
57.4 18.18 62780
41.54 2.46 16477
37.11 -3.47 60171
47.0 15.26 56697
51.09 -0.11 40287
14.34 -90.32 24731
46.14 6.07 79845
-2.09 -79.53 56864
52.28 9.42 79098
53.38 10.0 89079
60.19 24.58 75793
35.2 25.11 64009
30.2 120.51 81130
22.19 114.12 3752
31.4 6.09 30328
35.33 139.46 29570
21.2 -157.55 2543
29.59 -95.28 54009
38.57 -77.27 43308
43.06 -78.57 11791
38.52 1.22 84378
47.34 -97.27 35796
50.21 30.55 71203
-25.44 -54.28 41707
39.44 -86.17 22191
40.59 28.49 2380
38.17 27.1 67812
21.3 39.12 6911
49.13 -2.12 45138
40.38 -73.46 19497
11.33 43.1 10239
-6.09 106.51 52982
-26.08 28.15 7595
-3.22 36.38 73686
45.28 -73.44 61168
12.03 8.31 70605
34.34 69.12 56637
63.59 -22.37 22013
-1.58 30.08 54690
22.34 120.17 54985
24.54 67.09 51023
-6.18 155.43 10142
17.56 -76.48 74696
50.05 19.47 16309
15.36 32.33 62811
27.42 85.22 20392
3.08 101.33 57906
29.13 47.58 45023
-8.51 13.14 10912
10.36 -66.59 40038
36.04 -115.09 88113
33.56 -118.24 18523
53.52 -1.39 80042
48.58 2.27 24633
0.27 9.25 58076
34.52 33.38 70570
43.11 0.0 87875
59.49 30.17 739
36.51 -2.22 79133
51.24 12.25 71963
51.25 12.14 10040
6.1 1.15 27974
40.46 -73.52 34361
33.57 -118.24 70700
50.38 5.27 75223
51.09 -0.11 83660
51.28 -0.27 29708
50.34 3.05 35882
-12.01 -77.07 68770
45.27 9.16 15308
38.46 -9.08 62890
46.13 14.28 29439
35.3 12.37 34886
48.14 14.11 82865
51.28 -0.27 81300
6.35 3.2 29344
27.56 -15.23 29985
-16.3 -68.11 45206
53.21 -2.53 40259
6.1 1.15 57727
51.53 -0.22 70679
-25.55 32.34 47026
-15.2 28.27 76482
4.27 114.0 53951
49.37 6.12 35524
-17.49 25.49 39412
25.41 32.43 38505
45.44 4.56 16784
13.0 80.11 2859
40.29 -3.34 30676
31.52 -4.13 49124
53.21 -2.16 58369
-3.04 -60.0 81470
10.34 -71.44 90082
-4.02 39.36 71803
46.22 15.47 85214
39.18 -94.44 48993
28.32 -81.2 83801
23.36 58.17 48200
44.25 8.5 87668
-37.44 144.54 64600
24.31 39.42 72613
-37.41 144.51 81153
19.26 -99.04 72607
12.07 -86.11 64852
2.01 45.19 45339
25.48 -80.17 44845
20.56 -89.41 73420
45.27 9.16 71446
35.45 10.45 35381
39.07 -94.36 46468
35.52 14.29 55874
4.11 73.32 10078
47.45 7.26 15978
55.33 13.22 146
54.31 -1.25 73282
14.31 121.01 9323
55.58 37.25 1365
43.35 3.58 29590
-25.55 32.34 5324
-8.58 125.13 45071
43.26 5.13 54584
-20.26 57.41 29697
51.21 1.21 75306
44.53 -93.13 4630
53.52 27.33 78160
50.55 5.47 4929
29.59 -90.16 25493
-26.31 31.19 44132
48.08 11.42 3850
-34.5 -56.02 32073
45.38 8.43 30152
49.05 6.08 66716
-17.45 177.27 1234
40.53 14.18 58060
25.02 -77.28 30385
-1.19 36.56 4843
43.4 7.13 48977
55.02 -1.41 49808
45.56 6.06 28232
12.08 15.02 51616
32.56 129.56 10455
35.09 36.17 40486
13.29 2.1 15496
18.06 -15.57 74038
-13.0 28.39 39070
58.35 16.15 61288
35.45 140.23 68590
47.09 -1.36 86610
49.3 11.05 47400
52.41 1.17 58832
40.38 -73.46 45362
55.28 10.2 51932
46.26 30.41 86027
26.21 127.46 25907
35.26 -97.46 81161
40.54 9.31 5233
41.07 -95.55 6377
41.14 -8.41 12450
41.59 -87.54 4122
51.5 -8.29 70075
28.26 -81.19 82683
35.38 -0.37 2701
48.43 2.23 41269
34.47 135.27 46393
60.12 11.05 4394
51.12 2.52 51669
44.34 26.06 19640
12.21 -1.31 40205
43.26 -5.5 19032
18.34 -72.17 17832
48.43 2.23 13988
40.05 116.36 59128
-31.56 115.58 19549
4.52 7.02 78777
37.08 -76.3 45889
39.52 -75.15 4379
33.26 -112.01 78249
55.52 -4.26 20030
46.35 0.18 53007
40.3 -80.14 42027
-5.15 39.49 89313
39.33 2.44 67988
38.1 13.06 87176
11.33 104.51 9416
36.49 11.58 79542
-9.27 147.13 8416
10.36 -61.21 88712
9.05 -79.23 19058
50.06 14.16 75611
43.41 10.24 7940
42.26 14.11 63418
16.16 -61.32 19763
9.03 -79.24 42344
43.23 -0.25 50303
45.39 12.12 16358
31.37 -8.03 35238
34.03 -6.45 51530
-8.08 -34.55 86543
38.04 15.39 72739
64.08 -21.57 87638
16.54 96.09 60351
49.19 4.03 62892
36.23 28.07 52079
-29.43 -53.42 52551
-22.5 -43.15 60032
45.13 14.35 3352
44.01 12.37 89998
48.04 -1.44 39640
6.14 -10.22 5373
41.49 12.15 21456
14.1 145.15 65666
-32.55 -60.47 66430
51.57 4.26 15908
24.42 46.44 87497
33.37 73.06 19020
6.3 -58.15 81510
15.29 44.13 46578
13.42 -89.07 77994
32.44 -117.11 20502
-23.0 -47.08 51724
29.32 -98.28 27818
-17.56 31.06 68279
48.31 -24.8 34425
-33.23 -70.47 25209
42.54 -8.25 9801
33.14 44.14 34021
18.26 -69.4 17521
47.27 -122.18 9298
27.0 14.27 55935
37.33 126.48 84911
51.34 0.42 55793
-4.4 55.31 54572
37.37 -122.23 7739
31.12 121.2 50882
25.21 55.24 39329
16.45 -22.57 25584
1.21 103.54 25121
37.22 -121.56 40772
43.49 18.2 49144
9.58 -84.16 70088
9.59 -84.12 64788
18.26 -66.01 41608
40.31 22.58 8286
41.58 21.38 21792
40.53 -111.57 6394
36.58 -25.1 82049
52.42 -8.55 71403
42.42 23.24 77817
43.32 16.18 16485
-12.54 -38.2 31778
38.45 -90.22 64954
51.33 0.14 58697
59.39 17.55 10529
48.41 9.13 12652
38.54 16.15 66518
58.53 5.38 54700
55.58 37.25 15465
37.26 -5.54 35525
48.32 7.38 81077
52.22 13.3 32295
-33.56 151.1 61988
29.33 52.36 87182
47.48 13.0 42190
40.31 17.24 17460
41.19 69.24 2553
28.29 -16.2 82262
38.31 -28.43 58889
43.11 0.0 65725
28.29 -16.2 52499
14.02 -87.14 59879
52.29 13.24 86269
35.41 51.19 67375
41.2 19.47 31507
32.4 13.09 71508
43.37 1.23 55452
32.01 34.53 11048
22.49 5.27 22599
0.23 6.43 80248
35.43 -5.55 85610
-18.48 47.29 67832
33.56 8.06 87909
-24.42 -53.42 73285
25.04 121.33 41840
37.55 12.29 87701
51.23 -2.43 79756
45.12 7.39 37303
45.5 13.28 41323
45.39 12.12 70583
47.26 0.43 44388
36.18 -95.52 11076
36.51 10.14 15043
52.34 13.18 39890
35.33 139.46 3712
35.54 -83.53 35841
40.62 13.11 15364
-0.08 -78.29 17263
12.41 101.01 19201
13.45 -60.57 6831
44.55 4.58 66565
43.14 27.49 1332
45.3 12.21 39474
-23.0 -47.08 17350
48.07 16.33 56404
39.29 -0.29 35800
41.42 -4.51 70480
45.24 10.53 18672
38.57 -77.27 3402
52.1 20.58 74851
36.45 -6.04 53952
53.19 -113.35 81714
44.53 -63.31 72662
45.41 -74.02 18030
45.19 -75.4 76475
46.48 -71.24 2555
42.16 -82.58 31976
48.57 -54.34 2647
45.28 -73.44 49472
49.11 -123.1 76307
49.55 -97.14 35604
51.07 -114.01 42776
47.37 -52.45 40817
43.41 -79.38 68214
44.06 15.21 70027
45.45 16.04 8058
41.4 -1.03 89733
-6.13 39.13 83392
47.28 8.33 71640
51.33 0.14 82523
24.58 91.53 75496
