# C:\Users\gielpa\PycharmProjects\Genetic-Algorithm\data-bak\berlin52.tsp\data
565.0 575.0 852
25.0 185.0 34744
345.0 750.0 10639
945.0 685.0 19332
845.0 655.0 19028
880.0 660.0 36596
25.0 230.0 13321
525.0 1000.0 26146
580.0 1175.0 35182
650.0 1130.0 44202
1605.0 620.0 10783
1220.0 580.0 28080
1465.0 200.0 21635
1530.0 5.0 43664
845.0 680.0 4238
725.0 370.0 17137
145.0 665.0 40257
415.0 635.0 11054
510.0 875.0 36884
560.0 365.0 33364
300.0 465.0 34907
520.0 585.0 15801
480.0 415.0 15850
835.0 625.0 17840
975.0 580.0 35253
1215.0 245.0 39096
1320.0 315.0 35092
1250.0 400.0 12524
660.0 180.0 24906
410.0 250.0 16670
420.0 555.0 28136
575.0 665.0 26674
1150.0 1160.0 22788
700.0 580.0 10786
685.0 595.0 28769
685.0 610.0 6435
770.0 610.0 25248
795.0 645.0 15717
720.0 635.0 39388
760.0 650.0 7799
475.0 960.0 27177
95.0 260.0 42496
875.0 920.0 13695
700.0 500.0 20227
555.0 815.0 32564
830.0 485.0 20983
1170.0 65.0 34580
830.0 610.0 33865
605.0 625.0 39048
595.0 360.0 44484
1340.0 725.0 348
1740.0 245.0 41013
