# C:\Users\gielpa\PycharmProjects\Genetic-Algorithm\data-bak\bier127.tsp\data
9860.0 14152.0 750628
9396.0 14616.0 874046
11252.0 14848.0 746386
11020.0 13456.0 312295
9512.0 15776.0 32339
10788.0 13804.0 317211
10208.0 14384.0 316663
11600.0 13456.0 869964
11252.0 14036.0 411380
10672.0 15080.0 501357
11136.0 14152.0 572015
9860.0 13108.0 1079532
10092.0 14964.0 896546
9512.0 13340.0 677821
10556.0 13688.0 685605
9628.0 14036.0 860029
10904.0 13108.0 110106
11368.0 12644.0 297645
11252.0 13340.0 211239
10672.0 13340.0 362335
11020.0 13108.0 480854
11020.0 13340.0 946591
11136.0 13572.0 148831
11020.0 13688.0 364162
8468.0 11136.0 713434
8932.0 12064.0 1187038
9512.0 12412.0 842334
7772.0 11020.0 687809
8352.0 10672.0 323706
9164.0 12876.0 984639
9744.0 12528.0 1091882
8352.0 10324.0 1023012
8236.0 11020.0 634155
8468.0 12876.0 288237
8700.0 14036.0 305268
8932.0 13688.0 575915
9048.0 13804.0 277502
8468.0 12296.0 235849
8352.0 12644.0 354723
8236.0 13572.0 1095535
9164.0 13340.0 249996
8004.0 12760.0 1201687
8584.0 13108.0 933161
7772.0 14732.0 617246
7540.0 15080.0 109100
7424.0 17516.0 1169175
8352.0 17052.0 750493
7540.0 16820.0 369865
7888.0 17168.0 1091777
9744.0 15196.0 25506
9164.0 14964.0 276590
9744.0 16240.0 145676
7888.0 16936.0 795950
8236.0 15428.0 360313
9512.0 17400.0 880142
9164.0 16008.0 1140075
8700.0 15312.0 214712
11716.0 16008.0 1140248
12992.0 14964.0 725925
12412.0 14964.0 695238
12296.0 15312.0 1082993
12528.0 15196.0 548622
15312.0 6612.0 792468
11716.0 16124.0 684117
11600.0 19720.0 824058
10324.0 17516.0 49640
12412.0 13340.0 866231
12876.0 12180.0 1170752
13688.0 10904.0 1040652
13688.0 11716.0 644565
13688.0 12528.0 1118432
11484.0 13224.0 13129
12296.0 12760.0 694311
12064.0 12528.0 1031313
12644.0 10556.0 201699
11832.0 11252.0 763533
11368.0 12296.0 106715
11136.0 11020.0 1003342
10556.0 11948.0 332164
10324.0 11716.0 486625
11484.0 9512.0 804507
11484.0 7540.0 596857
11020.0 7424.0 336013
11484.0 9744.0 277888
16936.0 12180.0 225701
17052.0 12064.0 1071801
16936.0 11832.0 1166771
17052.0 11600.0 739045
13804.0 18792.0 15370
12064.0 14964.0 408967
12180.0 15544.0 1046060
14152.0 18908.0 796298
5104.0 14616.0 847335
6496.0 17168.0 45542
5684.0 13224.0 110618
15660.0 10788.0 601147
5336.0 10324.0 184017
812.0 6264.0 397478
14384.0 20184.0 617965
11252.0 15776.0 106608
9744.0 3132.0 802184
10904.0 3480.0 1155770
7308.0 14848.0 984082
16472.0 16472.0 87982
10440.0 14036.0 1044943
10672.0 13804.0 989540
1160.0 18560.0 610762
10788.0 13572.0 252806
15660.0 11368.0 597483
15544.0 12760.0 608524
5336.0 18908.0 1171596
6264.0 19140.0 1209060
11832.0 17516.0 507900
10672.0 14152.0 727498
10208.0 15196.0 1051611
12180.0 14848.0 406215
11020.0 10208.0 812873
7656.0 17052.0 676879
16240.0 8352.0 234057
10440.0 14732.0 365985
9164.0 15544.0 132739
8004.0 11020.0 174842
5684.0 11948.0 97005
9512.0 16472.0 725640
13688.0 17516.0 566700
11484.0 8468.0 208394
3248.0 14152.0 1162856
