# C:\Users\gielpa\PycharmProjects\Genetic-Algorithm\data-bak\ch150.tsp\data
37.4393516691 541.2090699418 9445
612.1759508571 494.3166877396 37849
38.1312338227 353.1484581781 61408
53.4418081065 131.484901365 13982
143.0606355347 631.7200953923 21289
689.9451267256 468.5354998742 8565
112.7478815786 529.417757826 31714
141.4875865042 504.818485571 36132
661.0513901702 445.9375182115 59970
98.7899036592 384.5926031158 25702
697.3881696597 180.3962284275 13963
536.4894189738 287.2279085051 21820
192.4067320507 20.439405931 23897
282.7865258765 229.8001556189 62738
240.8251726391 281.51414372 16283
246.9281323057 322.461332116 21876
649.7313216456 62.3331575282 47245
352.96585626 666.7873101942 4447
633.392367658 534.9398453712 62244
488.311799404 437.4869439948 38335
141.4039286509 228.4325551488 17106
17.3632612602 240.2407068508 26620
397.5586451389 231.3591208928 56729
565.7853781464 282.3858748974 38277
475.8975387047 468.5392706317 27269
322.4224566559 550.3165478233 23419
397.5586634023 74.7588387765 1822
672.8618339396 432.882640963 17962
571.2189680147 530.261699153 50205
104.6531165914 482.8224768783 57992
356.7098388794 67.6477131712 46038
400.4070255527 253.6794479997 14232
282.3036243109 426.8380500923 3266
58.7766988363 507.1712386832 12947
189.75062244 460.3815233617 30638
659.9124120147 226.6284156239 15558
639.0307636033 467.2302300719 46740
415.0258357432 233.3045376118 37866
547.2662016307 161.6589278401 40219
616.6547902644 339.3409309407 58754
494.8592427417 148.1217856389 42247
629.9980812186 433.4548164038 8137
471.101431241 314.2219307579 19267
138.2440514421 137.1679919735 4757
91.5847556724 110.0203007516 1190
390.6972811808 423.9774318385 14368
565.1617825137 429.1598152874 55709
54.5248980387 438.5515408431 56791
334.350832971 153.796923804 20081
531.0291024509 612.3874827889 22893
475.7345905802 385.7844618897 19408
228.8325218994 410.4461939615 55878
578.3805347586 321.3303494537 9496
358.9170574485 404.4670352898 14536
486.4648554867 593.0429937016 40813
343.169370767 509.3123571315 58726
530.3626972076 137.6881275684 47519
498.8065475299 576.2102674608 29934
224.31827155 312.4677490415 17474
595.836073259 81.8130051356 51721
661.5588724308 217.0456944477 14601
43.6892045516 305.4722789165 50152
79.465345253 445.9641737689 53871
210.4163247004 130.7151137038 34534
432.2642292251 629.4092661116 8282
623.2487161301 69.189285084 19902
436.5194739944 282.935645607 61959
59.4163265482 40.1280234442 49353
630.9230074073 230.342988813 21092
579.3265539688 601.0359410602 23028
117.862450748 112.9796833705 20407
297.7912565664 166.3131886803 37147
22.7642703744 455.5340094037 37827
259.7095810385 10.6199925885 43145
342.3579873647 599.3880182608 63166
10.0260950143 488.9310558282 34529
315.2926064118 273.2275475579 37675
220.7044919297 270.0819745721 20528
192.1186059948 314.1839922798 57596
271.5042718992 225.2921989972 22649
530.7320005441 504.0670155337 12099
42.5331441666 656.3645162886 50362
396.1274792588 539.4648066027 55210
118.6631474021 508.7129103929 12239
395.6913876595 699.5376048429 55809
559.0157105844 560.8866941411 46595
22.6471035906 526.2470392816 4937
135.6377085256 325.8409901555 48640
141.4507014379 485.2477927763 33305
396.7741299332 460.7557115283 20543
87.7494562765 19.6170129082 16122
350.4245639661 420.6531186835 39664
216.7010817133 466.4816410995 58366
130.9237737024 351.1491733079 54432
72.6329856671 645.7852219213 50941
144.6002949996 457.4224283926 62911
212.3725077442 594.9216893413 36006
49.9186786455 541.4350825349 19118
656.6943525585 558.1109593509 37590
176.5941623792 648.5239953299 38748
500.3825200226 198.7428378322 55394
634.317867842 612.8291643194 48169
59.7537372726 551.6321886765 18306
15.2145765106 143.0441928532 17410
283.0054378872 376.4439530184 61809
146.5389000907 39.4231794338 38782
101.8685605377 635.098685018 53009
588.1968537448 580.5946976921 3975
457.2628632528 350.0164047376 265
537.4663680494 472.5842276692 30709
269.3669098585 367.4763636538 9181
239.9045383695 102.629765339 3470
88.4677500396 384.0507209275 49631
658.9133693395 583.9575181023 23074
97.7359146347 157.4558657632 37252
506.6191384007 233.0022156094 30939
500.2566898239 64.9136393489 6585
594.4048565021 275.874186899 29052
66.230814661 24.1317387604 49066
598.4162993909 414.5557574275 19052
172.308833083 344.3963466366 13211
299.48128518 251.829512132 43051
303.8379894831 21.052606379 34190
197.896926984 512.388896098 21330
56.0199567669 243.0663818382 54441
255.5566183121 448.8651882442 1589
608.4256112402 222.5421309272 33034
70.2722703273 77.9227026433 53350
398.2298999899 119.557657386 1237
635.4970237093 133.3225902609 26749
378.3484559418 272.2907677147 36333
484.8029663388 677.0730379436 53182
278.8710882619 299.9308770828 53857
381.6537300653 360.3337602785 37454
557.6070707573 595.3185092281 55228
249.0589749342 76.6595112599 46458
562.9048787838 670.0382113114 29938
398.550436558 392.6493259144 40132
590.893972056 370.7414913742 2877
558.2008003726 0.4198814512 53566
461.4114714423 530.5254969413 34931
354.7242881504 685.40453619 34862
193.6611295657 669.7432521028 16749
352.3140807211 140.3273323662 37584
308.434570974 115.2054269847 47155
299.588137008 530.588961902 13752
334.2748764383 152.1494569394 33697
690.9658585947 134.5793307203 24904
48.0798124069 270.968067372 9453
91.6467647724 166.3541158474 28387
