# C:\Users\gielpa\PycharmProjects\Genetic-Algorithm\data-bak\d1291.tsp\data
0.0 0.0 922215
837.0 958.3 125760
862.4 958.3 440960
887.8 958.3 1033113
913.2 958.3 2084941
938.6 958.3 182127
964.0 958.3 1196315
989.4 958.3 1268426
1014.8 958.3 2134915
1040.2 958.3 75718
1065.6 958.3 979271
1091.0 958.3 2546139
1116.4 958.3 3161211
1141.8 958.3 1300721
1167.2 958.3 2582366
1167.2 1110.7 1966241
1141.8 1110.7 928182
1116.4 1110.7 3111170
1091.0 1110.7 570053
1065.6 1110.7 3038960
1040.2 1110.7 912170
1014.8 1110.7 2634372
989.4 1110.7 1059880
964.0 1110.7 2464382
938.6 1110.7 2466371
913.2 1110.7 226527
887.8 1110.7 1938438
862.4 1110.7 2303072
837.0 1110.7 2651128
837.0 1186.9 1054604
862.4 1186.9 2677020
887.8 1186.9 286179
913.2 1186.9 2950795
938.6 1186.9 2112147
964.0 1186.9 1154848
989.4 1186.9 2622044
1014.8 1186.9 915294
1040.2 1186.9 2432362
1065.6 1186.9 1142240
1091.0 1186.9 2815268
1116.4 1186.9 111745
1141.8 1186.9 712318
1167.2 1186.9 1764036
1167.2 1339.3 2317033
1141.8 1339.3 2685352
1116.4 1339.3 642730
1091.0 1339.3 1660678
1065.6 1339.3 1595884
1040.2 1339.3 1984557
1014.8 1339.3 3088178
989.4 1339.3 135496
964.0 1339.3 2523752
938.6 1339.3 1502883
913.2 1339.3 2469972
887.8 1339.3 2550882
862.4 1339.3 844056
837.0 1339.3 2095785
837.0 1415.5 1817392
862.4 1415.5 1919095
887.8 1415.5 1375585
913.2 1415.5 577455
938.6 1415.5 1420515
964.0 1415.5 140302
989.4 1415.5 612129
1014.8 1415.5 1163496
1040.2 1415.5 2021895
1065.6 1415.5 2350595
1091.0 1415.5 1606022
1116.4 1415.5 1448271
1141.8 1415.5 3115171
1167.2 1415.5 3135415
1167.2 1567.9 2299915
1141.8 1567.9 1037755
1116.4 1567.9 2124931
1091.0 1567.9 2050881
1065.6 1567.9 1362636
1040.2 1567.9 478831
1014.8 1567.9 1950873
989.4 1567.9 703391
964.0 1567.9 1999041
938.6 1567.9 2929527
913.2 1567.9 1434778
887.8 1567.9 1290261
862.4 1567.9 1879213
837.0 1567.9 631833
837.0 1644.1 618204
862.4 1644.1 783765
887.8 1644.1 2153155
913.2 1644.1 2190845
938.6 1644.1 1361118
964.0 1644.1 1087429
989.4 1644.1 408839
1014.8 1644.1 2648524
1040.2 1644.1 143736
1065.6 1644.1 2439925
1091.0 1644.1 1724756
1116.4 1644.1 1206534
1141.8 1644.1 2051398
1167.2 1644.1 980267
1167.2 1796.5 1330779
1141.8 1796.5 1177757
1116.4 1796.5 2753543
1091.0 1796.5 2028911
1065.6 1796.5 1520906
1040.2 1796.5 1382923
1014.8 1796.5 18278
989.4 1796.5 2534839
964.0 1796.5 1688366
938.6 1796.5 2963703
913.2 1796.5 1332250
887.8 1796.5 1858735
862.4 1796.5 2857114
837.0 1796.5 2905818
837.0 1898.1 772619
862.4 1898.1 159019
887.8 1898.1 2286786
913.2 1898.1 1051048
938.6 1898.1 602081
964.0 1898.1 2669082
989.4 1898.1 2211484
1014.8 1898.1 2874494
1040.2 1898.1 2603366
1065.6 1898.1 2980154
1091.0 1898.1 145678
1116.4 1898.1 1297644
1141.8 1898.1 1781627
1167.2 1898.1 1427021
1167.2 2050.5 2384668
1141.8 2050.5 2953619
1116.4 2050.5 267548
1091.0 2050.5 412053
1065.6 2050.5 450504
1040.2 2050.5 1303580
1014.8 2050.5 18807
989.4 2050.5 1364263
964.0 2050.5 2318770
938.6 2050.5 1323122
913.2 2050.5 3135038
887.8 2050.5 714464
862.4 2050.5 2797968
837.0 2050.5 3050577
837.0 2126.7 2996550
862.4 2126.7 1694873
887.8 2126.7 976657
913.2 2126.7 1809485
938.6 2126.7 345599
964.0 2126.7 2787694
989.4 2126.7 1279003
1014.8 2126.7 2738936
1040.2 2126.7 310826
1065.6 2126.7 1736513
1091.0 2126.7 2380597
1116.4 2126.7 1136720
1141.8 2126.7 3094532
1167.2 2126.7 671188
1167.2 2279.1 380880
1141.8 2279.1 1867366
1116.4 2279.1 405449
1091.0 2279.1 1068152
1065.6 2279.1 1490298
1040.2 2279.1 598909
1014.8 2279.1 2492760
989.4 2279.1 421282
964.0 2279.1 503857
938.6 2279.1 1535128
913.2 2279.1 1469874
887.8 2279.1 2887546
862.4 2279.1 122467
837.0 2279.1 3001405
837.0 2355.3 500948
862.4 2355.3 2099438
887.8 2355.3 1022147
913.2 2355.3 727850
938.6 2355.3 1735443
964.0 2355.3 1676132
989.4 2355.3 1714861
1014.8 2355.3 1209060
1040.2 2355.3 2056020
1065.6 2355.3 2150764
1091.0 2355.3 2976966
1116.4 2355.3 763328
1141.8 2355.3 2177177
1167.2 2355.3 1039610
1167.2 2507.7 2275757
1141.8 2507.7 854205
1116.4 2507.7 2273095
1091.0 2507.7 2701007
1065.6 2507.7 1615734
1040.2 2507.7 2374441
1014.8 2507.7 2026955
989.4 2507.7 2363753
964.0 2507.7 908089
938.6 2507.7 744312
913.2 2507.7 970317
887.8 2507.7 1160786
862.4 2507.7 1350742
837.0 2507.7 1937847
837.0 2583.9 1205784
862.4 2583.9 1362841
887.8 2583.9 1381135
913.2 2583.9 1214240
938.6 2583.9 1159566
964.0 2583.9 1616817
989.4 2583.9 3027629
1014.8 2583.9 979223
1040.2 2583.9 2634495
1065.6 2583.9 1489853
1091.0 2583.9 1741467
1116.4 2583.9 1742905
1141.8 2583.9 337829
1167.2 2583.9 332078
1243.4 2583.9 3100846
1167.2 2736.3 2814919
1141.8 2736.3 1039408
1116.4 2736.3 2797827
1091.0 2736.3 3088406
1065.6 2736.3 926856
1040.2 2736.3 478618
1014.8 2736.3 1636796
989.4 2736.3 497371
964.0 2736.3 171276
938.6 2736.3 1896149
913.2 2736.3 1629336
887.8 2736.3 110754
862.4 2736.3 567325
837.0 2736.3 134866
964.0 2888.7 2363570
1040.2 2888.7 1885722
1141.8 2888.7 1843842
1218.0 2888.7 1718608
1218.0 2914.1 2050314
1141.8 2914.1 2478904
1040.2 2914.1 2059464
964.0 2914.1 1706720
913.2 2914.1 2728899
964.0 2939.5 1791653
1040.2 2939.5 1362095
1141.8 2939.5 2084295
1218.0 2939.5 840976
1218.0 2964.9 384690
1141.8 2964.9 1972640
1040.2 2964.9 1895212
964.0 2964.9 2198490
913.2 2964.9 758510
964.0 2990.3 756148
1040.2 2990.3 224098
1141.8 2990.3 829020
1218.0 2990.3 2683639
1218.0 3015.7 1104052
1141.8 3015.7 3047175
1040.2 3015.7 1118985
964.0 3015.7 2735380
964.0 3041.1 1280395
1040.2 3041.1 2439348
1141.8 3041.1 754147
1218.0 3041.1 165402
1218.0 3066.5 441415
1141.8 3066.5 3084155
1040.2 3066.5 546764
964.0 3066.5 392318
1298.7 874.5 1326510
1323.7 874.5 2181073
1348.7 874.5 2661175
1373.7 874.5 598016
1398.7 874.5 2115307
1423.7 874.5 1920025
1448.7 874.5 2804466
1473.7 874.5 443867
1498.7 874.5 557555
1523.7 874.5 1425363
1548.7 874.5 100589
1573.7 874.5 3079228
1598.7 874.5 1673199
1623.7 874.5 3147534
1648.7 874.5 748090
1673.7 874.5 571057
1698.7 874.5 248487
1723.7 874.5 340253
1748.7 874.5 1323009
1773.7 874.5 4996
1798.7 874.5 2627405
1823.7 874.5 264880
1848.7 874.5 2707477
1873.7 874.5 3092296
1898.7 874.5 1149712
1923.7 874.5 1717498
1948.7 874.5 1765297
1973.7 874.5 2478947
1998.7 874.5 469725
2023.7 874.5 1011468
2048.7 874.5 2479875
2073.7 874.5 959446
2098.7 874.5 2404013
2123.7 874.5 3091602
2148.7 874.5 1479314
2173.7 874.5 1086756
2198.7 874.5 2577760
2248.7 874.5 630106
1298.7 899.5 591485
1348.7 899.5 1050640
1398.7 899.5 2828164
1448.7 899.5 493553
1498.7 899.5 2871420
1548.7 899.5 327020
1598.7 899.5 173866
1648.7 899.5 1105332
1698.7 899.5 149480
1748.7 899.5 2904392
1798.7 899.5 443042
1848.7 899.5 2029630
1898.7 899.5 8632
1948.7 899.5 2720216
1998.7 899.5 3052918
2048.7 899.5 215653
2098.7 899.5 2294427
2148.7 899.5 277007
2198.7 899.5 276971
2248.7 899.5 1244168
2298.7 899.5 2973485
2348.7 899.5 1077169
2398.7 899.5 848382
2448.7 899.5 1976238
2498.7 899.5 1011210
2548.7 899.5 582087
2598.7 899.5 1047146
2648.7 899.5 748736
2698.7 899.5 585669
2748.7 899.5 443008
2798.7 899.5 3079234
2848.7 899.5 1237350
2898.7 899.5 1348881
2948.7 899.5 1621937
2998.7 899.5 2205710
3048.7 899.5 1202491
3098.7 899.5 534708
3148.7 899.5 1607916
3198.7 899.5 2476398
3248.7 899.5 3072803
3298.7 899.5 1095266
3348.7 899.5 2945845
3398.7 899.5 1471178
3448.7 899.5 1263808
3423.7 924.5 1381747
3373.7 924.5 829116
3323.7 924.5 1423737
3273.7 924.5 664051
3223.7 924.5 1640029
3173.7 924.5 2966487
3123.7 924.5 2445685
3073.7 924.5 2706465
3023.7 924.5 2869783
2973.7 924.5 2385149
2923.7 924.5 509716
2873.7 924.5 829500
2823.7 924.5 268603
2773.7 924.5 538186
2723.7 924.5 587139
2673.7 924.5 678151
2623.7 924.5 217138
2573.7 924.5 3044935
2448.7 924.5 2734849
2398.7 924.5 1930971
2348.7 924.5 1923934
2298.7 924.5 2233356
2173.7 924.5 2276031
2123.7 924.5 2716415
2073.7 924.5 156658
2023.7 924.5 3064688
1973.7 924.5 453611
1923.7 924.5 1809783
1873.7 924.5 928671
1823.7 924.5 2209691
1773.7 924.5 2170847
1723.7 924.5 663497
1673.7 924.5 2833523
1623.7 924.5 1900056
1573.7 924.5 2567206
1523.7 924.5 1334887
1473.7 924.5 27662
1423.7 924.5 2778097
1373.7 924.5 555044
1323.7 924.5 240947
2298.7 949.5 263201
2348.7 949.5 2595686
2398.7 949.5 1718969
2448.7 949.5 2414063
2678.5 996.4 2571116
2202.2 996.4 1808908
1522.8 1085.3 1281456
1395.8 1110.7 170870
1472.0 1110.7 1456604
1573.6 1110.7 416740
1649.8 1110.7 1336739
2107.0 1110.7 255626
2183.2 1110.7 249973
2284.8 1110.7 2938404
2361.0 1110.7 2824977
2361.0 1136.1 1905851
2284.8 1136.1 1545360
2183.2 1136.1 2575470
2107.0 1136.1 2334374
2005.4 1136.1 905761
1929.2 1136.1 190651
1827.6 1136.1 3015813
1751.4 1136.1 1800459
1649.8 1136.1 2538405
1573.6 1136.1 370289
1522.8 1136.1 81853
1472.0 1136.1 962406
1395.8 1136.1 3063241
1395.8 1161.5 1803796
1472.0 1161.5 3099036
1573.6 1161.5 2652738
1649.8 1161.5 1029548
1751.4 1161.5 957941
1827.6 1161.5 2095007
1929.2 1161.5 757599
2005.4 1161.5 2191109
2107.0 1161.5 2282409
2183.2 1161.5 973874
2284.8 1161.5 2082585
2361.0 1161.5 2028029
2869.0 1186.9 1430579
2818.2 1186.9 384806
2767.4 1186.9 1689900
2716.6 1186.9 1827950
2361.0 1186.9 308240
2284.8 1186.9 942574
2183.2 1186.9 1333395
2107.0 1186.9 1906056
2005.4 1186.9 1204827
1929.2 1186.9 699408
1827.6 1186.9 1833241
1751.4 1186.9 1624200
1649.8 1186.9 229874
1573.6 1186.9 3082993
1472.0 1186.9 2183080
1395.8 1186.9 2790326
1395.8 1212.3 1962441
1472.0 1212.3 2125397
1573.6 1212.3 206112
1649.8 1212.3 448679
1751.4 1212.3 3009842
1827.6 1212.3 535579
1929.2 1212.3 2467892
2005.4 1212.3 2469233
2107.0 1212.3 1360790
2183.2 1212.3 2368473
2284.8 1212.3 867704
2361.0 1212.3 680133
2361.0 1237.7 1935573
2284.8 1237.7 1285630
2183.2 1237.7 390014
2107.0 1237.7 2395591
2005.4 1237.7 1370356
1929.2 1237.7 1153777
1827.6 1237.7 558217
1751.4 1237.7 2260452
1649.8 1237.7 3101181
1573.6 1237.7 3103256
1472.0 1237.7 646062
1395.8 1237.7 1430464
1395.8 1263.1 1705813
1472.0 1263.1 2486281
1573.6 1263.1 349711
1649.8 1263.1 257589
1751.4 1263.1 1470024
1827.6 1263.1 349990
1929.2 1263.1 2425433
2005.4 1263.1 1446962
2107.0 1263.1 1307433
2183.2 1263.1 799582
2284.8 1263.1 3116644
2361.0 1263.1 1841217
2437.2 1263.1 1057668
2513.4 1263.1 379623
2361.0 1288.5 1392716
2284.8 1288.5 108323
2183.2 1288.5 1502505
2107.0 1288.5 2889374
2005.4 1288.5 2454894
1929.2 1288.5 1513901
1827.6 1288.5 1331316
1751.4 1288.5 1866973
1649.8 1288.5 1140521
1573.6 1288.5 2782508
1472.0 1288.5 1865247
1395.8 1288.5 977201
2437.2 1313.9 2763778
2513.4 1313.9 1712040
2742.0 1313.9 1872339
2767.4 1313.9 2804305
2843.6 1313.9 226401
2869.0 1313.9 646861
2869.0 1364.7 1490271
2818.2 1364.7 1419241
2767.4 1364.7 183309
2716.6 1364.7 788221
1853.0 1364.7 3089283
1751.4 1364.7 988828
1853.0 1390.1 344630
1751.4 1390.1 1189407
1649.8 1390.1 1408711
1573.6 1390.1 1845334
1472.0 1390.1 2832906
1395.8 1390.1 2329987
1395.8 1415.5 2644153
1472.0 1415.5 2224128
1573.6 1415.5 2804663
1649.8 1415.5 1258992
1751.4 1415.5 2067794
1853.0 1415.5 1092300
1929.2 1415.5 2544780
2005.4 1415.5 944913
2107.0 1415.5 1441346
2183.2 1415.5 371191
2284.8 1415.5 232183
2361.0 1415.5 2150171
2462.6 1415.5 1086192
2538.8 1415.5 1794953
2538.8 1440.9 1679959
2462.6 1440.9 733740
2361.0 1440.9 2347305
2284.8 1440.9 2355294
2183.2 1440.9 1100347
2107.0 1440.9 1983663
2005.4 1440.9 1660612
1929.2 1440.9 2307144
1853.0 1440.9 607624
1751.4 1440.9 2198054
1649.8 1440.9 1066624
1573.6 1440.9 647882
1472.0 1440.9 1967364
1395.8 1440.9 1903420
1395.8 1466.3 461498
1472.0 1466.3 2559705
1573.6 1466.3 3074462
1649.8 1466.3 1702735
1751.4 1466.3 1829077
1853.0 1466.3 3031696
1929.2 1466.3 1172746
2005.4 1466.3 2824992
2107.0 1466.3 652586
2183.2 1466.3 56689
2284.8 1466.3 2662401
2361.0 1466.3 1840416
2462.6 1466.3 63913
2538.8 1466.3 2131448
2869.0 1491.7 3108926
2843.6 1491.7 1325410
2767.4 1491.7 2369836
2742.0 1491.7 1170197
2538.8 1491.7 1301286
2462.6 1491.7 1746457
2361.0 1491.7 2079822
2284.8 1491.7 1585524
2183.2 1491.7 2282985
2107.0 1491.7 2516600
2005.4 1491.7 2091208
1929.2 1491.7 140163
1853.0 1491.7 1407273
1751.4 1491.7 1838738
1649.8 1491.7 1751531
1573.6 1491.7 2159403
1472.0 1491.7 837586
1395.8 1491.7 2888306
1395.8 1517.1 3079638
1472.0 1517.1 514030
1573.6 1517.1 1035020
1649.8 1517.1 1810047
1929.2 1517.1 2785544
2005.4 1517.1 1442411
2107.0 1517.1 732775
2183.2 1517.1 1215318
2284.8 1517.1 837240
2361.0 1517.1 2802273
2462.6 1517.1 2627656
2538.8 1517.1 768293
2538.8 1542.5 1820180
2462.6 1542.5 486868
2361.0 1542.5 2664556
2284.8 1542.5 567809
2183.2 1542.5 2780236
2107.0 1542.5 2474559
2005.4 1542.5 1540738
1929.2 1542.5 1404389
1649.8 1542.5 2943498
1573.6 1542.5 2372146
1472.0 1542.5 3016664
1395.8 1542.5 540864
1395.8 1567.9 808510
1472.0 1567.9 2586026
1573.6 1567.9 646354
1649.8 1567.9 252812
1929.2 1567.9 1416549
2005.4 1567.9 934220
2107.0 1567.9 2678550
2183.2 1567.9 1321844
2284.8 1567.9 1565429
2361.0 1567.9 645166
2462.6 1567.9 2047767
2538.8 1567.9 2075948
2538.8 1694.9 122907
2462.6 1694.9 1242908
2183.2 1694.9 278117
2107.0 1694.9 2849843
1649.8 1694.9 322249
1573.6 1694.9 1122325
1472.0 1694.9 361424
1395.8 1694.9 751321
1395.8 1720.3 1162178
1472.0 1720.3 1784949
1573.6 1720.3 1550220
1649.8 1720.3 1695184
1929.2 1720.3 2484721
2005.4 1720.3 2545906
2107.0 1720.3 2278174
2183.2 1720.3 2095314
2284.8 1720.3 1096244
2361.0 1720.3 1195231
2462.6 1720.3 932103
2538.8 1720.3 541678
2640.4 1720.3 2370114
2716.6 1720.3 1516428
3961.2 1745.7 16667
3885.0 1745.7 812180
3834.2 1745.7 2674819
3758.0 1745.7 2315901
3707.2 1745.7 311897
3631.0 1745.7 660885
3580.2 1745.7 1849904
3504.0 1745.7 1509382
3453.2 1745.7 1236958
3377.0 1745.7 2879143
3326.2 1745.7 1027149
3250.0 1745.7 424545
3199.2 1745.7 1428571
3123.0 1745.7 1111517
3072.2 1745.7 2582367
2996.0 1745.7 778687
2894.4 1745.7 2006967
2716.6 1745.7 3163433
2640.4 1745.7 3106961
2538.8 1745.7 381739
2462.6 1745.7 191011
2361.0 1745.7 2199098
2284.8 1745.7 2384166
2183.2 1745.7 3112244
2107.0 1745.7 2694067
2005.4 1745.7 3021936
1929.2 1745.7 2247369
1649.8 1745.7 1263484
1573.6 1745.7 1594642
1472.0 1745.7 224475
1395.8 1745.7 1986473
1395.8 1771.1 2163984
1472.0 1771.1 152879
1573.6 1771.1 120320
1649.8 1771.1 2642526
1929.2 1771.1 3177172
2005.4 1771.1 3079397
2107.0 1771.1 3022202
2183.2 1771.1 877624
2284.8 1771.1 2807091
2361.0 1771.1 2001423
2462.6 1771.1 1547710
2538.8 1771.1 2609440
2640.4 1771.1 748239
2716.6 1771.1 46931
3961.2 1796.5 773395
3885.0 1796.5 2901814
3834.2 1796.5 940504
3758.0 1796.5 762043
3707.2 1796.5 2036842
3631.0 1796.5 2870134
3580.2 1796.5 834101
3504.0 1796.5 1840675
3453.2 1796.5 2840583
3377.0 1796.5 1886681
3326.2 1796.5 1447550
3250.0 1796.5 58084
3199.2 1796.5 2219102
3123.0 1796.5 2387569
3072.2 1796.5 521375
2996.0 1796.5 313577
2894.4 1796.5 1163099
2716.6 1796.5 2104211
2640.4 1796.5 1201385
2538.8 1796.5 1634304
2462.6 1796.5 2799697
2361.0 1796.5 1927151
2284.8 1796.5 2580070
2183.2 1796.5 1888550
2107.0 1796.5 2002982
2005.4 1796.5 658458
1929.2 1796.5 969689
1649.8 1796.5 774695
1573.6 1796.5 1223071
1472.0 1796.5 1310054
1395.8 1796.5 2153222
1395.8 1821.9 2405906
1472.0 1821.9 1249066
1573.6 1821.9 524096
1649.8 1821.9 3115652
1929.2 1821.9 343902
2005.4 1821.9 1486496
2107.0 1821.9 1540210
2183.2 1821.9 295190
2284.8 1821.9 1699758
2361.0 1821.9 1781400
2462.6 1821.9 1223754
2538.8 1821.9 2349605
2640.4 1821.9 1449411
2716.6 1821.9 943996
2957.9 1821.9 1143367
3961.2 1847.3 1261593
3885.0 1847.3 2119437
3834.2 1847.3 2715293
3758.0 1847.3 2133139
3707.2 1847.3 3172170
3631.0 1847.3 1626971
3580.2 1847.3 2547873
3504.0 1847.3 2463167
3453.2 1847.3 2950558
3377.0 1847.3 1705017
3326.2 1847.3 2654017
3250.0 1847.3 2215342
3199.2 1847.3 2707203
3123.0 1847.3 180513
3072.2 1847.3 612874
2996.0 1847.3 1839479
2818.2 1847.3 3144696
2716.6 1847.3 1817145
2640.4 1847.3 7564
2538.8 1847.3 1050264
2462.6 1847.3 1895007
2361.0 1847.3 547216
2284.8 1847.3 1455748
2183.2 1847.3 2179313
2107.0 1847.3 1241800
2005.4 1847.3 3092653
1929.2 1847.3 1260940
1649.8 1847.3 2293643
1573.6 1847.3 1674466
1472.0 1847.3 849587
1395.8 1847.3 2297508
1395.8 1872.7 649416
1472.0 1872.7 776025
1573.6 1872.7 2705687
1649.8 1872.7 1415155
1929.2 1872.7 135476
2005.4 1872.7 1895133
2107.0 1872.7 344672
2183.2 1872.7 2068774
2284.8 1872.7 1219541
2361.0 1872.7 1453360
2462.6 1872.7 2993318
2538.8 1872.7 71239
2640.4 1872.7 2469531
2716.6 1872.7 2640606
2894.4 1910.8 3161008
2869.0 1923.5 1486261
2957.9 1923.5 1735621
2996.0 1923.5 995757
3072.2 1923.5 2410475
3123.0 1923.5 2131382
3199.2 1923.5 2815919
3250.0 1923.5 1280473
3326.2 1923.5 2045856
3377.0 1923.5 1075681
3453.2 1923.5 353704
3504.0 1923.5 721184
3580.2 1923.5 149655
3631.0 1923.5 2980229
3707.2 1923.5 1447524
3758.0 1923.5 73790
3834.2 1923.5 1140790
3885.0 1923.5 2605208
3961.2 1923.5 2684026
2894.4 1936.2 1782062
2818.2 1948.9 1818233
3072.2 1961.6 1913594
2538.8 1974.3 2309620
2640.4 1974.3 1847750
2716.6 1974.3 1966497
3758.0 1974.3 1483467
3148.4 1999.7 2543380
2996.0 1999.7 2959849
2919.8 1999.7 804613
2843.6 1999.7 2542543
2716.6 1999.7 1723011
2640.4 1999.7 1730631
2284.8 1999.7 2073905
2132.4 1999.7 70813
2030.8 1999.7 2393056
1878.4 1999.7 735294
1764.1 1999.7 1095990
1687.9 1999.7 2404823
1548.2 1999.7 2462476
1395.8 1999.7 2664842
1395.8 2025.1 2546299
1548.2 2025.1 568028
1687.9 2025.1 385006
1764.1 2025.1 1170183
1878.4 2025.1 992514
2030.8 2025.1 3175567
2132.4 2025.1 482113
2284.8 2025.1 844651
2538.8 2025.1 2428480
2640.4 2025.1 2439242
2716.6 2025.1 2230891
2843.6 2025.1 991330
2919.8 2025.1 1896989
3148.4 2050.5 2432934
2996.0 2050.5 643475
2919.8 2050.5 2064320
2843.6 2050.5 1178278
2716.6 2050.5 260640
2640.4 2050.5 1031709
2284.8 2050.5 1039456
2132.4 2050.5 2673977
2030.8 2050.5 2750490
1878.4 2050.5 625401
1764.1 2050.5 2044172
1687.9 2050.5 2416338
1548.2 2050.5 1583762
1395.8 2050.5 297389
1395.8 2075.9 482847
1548.2 2075.9 3033080
1687.9 2075.9 2032492
1764.1 2075.9 2889639
1878.4 2075.9 742510
2030.8 2075.9 358533
2132.4 2075.9 239310
2284.8 2075.9 344438
3758.0 2075.9 833862
3072.2 2088.6 1376546
2538.8 2101.3 1982115
2462.6 2101.3 606223
2284.8 2101.3 2906177
2132.4 2101.3 2249260
2030.8 2101.3 323416
1878.4 2101.3 25216
1764.1 2101.3 3020691
1687.9 2101.3 188521
1548.2 2101.3 2211045
1395.8 2101.3 1929926
1395.8 2126.7 1198997
1548.2 2126.7 1554045
1687.9 2126.7 512175
1764.1 2126.7 1654938
1878.4 2126.7 1445995
2030.8 2126.7 1789602
2132.4 2126.7 415283
2284.8 2126.7 211676
2462.6 2126.7 3073824
2538.8 2126.7 2514558
2640.4 2126.7 332987
2716.6 2126.7 1778038
3072.2 2126.7 1283632
3123.0 2126.7 2371018
3758.0 2126.7 727720
3681.8 2152.1 1847068
3631.0 2152.1 104583
2716.6 2152.1 2459108
2640.4 2152.1 1467733
2538.8 2152.1 2183264
2462.6 2152.1 2941719
2284.8 2152.1 325688
2132.4 2152.1 988027
2030.8 2152.1 2070422
1878.4 2152.1 247263
1764.1 2152.1 2049300
1687.9 2152.1 3074673
1548.2 2152.1 2393498
1395.8 2152.1 1906978
1395.8 2177.5 2544277
1548.2 2177.5 1558634
1878.4 2177.5 1000336
2030.8 2177.5 2124761
2132.4 2177.5 758518
2284.8 2177.5 989785
2462.6 2177.5 2623249
2538.8 2177.5 1723791
2640.4 2177.5 2338661
2716.6 2177.5 1633273
2716.6 2202.9 2820510
2640.4 2202.9 1243122
2538.8 2202.9 1479063
2462.6 2202.9 613749
2284.8 2202.9 1625998
2132.4 2202.9 2791666
2030.8 2202.9 1547869
1878.4 2202.9 1705719
1548.2 2202.9 169943
1395.8 2202.9 2363989
1395.8 2228.3 1711602
1548.2 2228.3 70227
1878.4 2228.3 2716719
2030.8 2228.3 2767239
2132.4 2228.3 1255515
2284.8 2228.3 2561040
2462.6 2228.3 1573663
2538.8 2228.3 1783511
2640.4 2228.3 3003606
2716.6 2228.3 1040681
3758.0 2253.7 2902899
3123.0 2253.7 1673405
3072.2 2253.7 95389
2716.6 2253.7 2005904
2640.4 2253.7 1560518
2538.8 2253.7 2121214
2462.6 2253.7 1366628
2284.8 2253.7 1515255
2132.4 2253.7 1920733
2030.8 2253.7 1259064
1878.4 2253.7 2580065
1548.2 2253.7 1899930
1395.8 2253.7 2163160
1395.8 2279.1 2335329
1548.2 2279.1 2818486
1878.4 2279.1 1875665
2030.8 2279.1 2651585
2132.4 2279.1 2844878
2284.8 2279.1 2900385
2462.6 2279.1 80476
2538.8 2279.1 3010161
2640.4 2279.1 104977
2716.6 2279.1 1431991
3656.4 2279.1 2215595
3681.8 2279.1 972027
2716.6 2304.5 1232697
2640.4 2304.5 1186107
2538.8 2304.5 2444158
2462.6 2304.5 1469184
2284.8 2304.5 1945378
2132.4 2304.5 1764029
2030.8 2304.5 2364708
1878.4 2304.5 259978
1751.4 2304.5 2083342
1675.2 2304.5 2788106
1548.2 2304.5 2733691
1395.8 2304.5 725003
1395.8 2329.9 1505602
1548.2 2329.9 2641836
1675.2 2329.9 140028
1751.4 2329.9 2447973
1878.4 2329.9 2172325
2030.8 2329.9 175968
2132.4 2329.9 340918
2284.8 2329.9 2773496
2462.6 2329.9 189644
2538.8 2329.9 2227124
2640.4 2329.9 1556347
2716.6 2329.9 2229768
3758.0 2355.3 1291582
2284.8 2355.3 3057356
2132.4 2355.3 1691505
2030.8 2355.3 2166151
1878.4 2355.3 1837502
1751.4 2355.3 2686593
1675.2 2355.3 508793
1548.2 2355.3 1364063
1395.8 2355.3 1120791
1395.8 2380.7 1903563
1548.2 2380.7 2189783
1675.2 2380.7 2227854
1751.4 2380.7 881937
1878.4 2380.7 1012746
2030.8 2380.7 2051236
2132.4 2380.7 2253893
2284.8 2380.7 2617794
2284.8 2406.1 3088568
2132.4 2406.1 163700
2030.8 2406.1 790077
1878.4 2406.1 2737381
1751.4 2406.1 2557672
1675.2 2406.1 1998576
1548.2 2406.1 2859684
1395.8 2406.1 2430115
1319.6 2418.8 248241
1395.8 2431.5 583361
1548.2 2431.5 2096323
1675.2 2431.5 2323114
1751.4 2431.5 2790099
1878.4 2431.5 2422660
2030.8 2431.5 836266
2132.4 2431.5 3097084
2284.8 2431.5 1843968
2640.4 2431.5 1830042
2716.6 2431.5 3149845
3758.0 2456.9 2433681
2716.6 2456.9 737461
2640.4 2456.9 972972
2284.8 2456.9 2790907
2132.4 2456.9 1299132
2030.8 2456.9 2855306
1878.4 2456.9 1796660
1751.4 2456.9 2128683
1675.2 2456.9 1254618
1548.2 2456.9 1482820
1395.8 2456.9 217095
1319.6 2469.6 2600322
1395.8 2482.3 2428068
1548.2 2482.3 2077830
1675.2 2482.3 80183
1751.4 2482.3 1314063
1878.4 2482.3 1230168
2030.8 2482.3 5330
2132.4 2482.3 3143065
2284.8 2482.3 959788
2640.4 2482.3 671130
2716.6 2482.3 640959
2640.4 2507.7 843697
2716.6 2507.7 2814060
3758.0 2507.7 2898794
2716.6 2533.1 1919046
2640.4 2533.1 2421704
2640.4 2558.5 985703
2716.6 2558.5 2549715
2640.4 2583.9 1806549
2716.6 2583.9 1686659
3631.0 2583.9 2155092
3681.8 2583.9 2782498
2716.6 2609.3 2253987
2640.4 2609.3 1720793
3758.0 2634.7 144302
2869.0 2634.7 425304
2716.6 2634.7 2075267
2640.4 2634.7 1825044
2284.8 2634.7 997695
2132.4 2634.7 2220707
2030.8 2634.7 398520
1878.4 2634.7 2431315
1802.2 2634.7 118114
1649.8 2634.7 732775
1548.2 2634.7 3070787
1395.8 2634.7 1443244
1395.8 2660.1 481248
1548.2 2660.1 526307
1649.8 2660.1 2076130
1802.2 2660.1 44683
1878.4 2660.1 1045092
2030.8 2660.1 2544488
2132.4 2660.1 437735
2284.8 2660.1 2591920
2640.4 2660.1 221569
2716.6 2660.1 1570643
2284.8 2685.5 964202
2132.4 2685.5 1219403
2030.8 2685.5 2767839
1878.4 2685.5 3075072
1802.2 2685.5 1945680
1649.8 2685.5 1483111
1548.2 2685.5 1406671
1395.8 2685.5 2555941
1243.4 2685.5 2082231
1395.8 2710.9 2677481
1548.2 2710.9 442691
1649.8 2710.9 23509
1802.2 2710.9 2095712
1878.4 2710.9 949419
2030.8 2710.9 264567
2132.4 2710.9 1710727
2284.8 2710.9 993827
3656.4 2710.9 381361
3681.8 2710.9 226750
2869.0 2736.3 2530517
2538.8 2736.3 1667926
2462.6 2736.3 170898
2284.8 2736.3 2889008
2132.4 2736.3 2714609
2030.8 2736.3 3006984
1878.4 2736.3 1201552
1802.2 2736.3 2145973
1649.8 2736.3 25782
1548.2 2736.3 2027906
1395.8 2736.3 791708
1395.8 2761.7 3007941
1548.2 2761.7 1093225
1649.8 2761.7 1725983
1802.2 2761.7 2187416
1878.4 2761.7 2417304
2030.8 2761.7 1497247
2132.4 2761.7 468307
2284.8 2761.7 2327304
2462.6 2761.7 819061
2538.8 2761.7 2940451
2716.6 2787.1 3115134
2640.4 2787.1 2574521
2538.8 2787.1 360038
2462.6 2787.1 1397613
2284.8 2787.1 1550689
2132.4 2787.1 2525269
2030.8 2787.1 2354948
1878.4 2787.1 1573317
1802.2 2787.1 2087387
1649.8 2787.1 2496962
1548.2 2787.1 979275
1395.8 2787.1 2817022
1395.8 2812.5 1811790
1548.2 2812.5 1312861
1649.8 2812.5 296341
1802.2 2812.5 139296
1878.4 2812.5 6719
2030.8 2812.5 3121470
2132.4 2812.5 1129774
2284.8 2812.5 2707484
2462.6 2812.5 1341338
2538.8 2812.5 2327223
2640.4 2812.5 913570
2716.6 2812.5 1669038
3453.2 2837.9 2086242
3351.6 2837.9 1751790
2716.6 2837.9 2302162
2640.4 2837.9 526491
2538.8 2837.9 1255213
2462.6 2837.9 696873
2284.8 2837.9 857101
2132.4 2837.9 1688510
2030.8 2837.9 1563820
1878.4 2837.9 2374654
1802.2 2837.9 2212474
1649.8 2837.9 1471424
1548.2 2837.9 1296892
1395.8 2837.9 2813051
1395.8 2863.3 1367627
1548.2 2863.3 2947673
1649.8 2863.3 2919719
1802.2 2863.3 2281023
1878.4 2863.3 2122568
2030.8 2863.3 2661341
2132.4 2863.3 201817
2284.8 2863.3 1524246
2462.6 2863.3 1239038
2538.8 2863.3 2581766
2640.4 2863.3 123237
2716.6 2863.3 1569276
2869.0 2888.7 2903227
2818.2 2888.7 1176046
2716.6 2888.7 807426
2640.4 2888.7 3102132
2538.8 2888.7 3103610
2462.6 2888.7 875851
2284.8 2888.7 1007589
2132.4 2888.7 271538
2030.8 2888.7 729142
1878.4 2888.7 1229414
1802.2 2888.7 1497496
1649.8 2888.7 1692848
1548.2 2888.7 931218
1395.8 2888.7 609527
1319.6 2901.4 2164672
1294.2 2901.4 2531358
1268.8 2901.4 3003775
1395.8 2914.1 1721106
1548.2 2914.1 2766489
1649.8 2914.1 2125265
1802.2 2914.1 3145355
1878.4 2914.1 745470
2030.8 2914.1 2218104
2132.4 2914.1 2416102
2284.8 2914.1 1102875
2462.6 2914.1 2347416
2538.8 2914.1 736904
2640.4 2914.1 1264938
2716.6 2914.1 803927
2716.6 2939.5 780240
2640.4 2939.5 1548467
2538.8 2939.5 1167045
2462.6 2939.5 844415
2284.8 2939.5 813772
2132.4 2939.5 2555673
2030.8 2939.5 1517935
1878.4 2939.5 2673942
1802.2 2939.5 2293749
1649.8 2939.5 1538526
1548.2 2939.5 110984
1395.8 2939.5 2748635
1395.8 2964.9 715851
1548.2 2964.9 1162677
1649.8 2964.9 1809192
1802.2 2964.9 1782652
1878.4 2964.9 2527622
2030.8 2964.9 2007560
2132.4 2964.9 1208915
2284.8 2964.9 1157626
2462.6 2964.9 1788035
2538.8 2964.9 2452368
2640.4 2964.9 2865503
2716.6 2964.9 2502552
3351.6 2964.9 2368728
3453.2 2964.9 3133005
2869.0 2990.3 671944
2818.2 2990.3 998924
3554.8 3015.7 1957431
3580.2 3015.7 62844
3605.6 3015.7 1705777
3631.0 3015.7 462807
3656.4 3015.7 2444469
3681.8 3015.7 913192
3707.2 3015.7 41053
3732.6 3015.7 2090655
3758.0 3015.7 2325924
3783.4 3015.7 157333
3808.8 3015.7 3088936
3834.2 3015.7 2954664
3859.6 3015.7 2164465
3453.2 3041.1 2411568
3402.4 3041.1 569562
3326.2 3041.1 2469333
3275.4 3041.1 2981724
1522.8 3041.1 952387
1472.0 3041.1 197732
3554.8 3066.5 247017
3580.2 3066.5 2757971
3605.6 3066.5 1532237
3631.0 3066.5 2775578
3656.4 3066.5 369274
3681.8 3066.5 1934399
3707.2 3066.5 1567919
3732.6 3066.5 2144189
3758.0 3066.5 1442187
3783.4 3066.5 2102127
3808.8 3066.5 2029135
3834.2 3066.5 3123776
3859.6 3066.5 349581
2498.7 874.5 3113669
2548.7 874.5 525746
2573.7 874.5 2964159
2598.7 874.5 3140561
2623.7 874.5 1226767
2648.7 874.5 2731551
2673.7 874.5 1480914
2698.7 874.5 3025545
2723.7 874.5 1039030
2748.7 874.5 946917
2773.7 874.5 2905666
2798.7 874.5 2599780
2823.7 874.5 3143736
2848.7 874.5 150130
2873.7 874.5 573420
2898.7 874.5 909373
2923.7 874.5 2263896
2948.7 874.5 1208663
2973.7 874.5 315048
2998.7 874.5 340196
3023.7 874.5 3097118
3048.7 874.5 2650192
3073.7 874.5 2251662
3098.7 874.5 2944316
3123.7 874.5 1423117
3148.7 874.5 113206
3173.7 874.5 1924460
3198.7 874.5 650302
3223.7 874.5 83641
3248.7 874.5 358893
3273.7 874.5 2569003
3298.7 874.5 1060368
3323.7 874.5 1365681
3348.7 874.5 2454237
3373.7 874.5 1410406
3398.7 874.5 1107684
3423.7 874.5 51246
3448.7 874.5 1481753
3554.8 907.5 1130542
3580.2 907.5 2622354
3605.6 907.5 1839455
3631.0 907.5 2852733
3656.4 907.5 1190578
3681.8 907.5 909357
3707.2 907.5 818911
3732.6 907.5 2958910
3758.0 907.5 2861256
3783.4 907.5 1652501
3808.8 907.5 3139716
3834.2 907.5 318517
3859.6 907.5 950879
3859.6 958.3 1939079
3834.2 958.3 2758622
3808.8 958.3 1003804
3783.4 958.3 2495101
3758.0 958.3 1079412
3732.6 958.3 940265
3707.2 958.3 1818768
3681.8 958.3 2865523
3656.4 958.3 1878263
3631.0 958.3 1103646
3605.6 958.3 2683806
3580.2 958.3 2087033
3554.8 958.3 900632
