# C:\Users\gielpa\PycharmProjects\Genetic-Algorithm\data-bak\d1655.tsp\data
0.0 0.0 3413732
1224.3 945.6 1582179
1325.9 945.6 1827446
1325.9 971.0 1296637
1224.3 971.0 2835567
1224.3 996.4 1208197
1325.9 996.4 1716557
1325.9 1021.8 1060851
1224.3 1021.8 2110290
1186.2 1034.5 1340339
1084.6 1034.5 2132377
1052.8 1034.5 1677702
1027.4 1034.5 115795
1224.3 1047.2 2136221
1325.9 1047.2 783541
1186.2 1059.9 2719215
1084.6 1059.9 1923938
1052.8 1059.9 1051418
1027.4 1059.9 780137
1224.3 1072.6 2132588
1325.9 1072.6 1770310
1186.2 1085.3 2500983
1084.6 1085.3 2668881
1052.8 1085.3 3667401
1027.4 1085.3 1856067
1224.3 1098.0 3185298
1325.9 1098.0 2991518
1186.2 1110.7 1995919
1084.6 1110.7 293702
1052.8 1110.7 793513
1027.4 1110.7 1980124
1224.3 1123.4 981144
1325.9 1123.4 3581933
1186.2 1136.1 1939495
1084.6 1136.1 1009874
1052.8 1136.1 3915788
1027.4 1136.1 3782855
1224.3 1148.8 1193626
1325.9 1148.8 530137
1186.2 1161.5 3878969
1084.6 1161.5 2336136
1052.8 1161.5 343562
1027.4 1161.5 1132052
1224.3 1174.2 749539
1325.9 1174.2 2622945
1186.2 1186.9 2674500
1084.6 1186.9 1849827
1052.8 1186.9 122691
1027.4 1186.9 2351388
1224.3 1199.6 1804874
1325.9 1199.6 338571
1186.2 1212.3 743015
1084.6 1212.3 2609217
1052.8 1212.3 1565
1027.4 1212.3 3491670
1224.3 1225.0 1429279
1325.9 1225.0 3252686
1186.2 1237.7 3943858
1084.6 1237.7 3162208
1052.8 1237.7 94787
1027.4 1237.7 2375141
1224.3 1250.4 437711
1325.9 1250.4 2414736
1186.2 1263.1 711913
1084.6 1263.1 3259532
1052.8 1263.1 2542083
1027.4 1263.1 1031139
1224.3 1275.8 407183
1325.9 1275.8 1673724
1186.2 1288.5 442592
1084.6 1288.5 3892701
1052.8 1288.5 1794714
1027.4 1288.5 3494726
1027.4 1313.9 3389622
1052.8 1313.9 503825
1084.6 1313.9 3350643
1186.2 1313.9 1831281
1287.8 1339.3 303727
1262.4 1339.3 3284994
1186.2 1339.3 2558401
1084.6 1339.3 3134605
1052.8 1339.3 1848701
1027.4 1339.3 3294069
1027.4 1364.7 2827346
1052.8 1364.7 2204814
1084.6 1364.7 3649868
1186.2 1364.7 3617545
1186.2 1390.1 2231374
1084.6 1390.1 1550847
1052.8 1390.1 3120051
1027.4 1390.1 3127442
1224.3 1402.8 552440
1325.9 1402.8 3919688
1186.2 1415.5 3436463
1084.6 1415.5 1874088
1052.8 1415.5 2514399
1027.4 1415.5 3840500
1224.3 1428.2 1567414
1325.9 1428.2 2129121
1325.9 1453.6 45480
1224.3 1453.6 2119289
1224.3 1479.0 1484561
1325.9 1479.0 3746334
1186.2 1491.7 3243092
1084.6 1491.7 3776239
1052.8 1491.7 3024971
1027.4 1504.4 1034230
1224.3 1504.4 2925680
1325.9 1504.4 2051858
1052.8 1517.1 786302
1224.3 1529.8 1234397
1325.9 1529.8 2970068
1325.9 1555.2 974952
1224.3 1555.2 3158746
1224.3 1580.6 572398
1325.9 1580.6 1672506
1325.9 1606.0 2795874
1224.3 1606.0 2498901
1224.3 1631.4 2232301
1325.9 1631.4 4802
1325.9 1656.8 3303263
1224.3 1656.8 2336210
1224.3 1682.2 2536435
1325.9 1682.2 1656505
1325.9 1707.6 3322033
1224.3 1707.6 2042376
1224.3 1733.0 75782
1325.9 1733.0 618403
1097.3 1948.9 2713973
1071.9 1948.9 2626816
1224.3 2152.1 2279667
1325.9 2152.1 3017463
1325.9 2177.5 3562575
1224.3 2177.5 2118962
1224.3 2202.9 334716
1325.9 2202.9 2240456
1325.9 2228.3 533661
1224.3 2228.3 408416
1224.3 2253.7 2814528
1325.9 2253.7 3357558
1325.9 2279.1 3220862
1224.3 2279.1 2458388
1224.3 2304.5 128992
1325.9 2304.5 2866856
1325.9 2329.9 3211012
1224.3 2329.9 686229
1224.3 2355.3 782443
1325.9 2355.3 935573
1325.9 2380.7 3611013
1224.3 2380.7 1798105
1224.3 2406.1 3153318
1325.9 2406.1 2752568
1325.9 2431.5 1094843
1224.3 2431.5 1053894
1224.3 2456.9 97411
1325.9 2456.9 2527028
1325.9 2482.3 2914723
1224.3 2482.3 2571754
1262.4 2545.8 1000330
1287.8 2545.8 1032710
1325.9 2609.3 2218585
1224.3 2609.3 2284423
1224.3 2634.7 3596570
1325.9 2634.7 663554
1186.2 2647.4 3508804
1084.6 2647.4 3579556
1052.8 2647.4 417126
1027.4 2660.1 1910954
1224.3 2660.1 2864841
1325.9 2660.1 2405740
1052.8 2672.8 1226952
1224.3 2685.5 1146402
1325.9 2685.5 3089473
1325.9 2710.9 3355009
1224.3 2710.9 1619757
1224.3 2736.3 587828
1325.9 2736.3 2283694
1325.9 2761.7 2726330
1224.3 2761.7 1202770
1224.3 2787.1 2959618
1325.9 2787.1 1874620
1325.9 2812.5 1531007
1224.3 2812.5 2525334
1325.9 2837.9 3102324
1224.3 2837.9 2310437
1186.2 2837.9 2049172
1084.6 2837.9 640683
1224.3 2863.3 3505232
1325.9 2863.3 83747
1325.9 2888.7 3384155
1224.3 2888.7 3371199
1224.3 2914.1 880746
1325.9 2914.1 781926
1325.9 2939.5 3390072
1224.3 2939.5 1841643
1579.9 3028.4 1429912
1605.3 3028.4 3781928
1630.7 3028.4 506391
1656.1 3028.4 2554899
1681.5 3028.4 2526988
1706.9 3028.4 519098
1732.3 3028.4 762730
1757.7 3028.4 3313489
1783.1 3028.4 3669424
1808.5 3028.4 2824965
1833.9 3028.4 81431
1859.3 3028.4 1058666
1884.7 3028.4 1794301
1910.1 3028.4 1777704
1935.5 3028.4 3693124
1973.6 3015.7 1313391
1999.0 3015.7 1213368
2024.4 3015.7 1524302
1922.8 2984.0 3630861
1821.2 2984.0 3098664
1618.0 2971.3 397236
1681.5 2964.9 3288662
1783.1 2964.9 551090
1821.2 2958.6 393696
1922.8 2958.6 2136422
1643.4 2945.9 3446376
1681.5 2939.5 3816999
1783.1 2939.5 3336789
1973.6 2939.5 974845
1999.0 2939.5 3833374
2024.4 2939.5 456312
2075.2 2939.5 2493950
2176.8 2939.5 3185065
1948.2 2920.5 1697716
1872.0 2920.5 2237119
1618.0 2920.5 3455410
1681.5 2914.1 967544
1783.1 2914.1 982678
1973.6 2914.1 3893976
1999.0 2914.1 3825450
2024.4 2914.1 2887796
2075.2 2914.1 2349281
2176.8 2914.1 2661601
2176.8 2888.7 92658
2075.2 2888.7 3095524
1783.1 2888.7 2337793
1681.5 2888.7 260058
1618.0 2869.7 3128339
1872.0 2869.7 635062
1948.2 2869.7 3461753
2176.8 2863.3 2554925
2075.2 2863.3 3882059
1783.1 2863.3 1403222
1681.5 2863.3 3147473
1643.4 2844.3 2353098
1681.5 2837.9 402630
1783.1 2837.9 3530254
1878.3 2837.9 1684940
1903.7 2837.9 1565046
1929.1 2837.9 2060368
1973.6 2837.9 1855422
1999.0 2837.9 1319963
2024.4 2837.9 3027498
2075.2 2837.9 2620055
2176.8 2837.9 842975
1618.0 2818.9 2079098
1681.5 2812.5 2975466
1783.1 2812.5 3494605
2075.2 2812.5 2929540
2176.8 2812.5 2761899
2176.8 2787.1 67678
2075.2 2787.1 1939809
2024.4 2787.1 3867288
1999.0 2787.1 2933655
1973.6 2787.1 1042586
1783.1 2787.1 2475713
1681.5 2787.1 1859797
1618.0 2768.1 2883986
1681.5 2761.7 3365001
1783.1 2761.7 3836680
2075.2 2761.7 1640455
2176.8 2761.7 632794
1643.4 2742.7 2883618
1681.5 2736.3 2241186
1783.1 2736.3 2748867
1878.3 2736.3 2240649
1903.7 2736.3 1321613
1929.1 2736.3 1636767
2075.2 2736.3 3729605
2176.8 2736.3 3567871
1618.0 2717.3 591447
1681.5 2710.9 1270021
1783.1 2710.9 501661
1821.2 2710.9 1655238
1922.8 2710.9 2627831
1973.6 2710.9 2689861
1999.0 2710.9 2608885
2024.4 2710.9 937851
2075.2 2710.9 1263378
2176.8 2710.9 1707615
2176.8 2685.5 909819
2075.2 2685.5 2963177
2024.4 2685.5 569759
1999.0 2685.5 408970
1973.6 2685.5 3277134
1922.8 2685.5 2115598
1821.2 2685.5 2806701
1783.1 2685.5 2749089
1757.7 2685.5 2239843
1732.3 2685.5 452915
1706.9 2685.5 2431675
1681.5 2685.5 762517
1656.1 2685.5 1192414
1618.0 2666.5 924394
1821.2 2660.1 3539556
1922.8 2660.1 1576654
2075.2 2660.1 1005249
2176.8 2660.1 2192526
1643.4 2641.1 2061280
1681.5 2634.7 1459780
1783.1 2634.7 1261130
1821.2 2634.7 308264
1922.8 2634.7 2116179
2075.2 2634.7 239197
2176.8 2634.7 2685250
1618.0 2615.7 2156039
1681.5 2609.3 1612916
1783.1 2609.3 546887
1821.2 2609.3 3799474
1922.8 2609.3 846882
1973.6 2609.3 1476604
1999.0 2609.3 1155281
2024.4 2609.3 1519197
2075.2 2609.3 292320
2176.8 2609.3 1878110
1935.5 2571.2 391701
1910.1 2571.2 1686418
1884.7 2571.2 3721117
1859.3 2571.2 445347
1833.9 2571.2 2653336
1808.5 2571.2 544094
1783.1 2571.2 3861782
1757.7 2571.2 2671204
1732.3 2571.2 132717
1706.9 2571.2 1202323
1681.5 2571.2 1923168
1656.1 2571.2 699763
1630.7 2571.2 3109474
1605.3 2571.2 3182486
1579.9 2571.2 1441566
1973.6 2558.5 437160
1999.0 2558.5 1054781
2024.4 2558.5 902212
2113.3 2545.8 2817295
2138.7 2545.8 2141699
1922.8 2526.8 766329
1821.2 2526.8 3086151
1618.0 2514.1 871436
1681.5 2507.7 486027
1783.1 2507.7 837051
1821.2 2501.4 365482
1922.8 2501.4 1962447
1643.4 2488.7 3900961
1681.5 2482.3 3901331
1783.1 2482.3 849889
1973.6 2482.3 2227002
1999.0 2482.3 2531148
2024.4 2482.3 2375397
2075.2 2482.3 2085759
2176.8 2482.3 3468207
1948.2 2463.3 2868167
1872.0 2463.3 2975470
1618.0 2463.3 915949
1681.5 2456.9 639125
1783.1 2456.9 3897343
1973.6 2456.9 754674
1999.0 2456.9 1140428
2024.4 2456.9 2966006
2075.2 2456.9 687235
2176.8 2456.9 1499196
2176.8 2431.5 3456265
2075.2 2431.5 310813
1783.1 2431.5 1037285
1681.5 2431.5 588019
1618.0 2412.5 297411
1872.0 2412.5 2572234
1948.2 2412.5 3522625
2176.8 2406.1 2827241
2075.2 2406.1 69951
1783.1 2406.1 3810106
1681.5 2406.1 2937290
1643.4 2387.1 3773366
1681.5 2380.7 1648250
1783.1 2380.7 1094454
1878.3 2380.7 885416
1903.7 2380.7 208285
1929.1 2380.7 1823541
1973.6 2380.7 2531842
1999.0 2380.7 1584641
2024.4 2380.7 915355
2075.2 2380.7 2174882
2176.8 2380.7 2279598
1618.0 2361.7 1641736
1681.5 2355.3 3528741
1783.1 2355.3 1731816
2075.2 2355.3 2622876
2176.8 2355.3 1985988
2176.8 2329.9 325455
2075.2 2329.9 3064049
2024.4 2329.9 1147709
1999.0 2329.9 1023917
1973.6 2329.9 3214062
1783.1 2329.9 2235626
1681.5 2329.9 400006
1618.0 2310.9 2021370
1681.5 2304.5 1597860
1783.1 2304.5 2038683
2075.2 2304.5 3249799
2176.8 2304.5 2297421
1643.4 2285.5 3468321
1681.5 2279.1 3619843
1783.1 2279.1 3135820
1878.3 2279.1 184438
1903.7 2279.1 478305
1929.1 2279.1 2030401
2075.2 2279.1 604160
2176.8 2279.1 3791485
1618.0 2260.1 2154660
1681.5 2253.7 914751
1783.1 2253.7 568529
1821.2 2253.7 3316323
1922.8 2253.7 417661
1973.6 2253.7 3506263
1999.0 2253.7 3857803
2024.4 2253.7 3030863
2075.2 2253.7 562741
2176.8 2253.7 3234683
2176.8 2228.3 1134816
2075.2 2228.3 1602184
2024.4 2228.3 277895
1999.0 2228.3 1457092
1973.6 2228.3 395100
1922.8 2228.3 215183
1821.2 2228.3 3074288
1783.1 2228.3 1237666
1757.7 2228.3 1286412
1732.3 2228.3 2457298
1706.9 2228.3 2817370
1681.5 2228.3 2329379
1656.1 2228.3 317240
1618.0 2209.3 3060416
1821.2 2202.9 2237330
1922.8 2202.9 3861976
2075.2 2202.9 1731177
2176.8 2202.9 3537381
1643.4 2183.9 3291444
1681.5 2177.5 2758424
1783.1 2177.5 1054044
1821.2 2177.5 2996799
1922.8 2177.5 3141266
2075.2 2177.5 624453
2176.8 2177.5 1344800
1618.0 2158.5 215343
1681.5 2152.1 2520183
1783.1 2152.1 1755010
1821.2 2152.1 660104
1922.8 2152.1 2094072
1973.6 2152.1 2856390
1999.0 2152.1 3747418
2024.4 2152.1 1903409
2075.2 2152.1 424403
2176.8 2152.1 264078
2113.3 1948.9 982084
2138.7 1948.9 432552
1935.5 1745.7 2364816
1910.1 1745.7 2040824
1884.7 1745.7 2415255
1859.3 1745.7 23993
1833.9 1745.7 2605471
1808.5 1745.7 3304033
1783.1 1745.7 3373285
1757.7 1745.7 722778
1732.3 1745.7 3572394
1706.9 1745.7 2289779
1681.5 1745.7 2832356
1656.1 1745.7 3180043
1630.7 1745.7 3712764
1605.3 1745.7 1035189
1579.9 1745.7 2518001
1973.6 1733.0 2052857
1999.0 1733.0 3873664
2024.4 1733.0 689221
2075.2 1733.0 2455575
2176.8 1733.0 3067180
2176.8 1707.6 3136950
2075.2 1707.6 186839
1922.8 1701.3 1122357
1821.2 1701.3 1131997
1618.0 1688.6 3508538
1681.5 1682.2 1861406
1783.1 1682.2 2068954
2075.2 1682.2 292858
2176.8 1682.2 3907846
1922.8 1675.9 3526328
1821.2 1675.9 1346081
1643.4 1663.2 991076
1681.5 1656.8 2806
1783.1 1656.8 801025
1973.6 1656.8 16542
1999.0 1656.8 3948148
2024.4 1656.8 285384
2075.2 1656.8 775272
2176.8 1656.8 1855573
1948.2 1637.8 1922233
1872.0 1637.8 1123045
1618.0 1637.8 2575167
1681.5 1631.4 3828581
1783.1 1631.4 1039019
1973.6 1631.4 54173
1999.0 1631.4 1860386
2024.4 1631.4 3020406
2075.2 1631.4 2503453
2176.8 1631.4 1895609
2176.8 1606.0 3428143
2075.2 1606.0 3517314
1783.1 1606.0 3474663
1681.5 1606.0 2747084
1618.0 1587.0 582557
1872.0 1587.0 234579
1948.2 1587.0 2870628
2176.8 1580.6 2663483
2075.2 1580.6 349925
1783.1 1580.6 1277316
1681.5 1580.6 3195441
1643.4 1561.6 467408
1681.5 1555.2 3931486
1783.1 1555.2 10568
1872.0 1555.2 329177
1903.7 1555.2 1221621
1929.1 1555.2 1273158
1973.6 1555.2 1960051
1999.0 1555.2 3311279
2024.4 1555.2 3057984
2075.2 1555.2 3133592
2176.8 1555.2 3536568
1618.0 1536.2 517584
1681.5 1529.8 1702586
1783.1 1529.8 2601535
2075.2 1529.8 1759558
2176.8 1529.8 1440885
2176.8 1504.4 2838435
2075.2 1504.4 3928944
2024.4 1504.4 3709368
1999.0 1504.4 1952589
1973.6 1504.4 2000380
1783.1 1504.4 662033
1681.5 1504.4 44746
1618.0 1485.4 1845195
1681.5 1479.0 2159750
1783.1 1479.0 955206
2075.2 1479.0 138700
2176.8 1479.0 3745812
1643.4 1460.0 2022681
1681.5 1453.6 1818456
1783.1 1453.6 2408947
1872.0 1453.6 451292
1903.7 1453.6 2694398
1929.1 1453.6 1602520
2075.2 1453.6 3453038
2176.8 1453.6 1310808
1618.0 1434.6 3824203
1681.5 1428.2 363646
1783.1 1428.2 283692
1821.2 1428.2 3657565
1922.8 1428.2 1045451
1973.6 1428.2 2867798
1999.0 1428.2 628921
2024.4 1428.2 3812947
2075.2 1428.2 530597
2176.8 1428.2 1387319
2176.8 1402.8 354971
2075.2 1402.8 2220800
2024.4 1402.8 3514639
1999.0 1402.8 377513
1973.6 1402.8 3361561
1922.8 1402.8 3903091
1821.2 1402.8 669238
1783.1 1402.8 3672679
1757.7 1402.8 2107973
1732.3 1402.8 509121
1706.9 1402.8 1613126
1681.5 1402.8 2088314
1656.1 1402.8 639224
1618.0 1383.8 1527967
1821.2 1377.4 2336860
1922.8 1377.4 2424912
1643.4 1358.4 538934
1681.5 1352.0 3451501
1783.1 1352.0 1355523
1821.2 1352.0 3063703
1922.8 1352.0 1566221
2113.3 1352.0 236566
2138.7 1352.0 1052329
1618.0 1333.0 79074
1681.5 1326.6 3373393
1783.1 1326.6 2958737
1821.2 1326.6 3089843
1922.8 1326.6 2216669
1973.6 1326.6 442420
1999.0 1326.6 361095
2024.4 1326.6 2884034
1935.5 1288.5 3078159
1910.1 1288.5 2237827
1884.7 1288.5 1989899
1859.3 1288.5 1548811
1833.9 1288.5 3594409
1808.5 1288.5 375335
1783.1 1288.5 2105412
1757.7 1288.5 603652
1732.3 1288.5 312158
1706.9 1288.5 3182388
1681.5 1288.5 2341937
1656.1 1288.5 3760667
1630.7 1288.5 290986
1605.3 1288.5 2425822
1579.9 1288.5 2580843
1973.6 1275.8 3760789
1999.0 1275.8 3398816
2024.4 1275.8 2938750
2075.2 1275.8 867245
2176.8 1275.8 3790462
2176.8 1250.4 1618831
2075.2 1250.4 3241125
1922.8 1244.1 1178457
1821.2 1244.1 2416794
1618.0 1231.4 3454817
1681.5 1225.0 2896661
1783.1 1225.0 1834814
2075.2 1225.0 370738
2176.8 1225.0 3212629
1922.8 1218.7 457086
1821.2 1218.7 546894
1643.4 1206.0 1061111
1681.5 1199.6 2206506
1783.1 1199.6 2973666
1973.6 1199.6 2594676
1999.0 1199.6 660889
2024.4 1199.6 888815
2075.2 1199.6 1673693
2176.8 1199.6 3084075
1948.2 1180.6 517237
1872.0 1180.6 763612
1618.0 1180.6 3817143
1681.5 1174.2 1452189
1783.1 1174.2 3256617
1973.6 1174.2 2008665
1999.0 1174.2 758961
2024.4 1174.2 504276
2075.2 1174.2 1658392
2176.8 1174.2 2337086
2176.8 1148.8 2677451
2075.2 1148.8 3438782
1783.1 1148.8 2922586
1681.5 1148.8 2355030
1618.0 1129.8 2106283
1872.0 1129.8 3685134
1948.2 1129.8 215765
2176.8 1123.4 2982114
2075.2 1123.4 3397780
1783.1 1123.4 1112649
1681.5 1123.4 2922366
1643.4 1104.4 3270173
1681.5 1098.0 985382
1783.1 1098.0 1539136
1878.3 1098.0 2404270
1903.7 1098.0 1486120
1929.1 1098.0 391802
1973.6 1098.0 497837
1999.0 1098.0 1458189
2024.4 1098.0 1072442
2075.2 1098.0 2304295
2176.8 1098.0 1095971
1618.0 1079.0 2010104
1681.5 1072.6 3083503
1783.1 1072.6 3320476
2075.2 1072.6 2583024
2176.8 1072.6 2868741
2176.8 1047.2 314841
2075.2 1047.2 51766
2024.4 1047.2 2278784
1999.0 1047.2 1830867
1973.6 1047.2 1568166
1783.1 1047.2 3915787
1681.5 1047.2 994807
1618.0 1028.2 1174228
1681.5 1021.8 2937748
1783.1 1021.8 2104424
2075.2 1021.8 3285332
2176.8 1021.8 1300017
1643.4 1002.8 3489717
1681.5 996.4 1134852
1783.1 996.4 1048045
1878.3 996.4 3906748
1903.7 996.4 29235
1929.1 996.4 2517172
2075.2 996.4 1870897
2176.8 996.4 3753953
1618.0 977.4 1417657
1681.5 971.0 1832471
1783.1 971.0 3197028
1821.2 971.0 3655387
1922.8 971.0 2723407
1973.6 971.0 3409478
1999.0 971.0 1425302
2024.4 971.0 2461220
2075.2 971.0 1153161
2176.8 971.0 498037
2176.8 945.6 1072978
2075.2 945.6 855752
2024.4 945.6 890955
1999.0 945.6 2398251
1973.6 945.6 2711490
1922.8 945.6 2007030
1821.2 945.6 2748968
1783.1 945.6 2575501
1757.7 945.6 2053403
1732.3 945.6 2640293
1706.9 945.6 1664985
1681.5 945.6 1278324
1656.1 945.6 1945165
1618.0 926.6 3374198
1821.2 920.2 1953409
1922.8 920.2 3515376
1643.4 901.2 1662169
1681.5 894.8 25369
1783.1 894.8 2862276
1821.2 894.8 2335255
1922.8 894.8 1021974
1618.0 875.8 827512
1681.5 869.4 2313008
1783.1 869.4 1252700
1821.2 869.4 3492894
1922.8 869.4 3834136
1973.6 869.4 2371062
1999.0 869.4 2831228
2024.4 869.4 1346715
2449.8 2037.8 3325584
2475.2 2037.8 3863791
2500.6 2037.8 619454
2526.0 2037.8 1052548
2551.4 2037.8 3416577
2576.8 2037.8 1335145
2602.2 2037.8 3950256
2627.6 2037.8 3482179
2672.1 2037.8 2684302
2697.5 2037.8 2653893
2722.9 2037.8 2698728
2748.3 2037.8 3448706
2773.7 2037.8 3912252
2799.1 2037.8 2345039
2824.5 2037.8 3546790
2849.9 2037.8 2466236
2926.1 2075.9 1918615
3002.3 2075.9 2789046
3053.1 2075.9 1605249
3103.9 2075.9 2001477
3167.4 2075.9 3725268
3243.6 2075.9 645399
3294.4 2075.9 837335
3345.2 2075.9 3498165
3383.3 2088.6 217046
3459.5 2088.6 1380000
3497.6 2088.6 3019301
3599.2 2088.6 1417279
3650.0 2088.6 2543228
3675.4 2088.6 1805019
3700.8 2088.6 289102
2849.9 2114.0 1969216
2824.5 2114.0 2509024
2799.1 2114.0 2819430
2773.7 2114.0 145786
2748.3 2114.0 3848457
2722.9 2114.0 1242932
2697.5 2114.0 2455650
2672.1 2114.0 317500
2627.6 2114.0 128781
2602.2 2114.0 2094691
2576.8 2114.0 2366330
2551.4 2114.0 791505
2526.0 2114.0 3877005
2500.6 2114.0 3568466
2475.2 2114.0 2650632
2449.8 2114.0 1357972
3497.6 2126.7 1176875
3599.2 2126.7 849967
3459.5 2139.4 2611910
3383.3 2139.4 3562289
3345.2 2152.1 1031827
3294.4 2152.1 2837502
3243.6 2152.1 1870212
3167.4 2152.1 3354337
3103.9 2152.1 3451472
3053.1 2152.1 166399
3002.3 2152.1 2771155
2926.1 2152.1 843503
2875.3 2152.1 3061351
2849.9 2152.1 3234216
2824.5 2152.1 578665
2773.7 2152.1 3566154
2672.1 2152.1 2721191
2634.0 2152.1 1820677
2532.4 2152.1 556965
2468.9 2158.5 2173815
2532.4 2177.5 3613856
2634.0 2177.5 609406
2672.1 2177.5 3523234
2773.7 2177.5 1493896
2494.3 2183.9 1181612
2672.1 2202.9 1223878
2773.7 2202.9 1455119
2926.1 2202.9 29866
3002.3 2202.9 3466677
3053.1 2202.9 545005
3103.9 2202.9 1564428
3167.4 2202.9 862944
3243.6 2202.9 3388599
3294.4 2202.9 3495949
3345.2 2202.9 809057
2468.9 2209.3 3295243
3383.3 2215.6 3374568
3459.5 2215.6 1471691
3497.6 2215.6 1353793
3599.2 2215.6 1128695
3675.4 2215.6 2598006
3726.2 2215.6 2822349
2875.3 2228.3 176541
2849.9 2228.3 746412
2824.5 2228.3 3945661
2773.7 2228.3 3639258
2672.1 2228.3 2661830
2634.0 2228.3 1776525
2608.6 2228.3 2334775
2583.2 2228.3 374551
2557.8 2228.3 1839247
2532.4 2228.3 2398348
2507.0 2228.3 3560723
3675.4 2241.0 3008137
3726.2 2241.0 858581
3599.2 2253.7 2033429
3497.6 2253.7 543640
2875.3 2253.7 2076623
2849.9 2253.7 1122455
2824.5 2253.7 2131676
2773.7 2253.7 3311368
2672.1 2253.7 1809881
2634.0 2253.7 3577899
2532.4 2253.7 2785043
2468.9 2260.1 3816554
3383.3 2266.4 1964933
3459.5 2266.4 288335
3675.4 2266.4 2866405
3726.2 2266.4 2848499
3345.2 2279.1 3008135
3294.4 2279.1 1756888
3243.6 2279.1 3483029
3167.4 2279.1 1353225
3103.9 2279.1 545695
3053.1 2279.1 1918591
3002.3 2279.1 1338167
2926.1 2279.1 3460760
2780.0 2279.1 3921963
2754.6 2279.1 381728
2729.2 2279.1 2668296
2634.0 2279.1 1615987
2532.4 2279.1 1000866
2494.3 2285.5 257113
3675.4 2291.8 3644121
3726.2 2291.8 2425766
2634.0 2304.5 1484529
2532.4 2304.5 2983680
2468.9 2310.9 3480427
3675.4 2317.2 1123889
3726.2 2317.2 2618183
3345.2 2329.9 288249
3294.4 2329.9 2778839
3243.6 2329.9 2425981
3167.4 2329.9 1353587
3103.9 2329.9 663333
3053.1 2329.9 3545658
3002.3 2329.9 549932
2926.1 2329.9 2901876
2875.3 2329.9 2527207
2849.9 2329.9 2593995
2824.5 2329.9 3179854
2634.0 2329.9 2773360
2532.4 2329.9 1850533
3383.3 2342.6 3606668
3459.5 2342.6 1428492
3497.6 2342.6 264907
3599.2 2342.6 1983015
3675.4 2342.6 425523
3726.2 2342.6 2744250
2634.0 2355.3 78281
2532.4 2355.3 3238968
2468.9 2361.7 1415822
3675.4 2368.0 1349823
3726.2 2368.0 2180163
3599.2 2380.7 1974317
3497.6 2380.7 3751309
2875.3 2380.7 3227021
2849.9 2380.7 186433
2824.5 2380.7 681994
2780.0 2380.7 1780868
2754.6 2380.7 2496817
2729.2 2380.7 3254386
2634.0 2380.7 1774065
2532.4 2380.7 3476262
2494.3 2387.1 341548
3383.3 2393.4 3604853
3459.5 2393.4 2784356
3675.4 2393.4 1060906
3726.2 2393.4 3175710
3345.2 2406.1 61446
3294.4 2406.1 2285151
3243.6 2406.1 3877618
3167.4 2406.1 3026483
3103.9 2406.1 2305356
3053.1 2406.1 137370
3002.3 2406.1 1209555
2926.1 2406.1 2497932
2634.0 2406.1 2278312
2532.4 2406.1 2230668
2468.9 2412.5 3342186
2722.9 2412.5 1472501
2799.1 2412.5 2793956
3675.4 2418.8 2562757
3726.2 2418.8 1787312
2634.0 2431.5 2958493
2532.4 2431.5 2644633
3675.4 2444.2 1703426
3726.2 2444.2 1528406
3345.2 2456.9 2410530
3294.4 2456.9 1719926
3243.6 2456.9 1719045
3167.4 2456.9 1306332
3103.9 2456.9 364965
3053.1 2456.9 2010254
3002.3 2456.9 610696
2926.1 2456.9 1710616
2875.3 2456.9 2907827
2849.9 2456.9 622428
2824.5 2456.9 2322343
2634.0 2456.9 1758191
2532.4 2456.9 3191374
2468.9 2463.3 2568468
2722.9 2463.3 3718170
2799.1 2463.3 32399
3383.3 2469.6 2287906
3459.5 2469.6 2558688
3497.6 2469.6 1501017
3599.2 2469.6 1529155
3675.4 2469.6 645493
3726.2 2469.6 3813935
2875.3 2482.3 1880938
2849.9 2482.3 1126151
2824.5 2482.3 3633107
2634.0 2482.3 2784715
2532.4 2482.3 1382146
2494.3 2488.7 3837654
3675.4 2495.0 162836
3726.2 2495.0 1672297
2773.7 2501.4 2614759
2672.1 2501.4 2592145
2532.4 2507.7 2575394
2634.0 2507.7 3145041
3497.6 2507.7 661451
3599.2 2507.7 2967236
2468.9 2514.1 1651086
3383.3 2520.4 1710316
3459.5 2520.4 2567478
3675.4 2520.4 3052980
3726.2 2520.4 542310
2773.7 2526.8 2708177
2672.1 2526.8 3326453
2926.1 2533.1 1951695
3002.3 2533.1 3361645
3053.1 2533.1 180720
3103.9 2533.1 2946566
3167.4 2533.1 1825125
3243.6 2533.1 399304
3294.4 2533.1 834158
3345.2 2533.1 3232480
3675.4 2545.8 1097866
3726.2 2545.8 3302354
2875.3 2558.5 504663
2849.9 2558.5 569739
2824.5 2558.5 189413
2430.8 2571.2 477969
2456.2 2571.2 3651359
2481.6 2571.2 119166
2507.0 2571.2 710395
2532.4 2571.2 479591
2557.8 2571.2 3092398
2583.2 2571.2 3630857
2608.6 2571.2 63435
2634.0 2571.2 2766349
2659.4 2571.2 399030
2684.8 2571.2 2936519
2710.2 2571.2 3786317
2735.6 2571.2 3233624
2761.0 2571.2 988519
2786.4 2571.2 814524
3675.4 2571.2 100839
3726.2 2571.2 1342659
3345.2 2583.9 1767576
3294.4 2583.9 3599968
3243.6 2583.9 138233
3167.4 2583.9 2282985
3103.9 2583.9 1273746
3053.1 2583.9 2449171
3002.3 2583.9 84935
2926.1 2583.9 1284022
3383.3 2596.6 1980141
3459.5 2596.6 586301
3497.6 2596.6 2844281
3599.2 2596.6 1367797
3675.4 2596.6 2435317
3726.2 2596.6 21885
2875.3 2609.3 3764419
2849.9 2609.3 817992
2824.5 2609.3 1038353
2773.7 2609.3 427957
2672.1 2609.3 1873794
2634.0 2609.3 3184194
2532.4 2609.3 472212
2468.9 2615.7 2319728
3675.4 2622.0 2544006
3726.2 2622.0 3449212
3599.2 2634.7 3719957
3497.6 2634.7 2164083
2773.7 2634.7 2020739
2672.1 2634.7 1385856
2634.0 2634.7 2168
2532.4 2634.7 3795700
2494.3 2641.1 74879
3383.3 2647.4 448170
3459.5 2647.4 1926117
3675.4 2647.4 1609967
3726.2 2647.4 3719556
3345.2 2660.1 2191013
3294.4 2660.1 3754635
3243.6 2660.1 3261755
3167.4 2660.1 1427452
3103.9 2660.1 2912125
3053.1 2660.1 3568266
3002.3 2660.1 95064
2926.1 2660.1 1963636
2773.7 2660.1 956217
2672.1 2660.1 3313600
2468.9 2666.5 749891
3675.4 2672.8 237280
3726.2 2672.8 3005552
2634.0 2679.2 2005220
2608.6 2679.2 3141955
2583.2 2679.2 2236757
2507.0 2685.5 314825
2532.4 2685.5 2149439
2557.8 2685.5 3574345
2672.1 2685.5 118998
2773.7 2685.5 176180
2824.5 2685.5 3744358
2849.9 2685.5 2566208
2875.3 2685.5 1225836
3675.4 2698.2 2844076
3726.2 2698.2 1775496
3345.2 2710.9 1438484
3294.4 2710.9 2149808
3243.6 2710.9 3530894
3167.4 2710.9 814370
3103.9 2710.9 1573959
3053.1 2710.9 3104766
3002.3 2710.9 2025071
2926.1 2710.9 1022195
2875.3 2710.9 571435
2849.9 2710.9 2793588
2824.5 2710.9 2790179
2773.7 2710.9 605601
2672.1 2710.9 2407486
2634.0 2710.9 469288
2532.4 2710.9 6703
2468.9 2717.3 3012391
3383.3 2723.6 2491753
3459.5 2723.6 2367052
3497.6 2723.6 1768371
3599.2 2723.6 2180947
3675.4 2723.6 176358
3726.2 2723.6 61330
2780.0 2736.3 2970037
2754.6 2736.3 2266456
2729.2 2736.3 839887
2634.0 2736.3 3928515
2532.4 2736.3 3038037
2494.3 2742.7 1567586
3675.4 2749.0 1138354
3726.2 2749.0 2295400
3599.2 2761.7 1149615
3497.6 2761.7 3640750
2634.0 2761.7 2089072
2532.4 2761.7 2970031
2468.9 2768.1 1538880
3383.3 2774.4 2254911
3459.5 2774.4 3546728
3675.4 2774.4 840800
3726.2 2774.4 306696
3345.2 2787.1 2029767
3294.4 2787.1 3714845
3243.6 2787.1 2817169
3167.4 2787.1 2399725
3103.9 2787.1 3295481
3053.1 2787.1 184474
3002.3 2787.1 3762433
2926.1 2787.1 1991520
2875.3 2787.1 3561411
2849.9 2787.1 951921
2824.5 2787.1 3904067
2634.0 2787.1 3490540
2532.4 2787.1 1140618
3675.4 2799.8 1098431
3726.2 2799.8 1816601
2634.0 2812.5 368433
2532.4 2812.5 940863
2468.9 2818.9 1543939
3675.4 2825.2 36060
3726.2 2825.2 523502
3345.2 2837.9 326563
3294.4 2837.9 815712
3243.6 2837.9 1592050
3167.4 2837.9 1072932
3103.9 2837.9 2602123
3053.1 2837.9 1521587
3002.3 2837.9 2786297
2926.1 2837.9 403738
2875.3 2837.9 1088134
2849.9 2837.9 2622066
2824.5 2837.9 660098
2780.0 2837.9 521574
2754.6 2837.9 3889768
2729.2 2837.9 411211
2634.0 2837.9 1838845
2532.4 2837.9 150773
2494.3 2844.3 278739
3383.3 2850.6 1095172
3459.5 2850.6 1754372
3497.6 2850.6 1695644
3599.2 2850.6 216528
3675.4 2850.6 1903792
3726.2 2850.6 2988641
2634.0 2863.3 1986000
2532.4 2863.3 3149983
2468.9 2869.7 3040114
2722.9 2869.7 2127147
2799.1 2869.7 2760202
3675.4 2876.0 2321734
3726.2 2876.0 935677
3599.2 2888.7 203913
3497.6 2888.7 3958127
2634.0 2888.7 2635389
2532.4 2888.7 3655294
3383.3 2901.4 3279206
3459.5 2901.4 3730008
3675.4 2901.4 1913306
3726.2 2901.4 1664458
3345.2 2914.1 3241610
3294.4 2914.1 2420204
3243.6 2914.1 2092808
3167.4 2914.1 2770168
3103.9 2914.1 1461000
3053.1 2914.1 3083686
3002.3 2914.1 2210521
2926.1 2914.1 1662932
2875.3 2914.1 1508026
2849.9 2914.1 704895
2824.5 2914.1 429473
2634.0 2914.1 703600
2532.4 2914.1 690854
2468.9 2920.5 207917
2722.9 2920.5 3256000
2799.1 2920.5 1577643
3675.4 2926.8 2254727
3726.2 2926.8 1453052
2875.3 2939.5 3084544
2849.9 2939.5 3873420
2824.5 2939.5 3570932
2634.0 2939.5 2142582
2532.4 2939.5 1525414
2494.3 2945.9 812236
3675.4 2952.2 2321743
3726.2 2952.2 2843982
2773.7 2958.6 3949199
2672.1 2958.6 3652122
2532.4 2964.9 1654736
2634.0 2964.9 2999580
2926.1 2964.9 3715047
3002.3 2964.9 67154
3053.1 2964.9 2604243
3103.9 2964.9 1975455
3167.4 2964.9 879273
3243.6 2964.9 1433464
3294.4 2964.9 1512392
3345.2 2964.9 42123
2468.9 2971.3 1526206
3383.3 2977.6 3474535
3459.5 2977.6 2658116
3497.6 2977.6 2055966
3599.2 2977.6 252160
3675.4 2977.6 2947546
3726.2 2977.6 3721121
2773.7 2984.0 2901001
2672.1 2984.0 2863686
3675.4 3003.0 251489
3726.2 3003.0 2397750
3599.2 3015.7 307357
3497.6 3015.7 1905515
2875.3 3015.7 2203842
2849.9 3015.7 3591081
2824.5 3015.7 1710237
2430.8 3028.4 785003
2456.2 3028.4 3335998
2481.6 3028.4 2671622
2507.0 3028.4 287659
2532.4 3028.4 2878910
2557.8 3028.4 3188167
2583.2 3028.4 1930470
2608.6 3028.4 1819988
2634.0 3028.4 469369
2659.4 3028.4 265142
2684.8 3028.4 1084471
2710.2 3028.4 2215975
2735.6 3028.4 2967493
2761.0 3028.4 828439
2786.4 3028.4 3455304
3383.3 3028.4 526723
3459.5 3028.4 3353547
3345.2 3041.1 2489081
3294.4 3041.1 55790
3243.6 3041.1 1571265
3167.4 3041.1 1865094
3103.9 3041.1 531036
3053.1 3041.1 3713018
3002.3 3041.1 1521790
2926.1 3041.1 2218590
3535.7 3066.5 853007
3561.1 3066.5 1957016
3586.5 3066.5 19817
3586.5 2012.4 3434877
3535.7 2012.4 2882577
3484.9 2012.4 779588
3408.7 2012.4 1630759
3345.2 2012.4 3099724
3294.4 2012.4 3591030
3243.6 2012.4 2996200
3167.4 2012.4 2439759
3103.9 2012.4 3556939
3053.1 2012.4 1094724
3002.3 2012.4 1781672
2926.1 2012.4 2095327
2926.1 1936.2 3297043
3002.3 1936.2 3810197
3053.1 1936.2 3232276
3103.9 1936.2 984966
3167.4 1936.2 2425054
3243.6 1936.2 1799090
3294.4 1936.2 328377
3345.2 1936.2 2653012
3408.7 1936.2 1164090
3484.9 1936.2 1852441
3535.7 1936.2 2522664
3586.5 1936.2 969653
3446.8 1796.5 3381282
3421.4 1796.5 1435442
3396.0 1796.5 1952699
2786.4 1745.7 1473906
2761.0 1745.7 1554466
2735.6 1745.7 890947
2710.2 1745.7 1480287
2684.8 1745.7 1594414
2659.4 1745.7 85227
2634.0 1745.7 2176132
2608.6 1745.7 1639351
2583.2 1745.7 2274591
2557.8 1745.7 383930
2532.4 1745.7 2614735
2507.0 1745.7 3670309
2481.6 1745.7 3233359
2456.2 1745.7 2152432
2430.8 1745.7 670783
2824.5 1733.0 2750498
2849.9 1733.0 716762
2875.3 1733.0 2193622
2773.7 1701.3 319823
2672.1 1701.3 2635113
2468.9 1688.6 1654594
2532.4 1682.2 1869499
2634.0 1682.2 1689250
3249.9 1682.2 1855522
3351.5 1682.2 485619
2773.7 1675.9 2253436
2672.1 1675.9 3253270
2494.3 1663.2 3393629
2532.4 1656.8 1907702
2634.0 1656.8 315624
2824.5 1656.8 2504442
2849.9 1656.8 486727
2875.3 1656.8 1167051
3249.9 1656.8 3040471
3351.5 1656.8 1675563
2799.1 1637.8 779536
2722.9 1637.8 2396817
2468.9 1637.8 1368787
2532.4 1631.4 2749117
2634.0 1631.4 914331
2824.5 1631.4 2139498
2849.9 1631.4 3743246
2875.3 1631.4 3142204
3249.9 1631.4 3952927
3351.5 1631.4 3310269
3351.5 1606.0 3135657
3249.9 1606.0 1014288
2634.0 1606.0 1401264
2532.4 1606.0 1270116
2468.9 1587.0 2487263
2722.9 1587.0 1113538
2799.1 1587.0 1628530
2532.4 1580.6 3643624
2634.0 1580.6 973538
3249.9 1580.6 3842136
3351.5 1580.6 3264550
2494.3 1561.6 2636311
2532.4 1555.2 306655
2634.0 1555.2 1315922
2729.2 1555.2 3702200
2754.6 1555.2 3032505
2780.0 1555.2 1256339
2824.5 1555.2 103767
2849.9 1555.2 1766986
2875.3 1555.2 533811
2468.9 1536.2 337100
2532.4 1529.8 207734
2634.0 1529.8 102838
2532.4 1504.4 2236391
2634.0 1504.4 3013507
2824.5 1504.4 1085445
2849.9 1504.4 2074071
2875.3 1504.4 185958
2468.9 1485.4 974901
2532.4 1479.0 2987798
2634.0 1479.0 2136825
2964.2 1479.0 2079112
2494.3 1460.0 254248
2532.4 1453.6 1128324
2634.0 1453.6 788124
2729.2 1453.6 2425238
2754.6 1453.6 3752529
2780.0 1453.6 3422083
2468.9 1434.6 505121
2532.4 1428.2 3253627
2634.0 1428.2 3058050
2672.1 1428.2 2302156
2773.7 1428.2 1228195
2824.5 1428.2 609214
2849.9 1428.2 682511
2875.3 1428.2 3883319
2875.3 1402.8 2347246
2849.9 1402.8 3086926
2824.5 1402.8 2966851
2773.7 1402.8 3007351
2672.1 1402.8 3575641
2634.0 1402.8 3054599
2608.6 1402.8 2295156
2583.2 1402.8 1156252
2557.8 1402.8 88332
2532.4 1402.8 1581029
2507.0 1402.8 2692650
2468.9 1383.8 3734255
2672.1 1377.4 286498
2773.7 1377.4 3275780
2964.2 1377.4 1541657
2494.3 1358.4 3248006
2532.4 1352.0 1801880
2634.0 1352.0 1673287
2672.1 1352.0 1106820
2773.7 1352.0 329720
2468.9 1333.0 156038
2532.4 1326.6 1980878
2634.0 1326.6 2863546
2672.1 1326.6 1696938
2773.7 1326.6 2565986
2824.5 1326.6 3648326
2849.9 1326.6 993297
2875.3 1326.6 444716
2786.4 1288.5 2902896
2761.0 1288.5 3315651
2735.6 1288.5 135245
2710.2 1288.5 1732278
2684.8 1288.5 3326422
2659.4 1288.5 2491673
2634.0 1288.5 1522033
2608.6 1288.5 827857
2583.2 1288.5 501418
2557.8 1288.5 1163672
2532.4 1288.5 2336565
2507.0 1288.5 2328557
2481.6 1288.5 3338198
2456.2 1288.5 172767
2430.8 1288.5 1790181
2824.5 1275.8 3037190
2849.9 1275.8 3406110
2875.3 1275.8 2645202
2773.7 1244.1 2003195
2672.1 1244.1 1988992
2468.9 1231.4 3949870
2532.4 1225.0 1836194
2634.0 1225.0 886021
2672.1 1218.7 2274303
2773.7 1218.7 189105
2494.3 1206.0 2505687
2532.4 1199.6 2970841
2634.0 1199.6 3859572
2824.5 1199.6 1157486
2849.9 1199.6 2439289
2875.3 1199.6 2048640
2799.1 1180.6 19801
2722.9 1180.6 2243004
2468.9 1180.6 1192912
2532.4 1174.2 1487827
2634.0 1174.2 2170423
2824.5 1174.2 219473
2849.9 1174.2 276332
2875.3 1174.2 3162486
2634.0 1148.8 3191507
2532.4 1148.8 2093108
2468.9 1129.8 976182
2722.9 1129.8 3009345
2799.1 1129.8 2336434
2634.0 1123.4 1995781
2532.4 1123.4 955088
2494.3 1104.4 3313078
2532.4 1098.0 1983546
2634.0 1098.0 322052
2729.2 1098.0 928747
2754.6 1098.0 2871874
2780.0 1098.0 3116585
2824.5 1098.0 3665658
2849.9 1098.0 1398841
2875.3 1098.0 608270
2468.9 1079.0 1504566
2532.4 1072.6 3645093
2634.0 1072.6 2638270
2919.7 1066.3 2950070
3021.3 1066.3 3362706
3091.2 1066.3 1460312
3192.8 1066.3 2801813
3243.6 1066.3 3875285
3345.2 1066.3 264568
2875.3 1047.2 3122358
2849.9 1047.2 1244513
2824.5 1047.2 363516
2634.0 1047.2 3170004
2532.4 1047.2 2699454
2919.7 1040.9 1815235
3021.3 1040.9 2070139
3091.2 1040.9 2674624
3192.8 1040.9 3258258
3243.6 1040.9 3642869
3345.2 1040.9 3310093
2468.9 1028.2 2428756
2532.4 1021.8 2296017
2634.0 1021.8 821310
2919.7 1015.5 199034
3021.3 1015.5 3813301
3091.2 1015.5 543133
3192.8 1015.5 2074479
3243.6 1015.5 3412574
3345.2 1015.5 2567224
2494.3 1002.8 3332531
2532.4 996.4 1285350
2634.0 996.4 2344196
2729.2 996.4 2526419
2754.6 996.4 868094
2780.0 996.4 710022
2919.7 990.1 3287472
3021.3 990.1 176167
2468.9 977.4 2982656
2532.4 971.0 1964325
2634.0 971.0 3105726
2672.1 971.0 2804003
2773.7 971.0 2575721
2824.5 971.0 3915571
2849.9 971.0 3903810
2875.3 971.0 3716755
2875.3 945.6 693706
2849.9 945.6 2378185
2824.5 945.6 1006057
2773.7 945.6 127577
2672.1 945.6 487607
2634.0 945.6 52916
2608.6 945.6 1948789
2583.2 945.6 539685
2557.8 945.6 2147261
2532.4 945.6 306086
2507.0 945.6 2730567
2468.9 926.6 3030985
2672.1 920.2 3476363
2773.7 920.2 3297723
2494.3 901.2 1274747
2532.4 894.8 981028
2634.0 894.8 800440
2672.1 894.8 539510
2773.7 894.8 1794824
2468.9 875.8 2720826
2532.4 869.4 665156
2634.0 869.4 2352525
2672.1 869.4 928121
2773.7 869.4 2600087
2824.5 869.4 1722428
2849.9 869.4 1543400
2875.3 869.4 511963
3091.2 958.3 2391878
3116.6 958.3 2689912
3142.0 958.3 1943936
3167.4 958.3 3339149
3192.8 958.3 2473495
3218.2 958.3 922154
3243.6 958.3 662838
3269.0 958.3 425272
3294.4 958.3 3863043
3319.8 958.3 1921113
3319.8 882.1 1083304
3294.4 882.1 3759361
3269.0 882.1 1843947
3243.6 882.1 2914000
3218.2 882.1 2638013
3192.8 882.1 3241637
3167.4 882.1 2746037
3142.0 882.1 2941876
3116.6 882.1 1323430
3091.2 882.1 1100877
3116.6 844.0 3942011
3218.2 844.0 2242745
3535.7 831.3 1441160
3561.1 831.3 3759568
3586.5 831.3 2480424
3650.0 882.1 2088061
3675.4 882.1 1871602
3726.2 882.1 680573
3726.2 907.5 1090087
3675.4 907.5 2994794
3650.0 907.5 2383012
3650.0 932.9 3454746
3675.4 932.9 3949498
3726.2 932.9 560585
3726.2 958.3 1518479
3675.4 958.3 304484
3650.0 958.3 1701403
3650.0 983.7 1377058
3675.4 983.7 3295110
3726.2 983.7 1779242
3726.2 1009.1 3202235
3675.4 1009.1 228777
3650.0 1009.1 3863703
3650.0 1034.5 443119
3675.4 1034.5 2518485
3726.2 1034.5 1597551
3726.2 1059.9 984652
3675.4 1059.9 3519607
3650.0 1059.9 1374645
3650.0 1085.3 2587957
3675.4 1085.3 2715794
3726.2 1085.3 1153472
3726.2 1110.7 2102431
3675.4 1110.7 1635450
3650.0 1110.7 3892411
3650.0 1136.1 933589
3675.4 1136.1 3796315
3726.2 1136.1 2166664
3726.2 1161.5 2955087
3675.4 1161.5 2762998
3650.0 1161.5 1746076
3650.0 1186.9 1594538
3675.4 1186.9 1401666
3726.2 1186.9 2634787
3586.5 1199.6 2493023
3561.1 1199.6 726118
3650.0 1212.3 3670387
3675.4 1212.3 16569
3726.2 1212.3 35436
3726.2 1237.7 2107579
3675.4 1237.7 513598
3650.0 1237.7 3222901
3650.0 1263.1 1631243
3675.4 1263.1 2449602
3726.2 1263.1 3538399
3726.2 1288.5 2036240
3675.4 1288.5 347430
3650.0 1288.5 1349352
3586.5 1301.2 2729883
3561.1 1301.2 3160802
3650.0 1313.9 17075
3675.4 1313.9 2521413
3726.2 1313.9 3616190
3726.2 1339.3 2799941
3675.4 1339.3 3447856
3650.0 1339.3 1930765
3650.0 1364.7 3860383
3675.4 1364.7 2448311
3726.2 1364.7 897188
3726.2 1390.1 1911583
3675.4 1390.1 870166
3650.0 1390.1 1109344
3650.0 1415.5 1629512
3675.4 1415.5 3423572
3726.2 1415.5 2136749
3726.2 1440.9 3412382
3675.4 1440.9 3195701
3650.0 1440.9 1810729
3650.0 1466.3 890993
3675.4 1466.3 1129083
3726.2 1466.3 1446087
3726.2 1491.7 2478091
3675.4 1491.7 2075029
3650.0 1491.7 830997
3650.0 1517.1 3169341
3675.4 1517.1 56088
3726.2 1517.1 2363773
3726.2 1542.5 2995471
3675.4 1542.5 2831248
3650.0 1542.5 1020839
3573.8 1548.9 2942952
3548.4 1548.9 176428
3650.0 1567.9 2965818
3675.4 1567.9 758170
3726.2 1567.9 2570613
3726.2 1593.3 3314004
3675.4 1593.3 2037806
3650.0 1593.3 3210056
3650.0 1618.7 1723956
3675.4 1618.7 1058610
3726.2 1618.7 2618000
3726.2 1644.1 3742208
3675.4 1644.1 2763384
3650.0 1644.1 2839577
3726.2 1669.5 787307
3675.4 1669.5 1270109
3650.0 1669.5 3322035
3599.2 1669.5 2155378
3497.6 1669.5 2497339
3497.6 1694.9 3647883
3599.2 1694.9 1320666
3599.2 1720.3 1766350
3497.6 1720.3 1131945
