# C:\Users\gielpa\PycharmProjects\Genetic-Algorithm\data-bak\d198.tsp\data
0.0 0.0 293029
551.2 996.4 330744
627.4 996.4 417755
703.6 996.4 245376
703.6 1047.2 168398
627.4 1047.2 377540
551.2 1047.2 209267
881.4 1352.0 147509
932.2 1352.0 182906
957.6 1352.0 148804
983.0 1352.0 235670
1008.4 1352.0 118130
1033.8 1352.0 350368
1313.2 1123.4 213626
1287.8 1098.0 336170
1287.8 996.4 110133
1313.2 996.4 134276
1465.6 996.4 308207
1516.4 996.4 187504
1592.6 996.4 3639
1592.6 1098.0 185092
1516.4 1098.0 369976
1465.6 1098.0 83267
1567.2 1123.4 107856
1592.6 1148.8 318444
1567.2 1174.2 176100
1541.8 1174.2 355687
1491.0 1174.2 191059
1440.2 1174.2 167824
1465.6 1199.6 159683
1414.8 1225.0 320941
1440.2 1225.0 46310
1491.0 1225.0 160386
1516.4 1225.0 42162
1592.6 1250.4 107599
1465.6 1250.4 209086
1440.2 1250.4 43041
1389.4 1250.4 116561
1541.8 1275.8 16787
1160.8 1123.4 83200
1160.8 1225.0 87898
1262.4 1301.2 124583
1287.8 1301.2 221594
1338.6 1301.2 238568
1414.8 1301.2 71218
1491.0 1301.2 60124
1541.8 1301.2 81347
1643.4 1301.2 337067
1668.8 1326.6 112326
1618.0 1326.6 397633
1567.2 1326.6 174391
1516.4 1326.6 139343
1465.6 1326.6 198933
1414.8 1326.6 376022
1338.6 1326.6 65281
1313.2 1326.6 62487
1237.0 1326.6 119224
1237.0 1352.0 96299
1313.2 1352.0 118307
1338.6 1352.0 245143
1414.8 1352.0 294367
1465.6 1352.0 112424
1694.2 1352.0 120377
1618.0 1377.4 409325
1516.4 1377.4 20525
1414.8 1377.4 379739
1338.6 1377.4 5078
1313.2 1377.4 251386
1237.0 1377.4 284055
1357.7 1390.1 290136
1237.0 1402.8 109518
1313.2 1402.8 224775
1338.6 1402.8 240584
1414.8 1402.8 231804
1465.6 1402.8 81022
1567.2 1402.8 205850
1592.6 1402.8 243572
1618.0 1402.8 210431
1694.2 1428.2 86551
1668.8 1428.2 306067
1541.8 1428.2 51736
1440.2 1428.2 35320
1414.8 1428.2 231333
1338.6 1428.2 184883
1262.4 1428.2 12965
1237.0 1453.6 363443
1338.6 1453.6 130135
1414.8 1453.6 369901
1465.6 1453.6 71409
1491.0 1453.6 7579
1668.8 1453.6 339545
1694.2 1453.6 156422
1618.0 1479.0 188557
1592.6 1479.0 32615
1567.2 1479.0 84422
1516.4 1479.0 34333
1440.2 1479.0 100437
1414.8 1479.0 203817
1338.6 1479.0 195440
1262.4 1479.0 43454
1592.6 1504.4 293414
1618.0 1504.4 287375
1668.8 1529.8 163912
1694.2 1529.8 317168
1745.0 1529.8 405326
1821.2 1529.8 244666
1846.6 1529.8 109533
1948.2 1529.8 83774
1922.8 1555.2 161902
1897.4 1555.2 192519
1872.0 1555.2 91665
1821.2 1555.2 230224
1795.8 1555.2 306057
1770.4 1555.2 205349
1770.4 1656.8 42334
1795.8 1656.8 219215
1821.2 1656.8 420145
1872.0 1656.8 371986
1897.4 1656.8 2467
1922.8 1656.8 68853
1808.5 1694.9 263979
1757.7 1694.9 83902
1884.7 1733.0 282165
1999.0 1733.0 208465
2075.2 1733.0 40592
2113.3 1733.0 12259
2176.8 1733.0 316756
2236.5 1733.0 290821
2176.8 1783.8 296906
2126.0 1783.8 277937
2100.6 1783.8 71723
2100.6 1809.2 278760
2126.0 1809.2 266834
2100.6 1834.6 302070
2126.0 1834.6 359453
2151.4 1834.6 1308
2236.5 1847.3 358810
1999.0 1847.3 271941
1884.7 1847.3 287292
2100.6 1860.0 416528
2126.0 1860.0 279358
2100.6 1885.4 223083
2126.0 1885.4 220531
2176.8 1885.4 246158
2151.4 1910.8 274072
2126.0 1910.8 342262
2100.6 1910.8 320108
2100.6 1936.2 361529
2126.0 1936.2 257323
2176.8 1936.2 409715
2227.6 1936.2 98195
2126.0 1961.6 187259
2100.6 1961.6 315393
1795.8 1987.0 97910
1821.2 1987.0 166383
1846.6 1987.0 166436
1872.0 1987.0 18606
1897.4 1987.0 3174
1948.2 1987.0 363998
2056.2 1987.0 381979
2100.6 1987.0 191332
2126.0 1987.0 290530
2253.0 1987.0 395220
2303.8 1987.0 300587
2380.0 1987.0 394543
2405.4 1987.0 199825
2024.4 1402.8 312628
2151.4 1402.8 377552
2075.2 1707.6 316307
2176.8 1707.6 107055
2350.8 1733.0 62246
2350.8 1847.3 45863
3652.1 1010.3 232917
3725.7 1010.3 316248
3725.7 1086.5 411586
3652.1 1086.5 268296
3726.2 1148.8 4887
3802.4 1148.8 82537
3853.2 1148.8 186495
3802.4 1174.2 236500
3700.8 1174.2 386876
3605.6 1199.6 243207
3700.8 1199.6 182157
3802.4 1199.6 393542
3853.2 1199.6 401190
4028.3 1310.3 65552
3952.1 1310.3 166457
3728.3 1310.3 82606
3652.1 1310.3 243544
3652.1 1386.5 321650
3728.3 1386.5 22468
3952.1 1386.5 3712
4028.3 1386.5 403640
3853.2 1123.4 285390
3952.1 1086.5 266348
4028.3 1086.5 74187
4028.3 1010.3 205788
3952.1 1010.3 412982
