# C:\Users\gielpa\PycharmProjects\Genetic-Algorithm\data-bak\d2103.tsp\data
0.0 0.0 1079248
691.1 856.7 691125
741.9 856.7 3143720
792.7 856.7 3814917
868.9 863.1 4880187
792.7 907.5 4413822
691.1 907.5 3676395
868.9 913.9 3783658
792.7 958.3 4331955
741.9 958.3 4656539
691.1 958.3 4292578
691.1 1618.7 4889523
741.9 1618.7 709832
792.7 1618.7 2475056
792.7 1669.5 691948
691.1 1669.5 1392383
691.1 1720.3 995775
741.9 1720.3 4991212
792.7 1720.3 4452934
1097.5 2425.2 607549
907.0 2412.5 2770330
830.8 2412.5 972959
1034.0 2387.1 5440789
1059.4 2387.1 4502864
856.2 2374.4 5176346
830.8 2361.7 1808657
856.2 2349.0 4161967
830.8 2336.3 986412
983.2 2336.3 1272993
1022.9 2336.3 928912
1062.5 2336.3 622606
1102.1 2336.3 3905905
1141.7 2336.3 804040
1181.4 2336.3 406899
1221.0 2336.3 1899241
1260.6 2336.3 2959413
1300.2 2336.3 4759423
1339.9 2336.3 1770042
1379.5 2336.3 3798814
1419.1 2336.3 4193223
1458.7 2336.3 2780547
1498.4 2336.3 5359789
1538.0 2336.3 1852694
1577.6 2336.3 1615189
1617.2 2336.3 2499316
1656.9 2336.3 1975267
1696.5 2336.3 279476
1736.1 2336.3 480009
1775.7 2336.3 484254
1815.4 2336.3 5110655
1855.0 2336.3 129814
1894.6 2336.3 2877285
1934.2 2336.3 1162933
1973.8 2336.3 1973383
2013.5 2336.3 3648302
2053.1 2336.3 4440516
2092.7 2336.3 823874
2132.3 2336.3 1153357
2172.0 2336.3 1313602
2211.6 2336.3 751504
2251.2 2336.3 3402119
2290.8 2336.3 3509732
2330.5 2336.3 5220868
2370.1 2336.3 4028299
2409.7 2336.3 4363927
2449.3 2336.3 186831
2489.0 2336.3 2123150
2528.6 2336.3 3639858
2568.2 2336.3 4853518
2607.8 2336.3 4594499
2647.5 2336.3 5436473
856.2 2323.6 3648813
856.2 2298.2 564405
983.2 2285.5 575151
1022.9 2285.5 359570
1062.5 2285.5 4036037
1102.1 2285.5 5338526
1141.7 2285.5 4078773
1181.4 2285.5 4333068
1221.0 2285.5 1905071
1260.6 2285.5 455823
1300.2 2285.5 3389503
1339.9 2285.5 1547267
1379.5 2285.5 2745237
1419.1 2285.5 2370658
1458.7 2285.5 71294
1498.4 2285.5 4828782
1538.0 2285.5 4130556
1577.6 2285.5 3954853
1617.2 2285.5 1163851
1656.9 2285.5 1736424
1696.5 2285.5 4117342
1736.1 2285.5 4913593
1775.7 2285.5 4786948
1815.4 2285.5 3320237
1855.0 2285.5 3814172
1894.6 2285.5 1348212
1934.2 2285.5 4440177
1973.8 2285.5 4049396
2013.5 2285.5 168366
2053.1 2285.5 1738639
2092.7 2285.5 802526
2132.3 2285.5 265521
2172.0 2285.5 3943145
2211.6 2285.5 378938
2251.2 2285.5 5115667
2290.8 2285.5 2512334
2330.5 2285.5 3743811
2370.1 2285.5 2630974
2409.7 2285.5 4094967
2449.3 2285.5 2484291
2489.0 2285.5 177023
2528.6 2285.5 2255037
2568.2 2285.5 3975382
2607.8 2285.5 2754160
2647.5 2285.5 17142
1059.4 2234.7 5429536
1034.0 2234.7 1989981
1034.0 2183.9 2859636
1059.4 2183.9 2649296
983.2 2133.1 3161560
1022.9 2133.1 2179308
1062.5 2133.1 1180846
1102.1 2133.1 1965069
1141.7 2133.1 1531132
1181.4 2133.1 4969937
1221.0 2133.1 3637441
1260.6 2133.1 5264114
1300.2 2133.1 900555
1339.9 2133.1 1932285
1379.5 2133.1 1597150
1419.1 2133.1 1713323
1458.7 2133.1 405483
1498.4 2133.1 4509752
1538.0 2133.1 3703984
1577.6 2133.1 1810914
1617.2 2133.1 638618
1656.9 2133.1 1675261
1696.5 2133.1 1884304
1736.1 2133.1 632890
1775.7 2133.1 2680666
1815.4 2133.1 1829964
1855.0 2133.1 104025
1894.6 2133.1 1561592
1934.2 2133.1 1387458
1973.8 2133.1 5340838
2013.5 2133.1 2525723
2053.1 2133.1 1715260
2092.7 2133.1 404117
2132.3 2133.1 77633
2172.0 2133.1 3728193
2211.6 2133.1 3625911
2251.2 2133.1 575138
2290.8 2133.1 4042589
2330.5 2133.1 4470682
2370.1 2133.1 1249620
2409.7 2133.1 4647479
2449.3 2133.1 5271480
2489.0 2133.1 3444553
2528.6 2133.1 2665798
2568.2 2133.1 3694946
2607.8 2133.1 2903304
2647.5 2133.1 1613692
2647.5 2082.3 4982435
2607.8 2082.3 2197809
2568.2 2082.3 5427925
2528.6 2082.3 664023
2489.0 2082.3 2557456
2449.3 2082.3 201640
2409.7 2082.3 3088028
2370.1 2082.3 3348067
2330.5 2082.3 640512
2290.8 2082.3 2512454
2251.2 2082.3 506328
2211.6 2082.3 4811390
2172.0 2082.3 3546622
2132.3 2082.3 4993647
2092.7 2082.3 2090515
2053.1 2082.3 2042929
2013.5 2082.3 3449102
1973.8 2082.3 763937
1934.2 2082.3 4766996
1894.6 2082.3 29818
1855.0 2082.3 3278266
1815.4 2082.3 3573063
1775.7 2082.3 5241010
1736.1 2082.3 1868709
1696.5 2082.3 1448911
1656.9 2082.3 3257787
1617.2 2082.3 1160337
1577.6 2082.3 3883056
1538.0 2082.3 3785282
1498.4 2082.3 153915
1458.7 2082.3 2794877
1419.1 2082.3 2669741
1379.5 2082.3 4452279
1339.9 2082.3 1861883
1300.2 2082.3 1668349
1260.6 2082.3 2347754
1221.0 2082.3 524522
1181.4 2082.3 1074240
1141.7 2082.3 2874852
1102.1 2082.3 3356207
1062.5 2082.3 418077
1022.9 2082.3 2148373
983.2 2082.3 1761616
1034.0 2031.5 3695818
1059.4 2031.5 4285626
881.6 1993.4 2053323
1034.0 1980.7 2681539
1059.4 1980.7 3883976
881.6 1968.0 3570282
856.2 1968.0 3636559
843.5 1942.6 4069672
881.6 1942.6 1946189
983.2 1929.9 363495
1022.9 1929.9 4585513
1062.5 1929.9 4879276
1102.1 1929.9 1671482
1141.7 1929.9 21124
1181.4 1929.9 4550594
1221.0 1929.9 4766529
1260.6 1929.9 1520054
1300.2 1929.9 1193701
1339.9 1929.9 1117256
1379.5 1929.9 4215889
1419.1 1929.9 5396162
1458.7 1929.9 3381523
1498.4 1929.9 4125107
1538.0 1929.9 1598195
1577.6 1929.9 487054
1617.2 1929.9 2109070
1656.9 1929.9 4628687
1696.5 1929.9 483853
1736.1 1929.9 1841431
1775.7 1929.9 2963493
1815.4 1929.9 816852
1855.0 1929.9 4539240
1894.6 1929.9 196272
1934.2 1929.9 2489898
1973.8 1929.9 347001
2013.5 1929.9 2624867
2053.1 1929.9 5059663
2092.7 1929.9 5192592
2132.3 1929.9 2716500
2172.0 1929.9 3981784
2211.6 1929.9 3217282
2251.2 1929.9 267343
2290.8 1929.9 1759327
2330.5 1929.9 2917338
2370.1 1929.9 3595347
2409.7 1929.9 4235033
2449.3 1929.9 1841505
2489.0 1929.9 4076352
2528.6 1929.9 1936391
2568.2 1929.9 1494792
2607.8 1929.9 4484538
2647.5 1929.9 2114658
881.6 1917.2 5160510
830.8 1917.2 1531677
818.1 1891.8 607621
881.6 1891.8 460631
983.2 1879.1 5148136
1022.9 1879.1 2222998
1062.5 1879.1 1080141
1102.1 1879.1 2549836
1141.7 1879.1 1155983
1181.4 1879.1 1051358
1221.0 1879.1 5276215
1260.6 1879.1 1414753
1300.2 1879.1 3304022
1339.9 1879.1 5046504
1379.5 1879.1 4652516
1419.1 1879.1 2067999
1458.7 1879.1 1312094
1498.4 1879.1 206819
1538.0 1879.1 2956676
1577.6 1879.1 3526919
1617.2 1879.1 5045591
1656.9 1879.1 2599577
1696.5 1879.1 2326899
1736.1 1879.1 2667615
1775.7 1879.1 5143538
1815.4 1879.1 2588922
1855.0 1879.1 3820171
1894.6 1879.1 4903030
1934.2 1879.1 957576
1973.8 1879.1 1860578
2013.5 1879.1 1873821
2053.1 1879.1 2403391
2092.7 1879.1 4119306
2132.3 1879.1 743347
2172.0 1879.1 4448776
2211.6 1879.1 3769077
2251.2 1879.1 3601187
2290.8 1879.1 364684
2330.5 1879.1 2696484
2370.1 1879.1 3241565
2409.7 1879.1 196320
2449.3 1879.1 504851
2489.0 1879.1 5147362
2528.6 1879.1 2280019
2568.2 1879.1 4827551
2607.8 1879.1 2491272
2647.5 1879.1 2676584
881.6 1866.4 3380424
881.6 1841.0 569270
1034.0 1828.3 220373
1059.4 1828.3 4973037
881.6 1815.6 3817928
881.6 1777.5 1734136
1034.0 1777.5 3420411
1059.4 1777.5 3786894
983.2 1726.7 4362623
1022.9 1726.7 5125694
1062.5 1726.7 3201926
1102.1 1726.7 1724252
1141.7 1726.7 4561918
1181.4 1726.7 1252355
1221.0 1726.7 4249272
1260.6 1726.7 355619
1300.2 1726.7 4217748
1339.9 1726.7 2141081
1379.5 1726.7 1226740
1419.1 1726.7 3773976
1458.7 1726.7 4942584
1498.4 1726.7 2434485
1538.0 1726.7 4038426
1577.6 1726.7 4188343
1617.2 1726.7 987108
1656.9 1726.7 2527493
1696.5 1726.7 5140952
1736.1 1726.7 4690100
1775.7 1726.7 2655152
1815.4 1726.7 3740347
1855.0 1726.7 2392353
1894.6 1726.7 3452650
1934.2 1726.7 2240630
1973.8 1726.7 2916286
2013.5 1726.7 3150762
2053.1 1726.7 4936309
2092.7 1726.7 495516
2132.3 1726.7 2446255
2172.0 1726.7 3009668
2211.6 1726.7 2777600
2251.2 1726.7 4252718
2290.8 1726.7 62205
2330.5 1726.7 3446773
2370.1 1726.7 1492162
2409.7 1726.7 4265765
2449.3 1726.7 346077
2489.0 1726.7 4240122
2528.6 1726.7 4133244
2568.2 1726.7 4912745
2607.8 1726.7 2329621
2647.5 1726.7 1996259
881.6 1701.3 4897658
983.2 1675.9 771761
1022.9 1675.9 1544501
1062.5 1675.9 4961551
1102.1 1675.9 3695847
1141.7 1675.9 2757974
1181.4 1675.9 4011855
1221.0 1675.9 13664
1260.6 1675.9 3841306
1300.2 1675.9 1872163
1339.9 1675.9 815975
1379.5 1675.9 2180586
1419.1 1675.9 3407778
1458.7 1675.9 3254888
1498.4 1675.9 3078038
1538.0 1675.9 1962385
1577.6 1675.9 782405
1617.2 1675.9 1139934
1656.9 1675.9 1651103
1696.5 1675.9 771272
1736.1 1675.9 3999311
1775.7 1675.9 2523747
1815.4 1675.9 5286789
1855.0 1675.9 3794414
1894.6 1675.9 5085362
1934.2 1675.9 840907
1973.8 1675.9 5291309
2013.5 1675.9 1816802
2053.1 1675.9 3877734
2092.7 1675.9 1551998
2132.3 1675.9 1977533
2172.0 1675.9 2714814
2211.6 1675.9 2132635
2251.2 1675.9 5325666
2290.8 1675.9 3807048
2330.5 1675.9 3550160
2370.1 1675.9 2764463
2409.7 1675.9 3506373
2449.3 1675.9 3055833
2489.0 1675.9 4852599
2528.6 1675.9 3788049
2568.2 1675.9 5249759
2607.8 1675.9 4752981
2647.5 1675.9 1968605
868.9 1663.2 1370204
1034.0 1625.1 2729661
1059.4 1625.1 200258
1059.4 1574.3 773364
1034.0 1574.3 3126230
983.2 1523.5 5245540
1022.9 1523.5 5360351
1062.5 1523.5 1359096
1102.1 1523.5 4087370
1141.7 1523.5 1099690
1181.4 1523.5 2749433
1221.0 1523.5 3701094
1260.6 1523.5 5119275
1300.2 1523.5 3883079
1339.9 1523.5 500373
1379.5 1523.5 3095343
1419.1 1523.5 5105490
1458.7 1523.5 2118769
1498.4 1523.5 1237399
1538.0 1523.5 3805437
1577.6 1523.5 390967
1617.2 1523.5 3370583
1656.9 1523.5 3065168
1696.5 1523.5 311645
1736.1 1523.5 3573451
1775.7 1523.5 2312465
1815.4 1523.5 356309
1855.0 1523.5 3131811
1894.6 1523.5 2742270
1934.2 1523.5 3084303
1973.8 1523.5 4566200
2013.5 1523.5 1254566
2053.1 1523.5 3144441
2092.7 1523.5 1077187
2132.3 1523.5 75222
2172.0 1523.5 3478963
2211.6 1523.5 357184
2251.2 1523.5 256001
2290.8 1523.5 3849837
2330.5 1523.5 892601
2370.1 1523.5 1170496
2409.7 1523.5 1250004
2449.3 1523.5 3663977
2489.0 1523.5 3839652
2528.6 1523.5 5225012
2568.2 1523.5 569517
2607.8 1523.5 1079577
2647.5 1523.5 1117516
868.9 1485.4 3909819
983.2 1472.7 3741867
1022.9 1472.7 1039632
1062.5 1472.7 4219880
1102.1 1472.7 121728
1141.7 1472.7 1840087
1181.4 1472.7 2581566
1221.0 1472.7 4776620
1260.6 1472.7 2066711
1300.2 1472.7 1514378
1339.9 1472.7 3787977
1379.5 1472.7 2381246
1419.1 1472.7 4918114
1458.7 1472.7 4883728
1498.4 1472.7 657882
1538.0 1472.7 905329
1577.6 1472.7 4001427
1617.2 1472.7 461371
1656.9 1472.7 3936144
1696.5 1472.7 220614
1736.1 1472.7 4836804
1775.7 1472.7 5210603
1815.4 1472.7 440824
1855.0 1472.7 1449951
1894.6 1472.7 79303
1934.2 1472.7 366081
1973.8 1472.7 2252028
2013.5 1472.7 2590919
2053.1 1472.7 515516
2092.7 1472.7 4290729
2132.3 1472.7 2489206
2172.0 1472.7 3249596
2211.6 1472.7 4799960
2251.2 1472.7 2295037
2290.8 1472.7 2234954
2330.5 1472.7 1241105
2370.1 1472.7 1036749
2409.7 1472.7 1038955
2449.3 1472.7 86973
2489.0 1472.7 4407837
2528.6 1472.7 477077
2568.2 1472.7 202257
2607.8 1472.7 1448924
2647.5 1472.7 314098
1059.4 1421.9 3076135
1034.0 1421.9 1688518
856.2 1396.5 4016374
830.8 1396.5 4040718
1034.0 1371.1 5331404
1059.4 1371.1 810955
907.0 1358.4 1704280
830.8 1358.4 2905274
830.8 1333.0 5446597
907.0 1333.0 3515696
983.2 1320.3 4493815
1022.9 1320.3 2454510
1062.5 1320.3 1356372
1102.1 1320.3 4304030
1141.7 1320.3 2555531
1181.4 1320.3 159586
1221.0 1320.3 552467
1260.6 1320.3 2856935
1300.2 1320.3 3775251
1339.9 1320.3 3642037
1379.5 1320.3 966548
1419.1 1320.3 720625
1458.7 1320.3 5202760
1498.4 1320.3 1610203
1538.0 1320.3 5304812
1577.6 1320.3 2991907
1617.2 1320.3 1057922
1656.9 1320.3 2118034
1696.5 1320.3 3388417
1736.1 1320.3 2776234
1775.7 1320.3 2161631
1815.4 1320.3 3689392
1855.0 1320.3 3197533
1894.6 1320.3 3470106
1934.2 1320.3 4118771
1973.8 1320.3 2660699
2013.5 1320.3 622052
2053.1 1320.3 1470417
2092.7 1320.3 2816575
2132.3 1320.3 1864097
2172.0 1320.3 85982
2211.6 1320.3 4829358
2251.2 1320.3 2428681
2290.8 1320.3 3141381
2330.5 1320.3 498603
2370.1 1320.3 2834794
2409.7 1320.3 1271416
2449.3 1320.3 4137952
2489.0 1320.3 4755920
2528.6 1320.3 3936796
2568.2 1320.3 1162885
2607.8 1320.3 3403913
2647.5 1320.3 4910154
907.0 1307.6 1281815
830.8 1307.6 187435
830.8 1282.2 3750260
907.0 1282.2 3351450
983.2 1269.5 2259229
1022.9 1269.5 3350663
1062.5 1269.5 3663388
1102.1 1269.5 1845760
1141.7 1269.5 4982054
1181.4 1269.5 5076078
1221.0 1269.5 1262017
1260.6 1269.5 2523264
1300.2 1269.5 1063044
1339.9 1269.5 485802
1379.5 1269.5 4293779
1419.1 1269.5 1281460
1458.7 1269.5 2641046
1498.4 1269.5 782405
1538.0 1269.5 1923902
1577.6 1269.5 4581580
1617.2 1269.5 1344274
1656.9 1269.5 5200525
1696.5 1269.5 4015657
1736.1 1269.5 4602487
1775.7 1269.5 699141
1815.4 1269.5 3395924
1855.0 1269.5 5432642
1894.6 1269.5 653902
1934.2 1269.5 3025286
1973.8 1269.5 3504331
2013.5 1269.5 3515644
2053.1 1269.5 4009047
2092.7 1269.5 52782
2132.3 1269.5 2173188
2172.0 1269.5 2315803
2211.6 1269.5 4790786
2251.2 1269.5 496183
2290.8 1269.5 1056216
2330.5 1269.5 5193372
2370.1 1269.5 1162000
2409.7 1269.5 2483892
2449.3 1269.5 4332547
2489.0 1269.5 4109454
2528.6 1269.5 2678662
2568.2 1269.5 4896256
2607.8 1269.5 1800785
2647.5 1269.5 1701741
907.0 1256.8 833272
830.8 1256.8 371223
830.8 1231.4 2679852
907.0 1231.4 1143185
1034.0 1218.7 3012434
1059.4 1218.7 657604
907.0 1206.0 2707353
830.8 1206.0 4814867
830.8 1180.6 3512815
907.0 1180.6 4421191
1034.0 1167.9 5451697
1059.4 1167.9 1267829
856.2 1142.5 2024087
830.8 1142.5 51312
983.2 1117.1 2589444
1022.9 1117.1 5400393
1062.5 1117.1 3126086
1102.1 1117.1 3767964
1141.7 1117.1 4352192
1181.4 1117.1 282810
1221.0 1117.1 1244912
1260.6 1117.1 1801689
1300.2 1117.1 3259282
1339.9 1117.1 1399521
1379.5 1117.1 4152777
1419.1 1117.1 2259480
1458.7 1117.1 171933
1498.4 1117.1 1635390
1538.0 1117.1 1169580
1577.6 1117.1 4657568
1617.2 1117.1 156536
1656.9 1117.1 2400690
1696.5 1117.1 245802
1736.1 1117.1 1649857
1775.7 1117.1 4793336
1815.4 1117.1 4805408
1855.0 1117.1 228365
1894.6 1117.1 3243228
1934.2 1117.1 4156365
1973.8 1117.1 4571671
2013.5 1117.1 2302155
2053.1 1117.1 3916900
2092.7 1117.1 120219
2132.3 1117.1 416018
2172.0 1117.1 1914653
2211.6 1117.1 1380051
2251.2 1117.1 2843729
2290.8 1117.1 3506753
2330.5 1117.1 1336806
2370.1 1117.1 1596248
2409.7 1117.1 905013
2449.3 1117.1 790290
2489.0 1117.1 1782614
2528.6 1117.1 2797866
2568.2 1117.1 1516566
2607.8 1117.1 2571998
2647.5 1117.1 3704076
907.0 1104.4 3002134
830.8 1104.4 862327
830.8 1079.0 1902273
868.9 1079.0 4386791
907.0 1079.0 2837170
983.2 1066.3 1874042
1022.9 1066.3 2846416
1062.5 1066.3 2725251
1102.1 1066.3 3003047
1141.7 1066.3 502971
1181.4 1066.3 4959543
1221.0 1066.3 148283
1260.6 1066.3 5390382
1300.2 1066.3 2109670
1339.9 1066.3 5436563
1379.5 1066.3 4909577
1419.1 1066.3 103807
1458.7 1066.3 2261982
1498.4 1066.3 1909504
1538.0 1066.3 652261
1577.6 1066.3 1440090
1617.2 1066.3 1927402
1656.9 1066.3 1515015
1696.5 1066.3 2199239
1736.1 1066.3 2084417
1775.7 1066.3 2008115
1815.4 1066.3 1261597
1855.0 1066.3 5233222
1894.6 1066.3 3767343
1934.2 1066.3 5202035
1973.8 1066.3 1272423
2013.5 1066.3 3902136
2053.1 1066.3 4894656
2092.7 1066.3 3908583
2132.3 1066.3 5404521
2172.0 1066.3 1171237
2211.6 1066.3 1955653
2251.2 1066.3 549113
2290.8 1066.3 2568887
2330.5 1066.3 1669815
2370.1 1066.3 3180268
2409.7 1066.3 4526315
2449.3 1066.3 5469261
2489.0 1066.3 1146245
2528.6 1066.3 1273916
2568.2 1066.3 291491
2607.8 1066.3 2539873
2647.5 1066.3 5143561
907.0 1053.6 4602923
868.9 1053.6 4085511
830.8 1053.6 2040434
830.8 1028.2 1159078
868.9 1028.2 1297703
907.0 1028.2 825800
1034.0 1015.5 2576333
1059.4 1015.5 2349478
907.0 1002.8 3827752
830.8 1002.8 2820620
1135.6 990.1 4989245
907.0 977.4 2931263
830.8 977.4 2130280
1034.0 964.7 456277
1059.4 964.7 3236074
907.0 952.0 2866389
830.8 952.0 4216274
830.8 926.6 3807678
907.0 926.6 4705242
983.2 913.9 3482137
1022.9 913.9 1106292
1062.5 913.9 1673806
1102.1 913.9 1076533
1141.7 913.9 298239
1181.4 913.9 4746790
1221.0 913.9 3050617
1260.6 913.9 5357246
1300.2 913.9 2033924
1339.9 913.9 60487
1379.5 913.9 1382046
1419.1 913.9 566810
1458.7 913.9 1981986
1498.4 913.9 5233310
1538.0 913.9 4843083
1577.6 913.9 1204531
1617.2 913.9 1573379
1656.9 913.9 4148678
1696.5 913.9 1376057
1736.1 913.9 1408444
1775.7 913.9 2022705
1815.4 913.9 3490993
1855.0 913.9 2670781
1894.6 913.9 2501606
1934.2 913.9 4733278
1973.8 913.9 4996534
2013.5 913.9 2417637
2053.1 913.9 5109565
2092.7 913.9 1454725
2132.3 913.9 765056
2172.0 913.9 1906678
2211.6 913.9 3908617
2251.2 913.9 1846833
2290.8 913.9 894095
2330.5 913.9 676539
2370.1 913.9 4742192
2409.7 913.9 4568095
2449.3 913.9 4446288
2489.0 913.9 3387811
2528.6 913.9 4052253
2568.2 913.9 3885499
2607.8 913.9 3428544
2647.5 913.9 738494
868.9 888.5 5280756
983.2 863.1 2656162
1022.9 863.1 2870023
1062.5 863.1 3006209
1102.1 863.1 4265652
1141.7 863.1 949760
1181.4 863.1 3771606
1221.0 863.1 360293
1260.6 863.1 4147257
1300.2 863.1 936097
1339.9 863.1 4589759
1379.5 863.1 1683543
1419.1 863.1 4124081
1458.7 863.1 2777542
1498.4 863.1 1597601
1538.0 863.1 3801222
1577.6 863.1 1742703
1617.2 863.1 3194622
1656.9 863.1 3240640
1696.5 863.1 2429136
1736.1 863.1 4892345
1775.7 863.1 4812494
1815.4 863.1 3971916
1855.0 863.1 260348
1894.6 863.1 835819
1934.2 863.1 327162
1973.8 863.1 2861983
2013.5 863.1 3029667
2053.1 863.1 325119
2092.7 863.1 782344
2132.3 863.1 72534
2172.0 863.1 5398920
2211.6 863.1 3586462
2251.2 863.1 3681649
2290.8 863.1 5039676
2330.5 863.1 3831319
2370.1 863.1 1107491
2409.7 863.1 2047565
2449.3 863.1 4394318
2489.0 863.1 513670
2528.6 863.1 5136128
2568.2 863.1 4295624
2607.8 863.1 3750246
2647.5 863.1 330257
1681.5 837.7 3833875
1249.9 837.7 1300714
868.9 837.7 1199316
957.8 825.0 4079113
983.2 825.0 2242565
1034.0 825.0 3020152
1110.2 825.0 4580181
1148.3 825.0 960786
1224.5 825.0 98528
1300.7 825.0 5168982
1376.9 825.0 4034228
1415.0 825.0 3342572
1491.2 825.0 3447281
1529.1 825.0 3986582
1605.3 825.0 3369655
1643.4 825.0 2488587
1719.6 825.0 992868
1757.7 825.0 2373630
1833.9 825.0 359579
691.1 2380.7 302822
741.9 2380.7 665188
792.7 2380.7 4673240
792.7 2431.5 264120
691.1 2431.5 2297959
830.8 2437.9 3820513
907.0 2437.9 5298869
907.0 2463.3 3062694
830.8 2463.3 2295474
792.7 2482.3 992246
741.9 2482.3 4786436
691.1 2482.3 2729681
830.8 2488.7 271342
907.0 2488.7 4706523
983.2 2488.7 572837
1022.9 2488.7 4675273
1062.5 2488.7 3872757
1102.1 2488.7 282247
1141.7 2488.7 3143322
1181.4 2488.7 547616
1221.0 2488.7 2169850
1260.6 2488.7 2643894
1300.2 2488.7 3124821
1339.9 2488.7 2313863
1379.5 2488.7 3286685
1419.1 2488.7 1140534
1458.7 2488.7 3893428
1498.4 2488.7 3526635
1538.0 2488.7 4613699
1577.6 2488.7 3300836
1617.2 2488.7 4325043
1656.9 2488.7 4717441
1696.5 2488.7 2251721
1736.1 2488.7 270091
1775.7 2488.7 3347556
1815.4 2488.7 932383
1855.0 2488.7 2778170
1894.6 2488.7 4911067
1934.2 2488.7 104832
1973.8 2488.7 3578226
2013.5 2488.7 835734
2053.1 2488.7 3566248
2092.7 2488.7 4069978
2132.3 2488.7 2075575
2172.0 2488.7 2812830
2211.6 2488.7 2089364
2251.2 2488.7 1886260
2290.8 2488.7 3610654
2330.5 2488.7 715257
2370.1 2488.7 4234341
2409.7 2488.7 2625272
2449.3 2488.7 4636653
2489.0 2488.7 652408
2528.6 2488.7 2194810
2568.2 2488.7 2671125
2607.8 2488.7 2792832
2647.5 2488.7 2656521
907.0 2514.1 5156925
830.8 2514.1 4105469
830.8 2539.5 5402004
907.0 2539.5 5074605
983.2 2539.5 4200412
1022.9 2539.5 2223458
1062.5 2539.5 4662398
1102.1 2539.5 1407715
1141.7 2539.5 4501287
1181.4 2539.5 1900268
1221.0 2539.5 1672806
1260.6 2539.5 4955859
1300.2 2539.5 428515
1339.9 2539.5 5128672
1379.5 2539.5 3931743
1419.1 2539.5 1315563
1458.7 2539.5 606574
1498.4 2539.5 95642
1538.0 2539.5 119819
1577.6 2539.5 3279611
1617.2 2539.5 5332928
1656.9 2539.5 4235534
1696.5 2539.5 5271906
1736.1 2539.5 4413998
1775.7 2539.5 4250709
1815.4 2539.5 3868859
1855.0 2539.5 2669498
1894.6 2539.5 1645944
1934.2 2539.5 2271374
1973.8 2539.5 1255131
2013.5 2539.5 4397170
2053.1 2539.5 1762656
2092.7 2539.5 513131
2132.3 2539.5 3707309
2172.0 2539.5 156536
2211.6 2539.5 461461
2251.2 2539.5 2085119
2290.8 2539.5 4859359
2330.5 2539.5 2782023
2370.1 2539.5 4400610
2409.7 2539.5 3845247
2449.3 2539.5 3468044
2489.0 2539.5 1923120
2528.6 2539.5 1577613
2568.2 2539.5 819796
2607.8 2539.5 3090086
2647.5 2539.5 4458444
907.0 2564.9 974240
830.8 2564.9 2584994
830.8 2590.3 2423004
907.0 2590.3 3148243
1034.0 2590.3 2835006
1059.4 2590.3 4095670
856.2 2628.4 3642013
830.8 2628.4 4712929
830.8 2666.5 3301621
907.0 2666.5 4944889
830.8 2691.9 3310696
907.0 2691.9 4388865
983.2 2691.9 2583731
1022.9 2691.9 541352
1062.5 2691.9 4160477
1102.1 2691.9 658699
1141.7 2691.9 3073034
1181.4 2691.9 246374
1221.0 2691.9 2057754
1260.6 2691.9 4682605
1300.2 2691.9 2241751
1339.9 2691.9 4690785
1379.5 2691.9 1419087
1419.1 2691.9 2273658
1458.7 2691.9 5163240
1498.4 2691.9 3716408
1538.0 2691.9 1013665
1577.6 2691.9 3023445
1617.2 2691.9 2207651
1656.9 2691.9 584138
1696.5 2691.9 1822043
1736.1 2691.9 3788263
1775.7 2691.9 2057733
1815.4 2691.9 2459003
1855.0 2691.9 1251835
1894.6 2691.9 5159963
1934.2 2691.9 2679019
1973.8 2691.9 2764551
2013.5 2691.9 4978553
2053.1 2691.9 690459
2092.7 2691.9 736041
2132.3 2691.9 133044
2172.0 2691.9 67088
2211.6 2691.9 4706197
2251.2 2691.9 4231624
2290.8 2691.9 3437984
2330.5 2691.9 5250875
2370.1 2691.9 5222660
2409.7 2691.9 1419566
2449.3 2691.9 4371480
2489.0 2691.9 1275185
2528.6 2691.9 478529
2568.2 2691.9 4048726
2607.8 2691.9 5417703
2647.5 2691.9 3646619
907.0 2717.3 4876829
830.8 2717.3 4873609
830.8 2742.7 4167617
907.0 2742.7 2307786
983.2 2742.7 3772099
1022.9 2742.7 1132243
1062.5 2742.7 4746109
1102.1 2742.7 252237
1141.7 2742.7 2439616
1181.4 2742.7 1150868
1221.0 2742.7 744631
1260.6 2742.7 4174634
1300.2 2742.7 2966175
1339.9 2742.7 638441
1379.5 2742.7 2393360
1419.1 2742.7 2716174
1458.7 2742.7 5256530
1498.4 2742.7 4406615
1538.0 2742.7 3374645
1577.6 2742.7 599511
1617.2 2742.7 3936916
1656.9 2742.7 673577
1696.5 2742.7 4658295
1736.1 2742.7 1578605
1775.7 2742.7 1127306
1815.4 2742.7 4724987
1855.0 2742.7 43760
1894.6 2742.7 4312473
1934.2 2742.7 2289904
1973.8 2742.7 887600
2013.5 2742.7 504254
2053.1 2742.7 4056863
2092.7 2742.7 1707924
2132.3 2742.7 4030349
2172.0 2742.7 3822946
2211.6 2742.7 1089581
2251.2 2742.7 1875428
2290.8 2742.7 4914727
2330.5 2742.7 353047
2370.1 2742.7 1847667
2409.7 2742.7 232229
2449.3 2742.7 2363645
2489.0 2742.7 4228251
2528.6 2742.7 3393538
2568.2 2742.7 78721
2607.8 2742.7 4638317
2647.5 2742.7 1479972
907.0 2768.1 3910725
830.8 2768.1 635573
830.8 2793.5 2250259
907.0 2793.5 5286929
1034.0 2793.5 171111
1059.4 2793.5 1515178
907.0 2818.9 212253
830.8 2818.9 198722
830.8 2844.3 911929
907.0 2844.3 3429351
907.0 2882.4 1311897
856.2 2882.4 2054009
830.8 2882.4 4037161
983.2 2895.1 3472199
1022.9 2895.1 4285700
1062.5 2895.1 3256665
1102.1 2895.1 3218443
1141.7 2895.1 4633993
1181.4 2895.1 1531789
1221.0 2895.1 3523239
1260.6 2895.1 4873246
1300.2 2895.1 5137072
1339.9 2895.1 2745828
1379.5 2895.1 1656412
1419.1 2895.1 720484
1458.7 2895.1 703410
1498.4 2895.1 2530823
1538.0 2895.1 1912959
1577.6 2895.1 4208236
1617.2 2895.1 1023267
1656.9 2895.1 5183079
1696.5 2895.1 3208254
1736.1 2895.1 2178487
1775.7 2895.1 5292901
1815.4 2895.1 3370237
1855.0 2895.1 954794
1894.6 2895.1 3454932
1934.2 2895.1 3606393
1973.8 2895.1 3221117
2013.5 2895.1 5450869
2053.1 2895.1 1547589
2092.7 2895.1 2288414
2132.3 2895.1 5223930
2172.0 2895.1 5316943
2211.6 2895.1 4793671
2251.2 2895.1 2908819
2290.8 2895.1 3917880
2330.5 2895.1 3892682
2370.1 2895.1 5368257
2409.7 2895.1 3994564
2449.3 2895.1 2787512
2489.0 2895.1 711142
2528.6 2895.1 4812991
2568.2 2895.1 3397169
2607.8 2895.1 5209083
2647.5 2895.1 894947
843.5 2920.5 2908760
843.5 2945.9 5136277
983.2 2945.9 1566561
1022.9 2945.9 539604
1062.5 2945.9 1553635
1102.1 2945.9 191822
1141.7 2945.9 2170337
1181.4 2945.9 1470442
1221.0 2945.9 2351430
1260.6 2945.9 4246238
1300.2 2945.9 4379045
1339.9 2945.9 436234
1379.5 2945.9 4143751
1419.1 2945.9 5446319
1458.7 2945.9 483514
1498.4 2945.9 3832634
1538.0 2945.9 1346337
1577.6 2945.9 1605270
1617.2 2945.9 3794847
1656.9 2945.9 2606795
1696.5 2945.9 3145742
1736.1 2945.9 3418380
1775.7 2945.9 462617
1815.4 2945.9 5109923
1855.0 2945.9 3922620
1894.6 2945.9 2799990
1934.2 2945.9 374908
1973.8 2945.9 1001573
2013.5 2945.9 1930528
2053.1 2945.9 237205
2092.7 2945.9 5167332
2132.3 2945.9 1511704
2172.0 2945.9 2139191
2211.6 2945.9 2633857
2251.2 2945.9 1952223
2290.8 2945.9 4020450
2330.5 2945.9 4046779
2370.1 2945.9 1464949
2409.7 2945.9 543168
2449.3 2945.9 1532971
2489.0 2945.9 992415
2528.6 2945.9 3600677
2568.2 2945.9 4854658
2607.8 2945.9 2190408
2647.5 2945.9 3225049
907.0 2958.6 2283403
843.5 2971.3 2328045
907.0 2984.0 3277226
932.4 2984.0 2751115
843.5 2996.7 2399646
1034.0 2996.7 276742
1059.4 2996.7 3562628
932.4 3022.1 1866961
907.0 3022.1 2359197
843.5 3022.1 2907300
843.5 3047.5 4189163
843.5 3072.9 4995777
894.3 3072.9 4266363
919.7 3072.9 3459742
843.5 3098.3 1518309
983.2 3098.3 4619821
1022.9 3098.3 5240934
1062.5 3098.3 4332993
1102.1 3098.3 4804588
1141.7 3098.3 2672458
1181.4 3098.3 109093
1221.0 3098.3 1218091
1260.6 3098.3 1929316
1300.2 3098.3 2237584
1339.9 3098.3 1101973
1379.5 3098.3 585944
1419.1 3098.3 186840
1458.7 3098.3 1687754
1498.4 3098.3 1895726
1538.0 3098.3 3716954
1577.6 3098.3 2885050
1617.2 3098.3 489965
1656.9 3098.3 1632048
1696.5 3098.3 3137989
1736.1 3098.3 2273691
1775.7 3098.3 349286
1815.4 3098.3 4033016
1855.0 3098.3 4260139
1894.6 3098.3 934638
1934.2 3098.3 5165983
1973.8 3098.3 4306956
2013.5 3098.3 3012530
2053.1 3098.3 951126
2092.7 3098.3 2890084
2132.3 3098.3 2079430
2172.0 3098.3 3685789
2211.6 3098.3 4986298
2251.2 3098.3 4799013
2290.8 3098.3 3027450
2330.5 3098.3 3113285
2370.1 3098.3 3403611
2409.7 3098.3 4701854
2449.3 3098.3 3583028
2489.0 3098.3 4629875
2528.6 3098.3 1661883
2568.2 3098.3 534340
2607.8 3098.3 3543264
2647.5 3098.3 3823409
792.7 3142.7 4308290
741.9 3142.7 914444
691.1 3142.7 2289797
894.3 3149.1 4374717
919.7 3149.1 5290730
983.2 3149.1 2024879
1022.9 3149.1 652094
1062.5 3149.1 5468626
1102.1 3149.1 1720496
1141.7 3149.1 5438938
1181.4 3149.1 1713269
1221.0 3149.1 4229429
1260.6 3149.1 745458
1300.2 3149.1 1360166
1339.9 3149.1 1799949
1379.5 3149.1 5280323
1419.1 3149.1 3690613
1458.7 3149.1 4466937
1498.4 3149.1 1511520
1538.0 3149.1 1456639
1577.6 3149.1 2126992
1617.2 3149.1 5106771
1656.9 3149.1 4979910
1696.5 3149.1 3617960
1736.1 3149.1 1995389
1775.7 3149.1 1746066
1815.4 3149.1 5466892
1855.0 3149.1 2699778
1894.6 3149.1 4370451
1934.2 3149.1 2466267
1973.8 3149.1 652134
2013.5 3149.1 4393826
2053.1 3149.1 103451
2092.7 3149.1 2784293
2132.3 3149.1 5399244
2172.0 3149.1 1954000
2211.6 3149.1 954566
2251.2 3149.1 4172804
2290.8 3149.1 3660550
2330.5 3149.1 4672180
2370.1 3149.1 3961447
2409.7 3149.1 1958363
2449.3 3149.1 4454152
2489.0 3149.1 1972284
2528.6 3149.1 5007698
2568.2 3149.1 3673784
2607.8 3149.1 3172690
2647.5 3149.1 3192637
1440.4 3187.2 43701
1402.3 3187.2 3360755
1351.5 3187.2 3784873
1313.4 3187.2 4102822
919.7 3187.2 117978
894.3 3187.2 2984516
792.7 3193.5 533431
691.1 3193.5 2886839
1503.9 3199.9 5462960
1579.9 3199.9 4934671
1148.3 3225.3 545283
1122.9 3225.3 279236
1097.5 3225.3 2473783
1072.1 3225.3 1349899
1046.7 3225.3 1293193
1021.3 3225.3 4103681
995.9 3225.3 1767256
970.5 3225.3 3976125
792.7 3244.3 4777404
741.9 3244.3 4332734
691.1 3244.3 3802335
1072.1 3250.7 263692
1097.5 3250.7 5460104
1122.9 3250.7 2782276
1148.3 3250.7 4765318
1173.7 3250.7 310091
1199.1 3250.7 3736312
1224.5 3250.7 2543180
1249.9 3250.7 4876245
1275.3 3250.7 4166631
1503.9 3250.7 598246
1529.1 3250.7 1014202
1554.5 3250.7 3787504
1579.9 3250.7 5361765
1605.3 3250.7 2863338
1630.7 3250.7 5180223
1656.1 3250.7 291284
1681.5 3250.7 919057
1719.6 3250.7 3130371
1745.0 3250.7 5315428
1770.4 3250.7 1107461
1795.8 3250.7 2634850
1821.2 3250.7 5161710
1846.6 3250.7 356144
1872.0 3250.7 1368471
1897.4 3250.7 417031
1922.8 3250.7 2506107
1960.9 3250.7 197605
1986.3 3250.7 1425011
2011.7 3250.7 2257067
2037.1 3250.7 2842732
2062.5 3250.7 3011640
2087.9 3250.7 3230848
2113.3 3250.7 3537771
2138.7 3250.7 1332292
2164.1 3250.7 5328931
2227.6 3250.7 4369873
2253.0 3250.7 2429565
2278.4 3250.7 4769581
2303.8 3250.7 3068516
2329.2 3250.7 2985087
2354.6 3250.7 2787210
2380.0 3250.7 373445
2405.4 3250.7 4050660
2430.8 3250.7 436853
2468.9 3250.7 655831
2494.3 3250.7 5157388
2519.7 3250.7 5265281
2545.1 3250.7 3929515
2570.5 3250.7 2338166
2595.9 3250.7 3285680
2621.3 3250.7 2269210
2646.7 3250.7 431935
2672.1 3250.7 1830415
1700.5 3257.0 5177891
945.1 3263.4 3831830
1313.4 3263.4 1755294
1351.5 3263.4 4816397
1402.3 3263.4 2581690
1440.4 3263.4 1112119
2697.5 3263.4 1372356
2430.8 837.7 4093071
2976.9 863.1 1600546
3002.3 863.1 3088842
3027.7 863.1 4856182
3053.1 863.1 2848946
3078.5 863.1 3708748
3103.9 863.1 560377
3129.3 863.1 3268474
3154.7 863.1 503995
3180.1 863.1 2303839
3205.5 863.1 1786400
3230.9 863.1 5449981
3256.3 863.1 2172037
3281.7 863.1 4551168
3307.1 863.1 5209398
3332.5 863.1 4390206
3357.9 863.1 2501154
3383.3 863.1 5054766
3408.7 863.1 3332511
3434.1 863.1 1817970
3459.5 863.1 3584202
3484.9 863.1 416407
3510.3 863.1 740335
3535.7 863.1 5144505
3561.1 863.1 3294681
3586.5 863.1 1707287
3611.9 863.1 3004531
3637.3 863.1 3798285
3662.7 863.1 1916327
3688.1 863.1 5139676
3713.5 863.1 4848721
3713.5 913.9 1043940
3688.1 913.9 5400371
3662.7 913.9 729890
3637.3 913.9 2545118
3611.9 913.9 3962947
3586.5 913.9 2824968
3561.1 913.9 2918582
3535.7 913.9 1219315
3510.3 913.9 1143441
3484.9 913.9 1561226
3459.5 913.9 1646775
3434.1 913.9 3863822
3408.7 913.9 3178994
3383.3 913.9 2720355
3357.9 913.9 4387528
3332.5 913.9 3406526
3307.1 913.9 2067514
3281.7 913.9 1335497
3256.3 913.9 1871190
3230.9 913.9 3685640
3205.5 913.9 2266353
3180.1 913.9 4815428
3154.7 913.9 2122630
3129.3 913.9 3099956
3103.9 913.9 1469310
3078.5 913.9 1361180
3053.1 913.9 5123058
3027.7 913.9 4635799
3002.3 913.9 1015268
2976.9 913.9 2483103
2976.9 1066.3 811936
3002.3 1066.3 3401196
3027.7 1066.3 109836
3053.1 1066.3 2362589
3078.5 1066.3 5282497
3103.9 1066.3 975060
3129.3 1066.3 4273908
3154.7 1066.3 291267
3180.1 1066.3 1902027
3205.5 1066.3 517912
3230.9 1066.3 3065015
3256.3 1066.3 1984651
3281.7 1066.3 4327557
3307.1 1066.3 1140623
3332.5 1066.3 3112777
3357.9 1066.3 2261948
3383.3 1066.3 1014254
3408.7 1066.3 1927432
3434.1 1066.3 4889356
3459.5 1066.3 2460790
3484.9 1066.3 5064002
3510.3 1066.3 2302842
3535.7 1066.3 72821
3561.1 1066.3 1647797
3586.5 1066.3 1774848
3611.9 1066.3 329928
3637.3 1066.3 5029767
3662.7 1066.3 4923995
3688.1 1066.3 2429151
3713.5 1066.3 627341
3713.5 1117.1 1735074
3688.1 1117.1 2739582
3662.7 1117.1 370857
3637.3 1117.1 1627898
3611.9 1117.1 1111848
3586.5 1117.1 4501034
3561.1 1117.1 2734748
3535.7 1117.1 1847445
3510.3 1117.1 2297303
3484.9 1117.1 2914835
3459.5 1117.1 840743
3434.1 1117.1 3118358
3408.7 1117.1 3862327
3383.3 1117.1 1619219
3357.9 1117.1 2418887
3332.5 1117.1 527044
3307.1 1117.1 2858133
3281.7 1117.1 3577319
3256.3 1117.1 5022951
3230.9 1117.1 224503
3205.5 1117.1 3133620
3180.1 1117.1 4186380
3154.7 1117.1 1789576
3129.3 1117.1 3585101
3103.9 1117.1 5115515
3078.5 1117.1 2778061
3053.1 1117.1 2303701
3027.7 1117.1 1975419
3002.3 1117.1 2614615
2976.9 1117.1 5301852
2976.9 1269.5 5394078
3002.3 1269.5 1413375
3027.7 1269.5 3467771
3053.1 1269.5 3786766
3078.5 1269.5 1907036
3103.9 1269.5 4766318
3129.3 1269.5 4544856
3154.7 1269.5 2246611
3180.1 1269.5 5233978
3205.5 1269.5 2650673
3230.9 1269.5 5077652
3256.3 1269.5 257166
3281.7 1269.5 866190
3307.1 1269.5 5004266
3332.5 1269.5 939276
3357.9 1269.5 3461521
3383.3 1269.5 3535049
3408.7 1269.5 163752
3434.1 1269.5 1651787
3459.5 1269.5 5148350
3484.9 1269.5 5004098
3510.3 1269.5 1095825
3535.7 1269.5 1190334
3561.1 1269.5 5369992
3586.5 1269.5 4834588
3611.9 1269.5 3605584
3637.3 1269.5 1132960
3662.7 1269.5 3071307
3688.1 1269.5 4652461
3713.5 1269.5 4187277
3713.5 1320.3 3736103
3688.1 1320.3 3179939
3662.7 1320.3 2981767
3637.3 1320.3 4983097
3611.9 1320.3 1796139
3586.5 1320.3 4697190
3561.1 1320.3 4900049
3535.7 1320.3 4499908
3510.3 1320.3 3567490
3484.9 1320.3 4907968
3459.5 1320.3 3702964
3434.1 1320.3 4460952
3408.7 1320.3 1649836
3383.3 1320.3 3986810
3357.9 1320.3 1075182
3332.5 1320.3 2352814
3307.1 1320.3 3190905
3281.7 1320.3 3856134
3256.3 1320.3 3388234
3230.9 1320.3 3837205
3205.5 1320.3 3422319
3180.1 1320.3 463422
3154.7 1320.3 1474258
3129.3 1320.3 1121488
3103.9 1320.3 996939
3078.5 1320.3 1626554
3053.1 1320.3 4413714
3027.7 1320.3 1546596
3002.3 1320.3 3009528
2976.9 1320.3 225959
2976.9 1472.7 4822513
3002.3 1472.7 1585954
3027.7 1472.7 4185806
3053.1 1472.7 4912364
3078.5 1472.7 844103
3103.9 1472.7 790670
3129.3 1472.7 3273770
3154.7 1472.7 2455332
3180.1 1472.7 3743341
3205.5 1472.7 853996
3230.9 1472.7 1792368
3256.3 1472.7 4593231
3281.7 1472.7 3197259
3307.1 1472.7 696064
3332.5 1472.7 3937040
3357.9 1472.7 376722
3383.3 1472.7 2287178
3408.7 1472.7 4736926
3434.1 1472.7 4309581
3459.5 1472.7 1284162
3484.9 1472.7 4708982
3510.3 1472.7 1385599
3535.7 1472.7 5125244
3561.1 1472.7 3299947
3586.5 1472.7 3790394
3611.9 1472.7 4294163
3637.3 1472.7 4929788
3662.7 1472.7 1918890
3688.1 1472.7 1679907
3713.5 1472.7 693820
3713.5 1523.5 997731
3688.1 1523.5 2871800
3662.7 1523.5 2556912
3637.3 1523.5 3006734
3611.9 1523.5 4014710
3586.5 1523.5 4640572
3561.1 1523.5 4896937
3535.7 1523.5 5201196
3510.3 1523.5 2330299
3484.9 1523.5 2351265
3459.5 1523.5 2539559
3434.1 1523.5 438102
3408.7 1523.5 3023604
3383.3 1523.5 2952129
3357.9 1523.5 851363
3332.5 1523.5 998777
3307.1 1523.5 4657207
3281.7 1523.5 1701562
3256.3 1523.5 5359241
3230.9 1523.5 2580089
3205.5 1523.5 2747651
3180.1 1523.5 3198785
3154.7 1523.5 2187053
3129.3 1523.5 4379810
3103.9 1523.5 4409262
3078.5 1523.5 4378185
3053.1 1523.5 2691546
3027.7 1523.5 1623168
3002.3 1523.5 4540173
2976.9 1523.5 5126468
2976.9 1675.9 3018895
3002.3 1675.9 2318027
3027.7 1675.9 3589992
3053.1 1675.9 2253154
3078.5 1675.9 5009072
3103.9 1675.9 1638534
3129.3 1675.9 1414105
3154.7 1675.9 4040977
3180.1 1675.9 4416920
3205.5 1675.9 5262604
3230.9 1675.9 4258932
3256.3 1675.9 4817668
3281.7 1675.9 4159310
3307.1 1675.9 2895881
3332.5 1675.9 2612956
3357.9 1675.9 353477
3383.3 1675.9 956246
3408.7 1675.9 3672262
3434.1 1675.9 1444624
3459.5 1675.9 1799112
3484.9 1675.9 3777055
3510.3 1675.9 423386
3535.7 1675.9 3388520
3561.1 1675.9 3853177
3586.5 1675.9 4015441
3611.9 1675.9 162057
3637.3 1675.9 1045024
3662.7 1675.9 2269680
3688.1 1675.9 4370106
3713.5 1675.9 2663813
3713.5 1726.7 2969204
3688.1 1726.7 323172
3662.7 1726.7 3094866
3637.3 1726.7 151344
3611.9 1726.7 3404309
3586.5 1726.7 2705789
3561.1 1726.7 4378648
3535.7 1726.7 4512995
3510.3 1726.7 1981647
3484.9 1726.7 4477984
3459.5 1726.7 4822618
3434.1 1726.7 3471650
3408.7 1726.7 2610376
3383.3 1726.7 840581
3357.9 1726.7 2121458
3332.5 1726.7 713772
3307.1 1726.7 521907
3281.7 1726.7 2278338
3256.3 1726.7 591832
3230.9 1726.7 4376356
3205.5 1726.7 5119081
3180.1 1726.7 198132
3154.7 1726.7 5126866
3129.3 1726.7 1771292
3103.9 1726.7 428850
3078.5 1726.7 780878
3053.1 1726.7 3992761
3027.7 1726.7 3065403
3002.3 1726.7 2131718
2976.9 1726.7 2059751
2976.9 1879.1 285893
3002.3 1879.1 4128632
3027.7 1879.1 412935
3053.1 1879.1 3556907
3078.5 1879.1 2291068
3103.9 1879.1 1848630
3129.3 1879.1 710914
3154.7 1879.1 335548
3180.1 1879.1 2828583
3205.5 1879.1 1880151
3230.9 1879.1 5312385
3256.3 1879.1 3874396
3281.7 1879.1 725941
3307.1 1879.1 1537737
3332.5 1879.1 3756745
3357.9 1879.1 2862893
3383.3 1879.1 3359544
3408.7 1879.1 827486
3434.1 1879.1 13831
3459.5 1879.1 3433951
3484.9 1879.1 2996014
3510.3 1879.1 3711426
3535.7 1879.1 5128554
3561.1 1879.1 4581567
3586.5 1879.1 961499
3611.9 1879.1 1815336
3637.3 1879.1 573972
3662.7 1879.1 5275794
3688.1 1879.1 4840376
3713.5 1879.1 4694742
3713.5 1929.9 1559893
3688.1 1929.9 3087578
3662.7 1929.9 4213637
3637.3 1929.9 801782
3611.9 1929.9 4212648
3586.5 1929.9 3308924
3561.1 1929.9 5048314
3535.7 1929.9 2571846
3510.3 1929.9 4522071
3484.9 1929.9 419945
3459.5 1929.9 2559733
3434.1 1929.9 2086089
3408.7 1929.9 5275798
3383.3 1929.9 3547581
3357.9 1929.9 3483688
3332.5 1929.9 3061164
3307.1 1929.9 2364231
3281.7 1929.9 4744118
3256.3 1929.9 1823725
3230.9 1929.9 1202958
3205.5 1929.9 5193547
3180.1 1929.9 672519
3154.7 1929.9 3989724
3129.3 1929.9 2813545
3103.9 1929.9 1087000
3078.5 1929.9 2794835
3053.1 1929.9 4559062
3027.7 1929.9 5249507
3002.3 1929.9 1257395
2976.9 1929.9 3024696
2976.9 2082.3 1790727
3002.3 2082.3 693619
3027.7 2082.3 4767460
3053.1 2082.3 3298710
3078.5 2082.3 3240494
3103.9 2082.3 2360790
3129.3 2082.3 2123463
3154.7 2082.3 2181547
3180.1 2082.3 1616867
3205.5 2082.3 3861431
3230.9 2082.3 4745177
3256.3 2082.3 821940
3281.7 2082.3 1467786
3307.1 2082.3 982101
3332.5 2082.3 1987919
3357.9 2082.3 3705840
3383.3 2082.3 3098012
3408.7 2082.3 936732
3434.1 2082.3 3190016
3459.5 2082.3 948889
3484.9 2082.3 2621340
3510.3 2082.3 2946321
3535.7 2082.3 1371311
3561.1 2082.3 275930
3586.5 2082.3 3956281
3611.9 2082.3 5310193
3637.3 2082.3 5324540
3662.7 2082.3 1496737
3688.1 2082.3 3512681
3713.5 2082.3 3779962
3713.5 2133.1 4666299
3688.1 2133.1 1918195
3662.7 2133.1 2788332
3637.3 2133.1 1323832
3611.9 2133.1 1012785
3586.5 2133.1 3584332
3561.1 2133.1 1078138
3535.7 2133.1 3972957
3510.3 2133.1 5144557
3484.9 2133.1 2519027
3459.5 2133.1 1434919
3434.1 2133.1 3193508
3408.7 2133.1 383254
3383.3 2133.1 162068
3357.9 2133.1 4118282
3332.5 2133.1 5163863
3307.1 2133.1 3488623
3281.7 2133.1 3991079
3256.3 2133.1 3190212
3230.9 2133.1 1459406
3205.5 2133.1 2913989
3180.1 2133.1 526978
3154.7 2133.1 277716
3129.3 2133.1 5326107
3103.9 2133.1 4968618
3078.5 2133.1 2208775
3053.1 2133.1 5227623
3027.7 2133.1 2891806
3002.3 2133.1 4911655
2976.9 2133.1 3897481
2976.9 2285.5 179785
3002.3 2285.5 1470048
3027.7 2285.5 496213
3053.1 2285.5 3491375
3078.5 2285.5 3881114
3103.9 2285.5 4695734
3129.3 2285.5 2442347
3154.7 2285.5 3593615
3180.1 2285.5 2436990
3205.5 2285.5 1227492
3230.9 2285.5 1827253
3256.3 2285.5 2176150
3281.7 2285.5 2027649
3307.1 2285.5 4448198
3332.5 2285.5 1293131
3357.9 2285.5 5053945
3383.3 2285.5 3184929
3408.7 2285.5 2354048
3434.1 2285.5 491176
3459.5 2285.5 4699583
3484.9 2285.5 3980335
3510.3 2285.5 4575705
3535.7 2285.5 1113769
3561.1 2285.5 3573937
3586.5 2285.5 309665
3611.9 2285.5 5156390
3637.3 2285.5 4409903
3662.7 2285.5 3444443
3688.1 2285.5 4248294
3713.5 2285.5 1506509
3713.5 2336.3 2293066
3688.1 2336.3 1264063
3662.7 2336.3 2185334
3637.3 2336.3 1772898
3611.9 2336.3 2891096
3586.5 2336.3 2998804
3561.1 2336.3 3938660
3535.7 2336.3 3652572
3510.3 2336.3 703718
3484.9 2336.3 3802124
3459.5 2336.3 433903
3434.1 2336.3 41650
3408.7 2336.3 572384
3383.3 2336.3 4878479
3357.9 2336.3 1209693
3332.5 2336.3 3612149
3307.1 2336.3 3466310
3281.7 2336.3 2861939
3256.3 2336.3 3630078
3230.9 2336.3 3496961
3205.5 2336.3 369438
3180.1 2336.3 2373183
3154.7 2336.3 4051357
3129.3 2336.3 492200
3103.9 2336.3 3441179
3078.5 2336.3 2087302
3053.1 2336.3 2263927
3027.7 2336.3 3734166
3002.3 2336.3 3013764
2976.9 2336.3 4441802
2976.9 2488.7 3531791
3002.3 2488.7 1752784
3027.7 2488.7 5262958
3053.1 2488.7 2132529
3078.5 2488.7 1105685
3103.9 2488.7 1449432
3129.3 2488.7 1542632
3154.7 2488.7 703521
3180.1 2488.7 4991331
3205.5 2488.7 2534754
3230.9 2488.7 378408
3256.3 2488.7 37440
3281.7 2488.7 4078178
3307.1 2488.7 1883152
3332.5 2488.7 297163
3357.9 2488.7 4963229
3383.3 2488.7 3226076
3408.7 2488.7 5174129
3434.1 2488.7 3915665
3459.5 2488.7 3370231
3484.9 2488.7 4441517
3510.3 2488.7 176207
3535.7 2488.7 3867220
3561.1 2488.7 4226689
3586.5 2488.7 5222632
3611.9 2488.7 575367
3637.3 2488.7 2652926
3662.7 2488.7 3858950
3688.1 2488.7 3484560
3713.5 2488.7 2209633
3713.5 2539.5 1562107
3688.1 2539.5 1735863
3662.7 2539.5 1204363
3637.3 2539.5 4878375
3611.9 2539.5 4447951
3586.5 2539.5 4848799
3561.1 2539.5 218327
3535.7 2539.5 2305756
3510.3 2539.5 4226999
3484.9 2539.5 3950331
3459.5 2539.5 5297998
3434.1 2539.5 2775382
3408.7 2539.5 2410673
3383.3 2539.5 582419
3357.9 2539.5 4365785
3332.5 2539.5 3433349
3307.1 2539.5 2168271
3281.7 2539.5 3721670
3256.3 2539.5 4133504
3230.9 2539.5 5094060
3205.5 2539.5 3248751
3180.1 2539.5 2335162
3154.7 2539.5 734835
3129.3 2539.5 3399523
3103.9 2539.5 3263947
3078.5 2539.5 2995049
3053.1 2539.5 4352678
3027.7 2539.5 2641038
3002.3 2539.5 3606118
2976.9 2539.5 2170380
2976.9 2691.9 4546556
3002.3 2691.9 5249589
3027.7 2691.9 1922885
3053.1 2691.9 1172033
3078.5 2691.9 2719938
3103.9 2691.9 440441
3129.3 2691.9 4117692
3154.7 2691.9 190057
3180.1 2691.9 1776424
3205.5 2691.9 4010087
3230.9 2691.9 5355263
3256.3 2691.9 4028697
3281.7 2691.9 3418585
3307.1 2691.9 5306126
3332.5 2691.9 970650
3357.9 2691.9 4039068
3383.3 2691.9 1463979
3408.7 2691.9 2469888
3434.1 2691.9 3269910
3459.5 2691.9 144252
3484.9 2691.9 3203046
3510.3 2691.9 5375419
3535.7 2691.9 1958271
3561.1 2691.9 1844146
3586.5 2691.9 3536310
3611.9 2691.9 4437510
3637.3 2691.9 1683411
3662.7 2691.9 5064699
3688.1 2691.9 2717183
3713.5 2691.9 598798
3713.5 2742.7 475899
3688.1 2742.7 2139142
3662.7 2742.7 903272
3637.3 2742.7 2769796
3611.9 2742.7 5422827
3586.5 2742.7 850147
3561.1 2742.7 5346131
3535.7 2742.7 2114832
3510.3 2742.7 1140416
3484.9 2742.7 2501203
3459.5 2742.7 5331973
3434.1 2742.7 4205290
3408.7 2742.7 4879283
3383.3 2742.7 80009
3357.9 2742.7 1991635
3332.5 2742.7 1888284
3307.1 2742.7 727840
3281.7 2742.7 465574
3256.3 2742.7 4511674
3230.9 2742.7 1490172
3205.5 2742.7 1154814
3180.1 2742.7 2700314
3154.7 2742.7 3775700
3129.3 2742.7 2892520
3103.9 2742.7 2694827
3078.5 2742.7 2461542
3053.1 2742.7 1836660
3027.7 2742.7 3630695
3002.3 2742.7 429756
2976.9 2742.7 4480371
2976.9 2895.1 326012
3002.3 2895.1 840247
3027.7 2895.1 3743887
3053.1 2895.1 2453354
3078.5 2895.1 1931186
3103.9 2895.1 2190868
3129.3 2895.1 4150318
3154.7 2895.1 746112
3180.1 2895.1 1763264
3205.5 2895.1 1144739
3230.9 2895.1 4949810
3256.3 2895.1 1511628
3281.7 2895.1 854001
3307.1 2895.1 2130710
3332.5 2895.1 288977
3357.9 2895.1 415899
3383.3 2895.1 3611570
3408.7 2895.1 2378541
3434.1 2895.1 3394814
3459.5 2895.1 1405613
3484.9 2895.1 1211334
3510.3 2895.1 4684989
3535.7 2895.1 1481158
3561.1 2895.1 2796701
3586.5 2895.1 2240816
3611.9 2895.1 2755087
3637.3 2895.1 2467826
3662.7 2895.1 3293091
3688.1 2895.1 1900923
3713.5 2895.1 3401505
3713.5 2945.9 4393226
3688.1 2945.9 3514211
3662.7 2945.9 597702
3637.3 2945.9 4873077
3611.9 2945.9 3088225
3586.5 2945.9 188029
3561.1 2945.9 5439304
3535.7 2945.9 1473230
3510.3 2945.9 2546509
3484.9 2945.9 2619582
3459.5 2945.9 3544899
3434.1 2945.9 851656
3408.7 2945.9 5092495
3383.3 2945.9 5152970
3357.9 2945.9 3963822
3332.5 2945.9 1680468
3307.1 2945.9 4605147
3281.7 2945.9 4007584
3256.3 2945.9 3304716
3230.9 2945.9 3633726
3205.5 2945.9 2609844
3180.1 2945.9 3209257
3154.7 2945.9 2138906
3129.3 2945.9 3804877
3103.9 2945.9 877710
3078.5 2945.9 2388534
3053.1 2945.9 5328352
3027.7 2945.9 4516691
3002.3 2945.9 1029730
2976.9 2945.9 3427354
2976.9 3098.3 3839979
3002.3 3098.3 2014462
3027.7 3098.3 5354645
3053.1 3098.3 4089772
3078.5 3098.3 1105979
3103.9 3098.3 2950159
3129.3 3098.3 2865389
3154.7 3098.3 3381272
3180.1 3098.3 3549734
3205.5 3098.3 4255385
3230.9 3098.3 4427968
3256.3 3098.3 1627470
3281.7 3098.3 2741434
3307.1 3098.3 1692913
3332.5 3098.3 4745326
3357.9 3098.3 335763
3383.3 3098.3 4289261
3408.7 3098.3 2521760
3434.1 3098.3 4299932
3459.5 3098.3 1344098
3484.9 3098.3 984207
3510.3 3098.3 4690148
3535.7 3098.3 3112001
3561.1 3098.3 3627988
3586.5 3098.3 3507078
3611.9 3098.3 4636137
3637.3 3098.3 2920822
3662.7 3098.3 4420405
3688.1 3098.3 3075469
3713.5 3098.3 4595090
3713.5 3149.1 57225
3688.1 3149.1 4312809
3662.7 3149.1 3164720
3637.3 3149.1 196070
3611.9 3149.1 3130604
3586.5 3149.1 3402117
3561.1 3149.1 34064
3535.7 3149.1 1298763
3510.3 3149.1 5242741
3484.9 3149.1 1249715
3459.5 3149.1 1782464
3434.1 3149.1 2175709
3408.7 3149.1 1026740
3383.3 3149.1 2750644
3357.9 3149.1 4860057
3332.5 3149.1 3974119
3307.1 3149.1 3390039
3281.7 3149.1 3504582
3256.3 3149.1 3898051
3230.9 3149.1 2060662
3205.5 3149.1 68835
3180.1 3149.1 3230036
3154.7 3149.1 3643216
3129.3 3149.1 4858007
3103.9 3149.1 3628293
3078.5 3149.1 406969
3053.1 3149.1 997235
3027.7 3149.1 2269904
3002.3 3149.1 2491445
2976.9 3149.1 5139781
3129.3 3250.7 2203096
3154.7 3250.7 1157724
3180.1 3250.7 306915
3205.5 3250.7 1257030
3230.9 3250.7 1011765
3256.3 3250.7 3714682
3281.7 3250.7 1438923
3307.1 3250.7 107551
3383.3 3250.7 726344
3408.7 3250.7 179866
3434.1 3250.7 2532700
3459.5 3250.7 2465980
3484.9 3250.7 4414362
3510.3 3250.7 4570830
3535.7 3250.7 971289
3561.1 3250.7 1327398
3586.5 3250.7 3224793
4069.1 1720.3 1610051
4018.3 1720.3 3024722
3967.5 1720.3 3161866
3967.5 1669.5 2102932
4069.1 1669.5 5338528
4069.1 1618.7 5438884
4018.3 1618.7 5413144
3967.5 1618.7 4535683
3840.5 1320.3 3755870
4069.1 958.3 3139399
4018.3 958.3 3848987
3967.5 958.3 671432
3865.9 952.0 1166146
3967.5 907.5 4040759
4069.1 907.5 1890275
4069.1 856.7 3102489
4018.3 856.7 768579
3967.5 856.7 1729832
3878.6 1155.2 3566010
4322.8 1669.5 3754400
4348.2 1669.5 1032773
4348.2 1694.9 1819728
4322.8 1694.9 1224798
4322.8 1720.3 2604016
4348.2 1720.3 5278113
4348.2 1745.7 1323326
4322.8 1745.7 1036466
4322.8 1771.1 2640340
4348.2 1771.1 21204
4348.2 1796.5 1368544
4322.8 1796.5 3845461
3967.5 2380.7 997390
4018.3 2380.7 4724094
4069.1 2380.7 1745897
4069.1 2431.5 1759516
3967.5 2431.5 5308050
3967.5 2482.3 391034
4018.3 2482.3 4417148
4069.1 2482.3 2402507
3865.9 2526.8 2856794
3853.2 2679.2 800692
3967.5 3142.7 2083729
4018.3 3142.7 532595
4069.1 3142.7 5178616
4069.1 3193.5 2215572
3967.5 3193.5 1871924
3967.5 3244.3 4636992
4018.3 3244.3 3569392
4069.1 3244.3 4938869
