# C:\Users\gielpa\PycharmProjects\Genetic-Algorithm\data-bak\d493.tsp\data
0.0 0.0 112264
1116.3 1555.2 402467
1357.6 1479.0 879396
1148.1 1771.1 250718
1186.2 1796.5 508585
1205.2 1885.4 187301
1237.0 1993.4 377506
1300.5 2006.1 95000
1160.8 2025.1 378785
1173.5 2037.8 356987
1224.3 2050.5 586915
1351.3 2241.0 423708
1732.3 2133.1 666035
1745.0 2190.2 757713
1764.0 2291.8 127850
1764.0 2342.6 376363
1732.3 2393.4 250275
1745.0 2418.8 386442
1649.7 2431.5 450307
1757.7 2520.4 977904
2297.4 1771.1 349875
2214.9 1428.2 485817
2227.6 1339.3 129498
2183.1 1320.3 853916
2614.9 1110.7 330427
2507.0 1161.5 657708
2348.2 952.0 1058604
2221.2 1009.1 310585
2208.5 1085.3 172522
2202.2 1136.1 525481
2214.9 1174.2 43627
2024.4 1123.4 197362
2043.4 1301.2 873920
1948.2 1307.6 854731
1941.8 1390.1 957694
1846.6 1415.5 303391
1757.7 1364.7 932719
1802.1 1352.0 307046
1833.9 1263.1 224938
1732.3 1250.4 389312
2043.4 1580.6 616699
2049.8 1745.7 346170
1999.0 1802.9 518832
1960.9 1815.6 8177
2056.1 1821.9 835117
2011.7 1828.3 182076
2043.4 1853.7 820785
1846.6 1783.8 101979
1821.2 1828.3 883841
1846.6 1866.4 205453
1814.8 1650.5 602235
1668.8 1809.2 571814
1859.3 2164.8 993860
1986.3 2133.1 917690
2011.7 2177.5 625287
1948.2 2196.6 931251
1891.0 2247.4 969127
2011.7 2272.8 380090
2037.1 2304.5 956279
2056.1 2355.3 791841
1897.4 2412.5 166739
1897.4 2456.9 111180
1916.4 2469.6 911468
2056.1 2469.6 862859
2157.7 2139.4 703782
1637.0 2698.2 243493
1706.9 2704.6 981385
1764.0 2749.0 774459
1706.9 2774.4 880330
1764.0 2799.8 138185
1872.0 3066.5 46178
1852.9 3003.0 511239
1872.0 2996.7 687088
1897.4 2996.7 382499
2214.9 2971.3 112507
2195.8 2939.5 562766
2246.6 2888.7 597747
1891.0 2869.7 1048077
2202.2 2844.3 876364
1903.7 2818.9 110943
1872.0 2818.9 424854
2011.7 2761.7 363688
1903.7 2698.2 261758
1954.5 2583.9 47426
2056.1 2577.6 259306
2094.2 2564.9 370248
2195.8 2476.0 910167
2589.5 2990.3 693345
2608.6 2990.3 373975
2507.0 3003.0 282303
2894.3 3047.5 825792
2894.3 3003.0 739019
2907.0 2971.3 781675
3027.7 3047.5 272173
2792.7 2812.5 286834
2227.6 2812.5 699765
2583.2 2799.8 241328
2595.9 2774.4 901821
2507.0 2774.4 443467
2722.9 2755.4 547243
2614.9 2749.0 5507
2888.0 2730.0 278860
3211.8 2730.0 380715
3142.0 2717.3 664551
2754.6 2698.2 2756
2456.2 2698.2 400734
2570.5 2622.0 516657
2722.9 2622.0 76809
3364.2 2622.0 562998
2900.7 2615.7 110132
3135.6 2603.0 581834
2710.2 2596.6 366521
2716.5 2545.8 751543
2888.0 2533.1 239987
2849.9 2514.1 362974
2297.4 2514.1 921041
2608.6 2495.0 189167
3224.5 2488.7 381750
2691.1 2476.0 446735
2875.3 2437.9 115222
2500.6 2418.8 99348
2430.8 2399.8 8846
2875.3 2399.8 556432
3129.3 2368.0 63726
2583.2 2368.0 684220
2494.3 2368.0 147388
2780.0 2361.7 426512
2335.5 2355.3 285350
2614.9 2317.2 465579
2926.1 2304.5 915034
2805.4 2291.8 156575
2583.2 2291.8 404118
2824.5 2285.5 935419
2862.6 2279.1 98483
2799.1 2260.1 633845
2691.1 2260.1 683456
2754.6 2253.7 227922
2913.4 2253.7 631374
2348.2 2241.0 44284
2907.0 2234.7 390980
3135.6 2234.7 613323
2926.1 2228.3 78329
3434.1 2202.9 384240
2881.6 2190.2 503850
2602.2 2190.2 1018270
2710.2 2164.8 344975
2792.7 2145.8 886006
2824.5 2133.1 830295
2424.4 2107.7 236617
2868.9 2101.3 872980
3434.1 2101.3 216130
2614.9 2088.6 499922
3078.5 2082.3 304336
2589.5 2075.9 630678
2487.9 2063.2 860637
2735.6 2063.2 706583
3446.8 2044.2 31155
3351.5 2031.5 703139
2627.6 2018.8 51262
2697.5 2006.1 423332
2487.9 1993.4 943650
2684.8 1974.3 881403
2462.5 1968.0 125159
3135.6 1968.0 805050
3396.0 1968.0 192171
2748.3 1961.6 402195
2722.9 1961.6 448614
3230.9 1955.3 98279
2970.5 1942.6 919085
2475.2 1936.2 988700
2513.3 1923.5 589460
2926.1 1917.2 340582
2494.3 1910.8 345088
2614.9 1904.5 638859
2519.7 1891.8 29094
2589.5 1891.8 665063
3408.7 1891.8 828694
3643.6 1891.8 631255
2786.4 1885.4 476216
2659.4 1885.4 84317
2494.3 1879.1 83118
2957.8 1879.1 865294
3459.5 1879.1 495393
3053.1 1866.4 758200
2773.7 1866.4 457104
2710.2 1866.4 929872
3237.2 1853.7 220374
3326.1 1853.7 733839
2735.6 1847.3 256292
2494.3 1834.6 501684
3269.0 1834.6 118839
3307.1 1834.6 925724
3364.2 1834.6 10102
2672.1 1828.3 288640
3351.5 1821.9 621383
3472.2 1821.9 780124
2868.9 1815.6 728359
2811.8 1809.2 1017428
3351.5 1802.9 473247
3294.4 1796.5 93182
2545.1 1796.5 1018339
3110.2 1777.5 318295
3161.0 1777.5 1035728
3281.7 1777.5 1044865
3338.8 1758.4 133952
2995.9 1758.4 568520
3199.1 1720.3 449251
3002.3 1720.3 614703
2634.0 1720.3 763574
2507.0 1707.6 941006
2964.2 1707.6 259909
3059.4 1707.6 954927
3097.5 1707.6 672228
3643.6 1707.6 367074
2805.4 1701.3 995509
2583.2 1694.9 498855
3078.5 1694.9 781550
2894.3 1688.6 1038962
3148.3 1682.2 133788
3218.2 1663.2 982939
3199.1 1663.2 94165
2729.2 1663.2 990588
2951.5 1650.5 875059
2430.8 1644.1 62175
2507.0 1631.4 692757
3599.2 1631.4 233715
3135.6 1625.1 733261
3078.5 1625.1 56772
3059.4 1625.1 216296
2773.7 1625.1 61542
2913.4 1618.7 1035921
3307.1 1618.7 742582
3135.6 1606.0 797475
3015.0 1606.0 1016183
2424.4 1599.7 785923
2830.8 1593.3 164691
3294.4 1593.3 18877
3129.3 1580.6 838832
3376.9 1567.9 875955
2614.9 1567.9 473924
2932.4 1548.9 592153
3046.2 1547.3 631111
3072.2 1547.3 211609
3098.2 1547.3 302378
3124.2 1547.3 766128
3150.2 1547.3 736101
3176.2 1547.3 825120
3202.2 1547.3 883376
3228.2 1547.3 886645
3254.2 1547.3 203961
3280.2 1547.3 596216
3306.2 1547.3 888222
3332.2 1547.3 878542
3358.2 1547.3 76173
2722.9 1536.2 645625
3065.7 1524.6 53570
3111.2 1524.6 605442
3137.2 1524.6 791051
3163.2 1524.6 432204
3189.2 1524.6 98558
3215.2 1524.6 335385
3241.2 1524.6 652834
3267.2 1524.6 319896
3293.2 1524.6 449464
3345.2 1524.6 393912
2437.1 1523.5 835546
2964.2 1510.8 202230
2741.9 1504.4 509587
2430.8 1504.4 535354
3413.5 1498.6 727017
2997.5 1492.1 189121
2824.5 1485.4 602431
3020.2 1479.1 917363
3390.7 1479.1 558999
3413.5 1472.6 1058550
2837.2 1466.3 301575
2608.6 1466.3 716718
2997.5 1466.1 1005624
3104.7 1466.1 873522
3130.7 1466.1 184513
3156.7 1466.1 428778
3182.7 1466.1 778552
3208.7 1466.1 960221
3234.7 1466.1 309625
3260.7 1466.1 489873
3286.7 1466.1 295321
3312.7 1466.1 407138
3413.5 1446.6 731420
3078.7 1446.6 62561
3117.7 1443.3 890166
3143.7 1443.3 784254
3169.7 1443.3 812697
3195.7 1443.3 13715
3221.7 1443.3 331198
3247.7 1443.3 817886
3273.7 1443.3 549019
2900.7 1440.9 105296
2691.1 1440.9 538102
2997.5 1440.1 947323
3332.2 1440.1 799034
2437.1 1434.6 206165
3390.7 1433.6 535743
3309.5 1427.1 1030685
3020.2 1427.1 440860
2583.2 1421.9 648510
3078.7 1420.6 199069
3413.5 1420.6 1049740
3283.5 1417.3 973551
3127.5 1417.3 1052639
2997.5 1414.1 204772
3332.2 1414.1 452699
3237.2 1409.2 531917
3199.1 1409.2 56425
3101.5 1407.6 848207
3390.7 1407.6 949187
3440.4 1402.8 747065
2951.5 1402.8 632296
3020.2 1401.1 984540
3309.5 1401.1 211853
3413.5 1394.6 574123
3078.7 1394.6 886721
3161.0 1390.1 507233
2997.5 1388.1 698374
3332.2 1388.1 9189
2938.8 1383.8 907822
2875.3 1383.8 566556
3101.5 1381.6 384008
3390.7 1381.6 936057
3139.9 1375.4 208188
3020.2 1375.1 757647
3309.5 1375.1 943201
3413.5 1368.6 236967
3078.7 1368.6 280719
2799.1 1364.7 52430
3599.2 1364.7 674916
3332.2 1362.1 867435
2997.5 1362.1 979367
3101.5 1355.6 503078
3390.7 1355.6 142629
3269.0 1352.0 446401
2919.7 1352.0 709782
2837.2 1352.0 712124
3020.2 1349.1 593473
3309.5 1349.1 195827
2875.3 1345.7 88792
3078.7 1342.6 32800
3413.5 1342.6 328998
3484.9 1339.3 830817
2970.5 1339.3 379298
2997.5 1336.1 93952
3332.2 1336.1 726609
2913.4 1333.0 470734
3101.5 1329.6 127437
3390.7 1329.6 326650
3309.5 1323.1 751785
3243.6 1323.1 364850
3020.2 1323.1 870751
2957.8 1320.3 746156
3154.7 1320.3 545237
3078.7 1316.6 221921
3413.5 1316.6 34645
3611.9 1313.9 182465
3332.2 1310.1 374262
2997.5 1310.1 463367
3101.5 1303.6 212591
3390.7 1303.6 26235
3309.5 1297.1 1043010
3020.2 1297.1 1054118
2849.9 1294.9 788073
2875.3 1294.9 795416
2900.7 1294.9 680801
3542.0 1294.9 824063
3413.5 1290.6 509971
3078.7 1290.6 242311
3173.7 1288.5 321916
3332.2 1284.1 826552
2997.5 1284.1 200492
3101.5 1277.6 432438
3390.7 1277.6 979839
3309.5 1271.1 347509
3020.2 1271.1 873458
2767.3 1269.5 553713
3078.7 1264.6 743391
3413.5 1264.6 592074
2602.2 1263.1 8919
3127.5 1261.3 245306
3283.5 1261.3 343512
3332.2 1258.1 1040268
2997.5 1258.1 55549
2881.6 1256.8 230231
2792.7 1256.8 1047809
2557.8 1256.8 488909
3101.5 1251.6 817967
3390.7 1251.6 258931
3478.5 1250.4 780314
3020.2 1245.1 546992
2919.7 1244.1 335802
2818.1 1244.1 938283
2519.7 1244.1 969148
3078.7 1238.6 578469
3413.5 1238.6 244492
3293.2 1235.3 842258
3267.2 1235.3 388244
3241.2 1235.3 749726
3215.2 1235.3 22986
3189.2 1235.3 293678
3163.2 1235.3 617782
3137.2 1235.3 32757
2997.5 1232.1 287046
3332.2 1232.1 326646
2881.6 1225.0 661763
3098.2 1212.6 648295
3124.2 1212.6 795220
3150.2 1212.6 1046432
3176.2 1212.6 96524
3202.2 1212.6 25255
3228.2 1212.6 168860
3254.2 1212.6 291322
3280.2 1212.6 710582
3306.2 1212.6 106197
3413.5 1212.6 593845
2589.5 1212.3 366381
2570.5 1212.3 252435
2997.5 1206.1 891049
3020.2 1199.6 437436
3390.7 1199.6 810939
3459.5 1199.6 309521
3484.9 1199.6 879486
2659.4 1193.3 879486
3413.5 1186.6 935926
2938.8 1180.4 805300
2997.5 1180.1 967672
3065.7 1154.1 555059
3117.7 1154.1 697757
3143.7 1154.1 562918
3169.7 1154.1 249871
3195.7 1154.1 319408
3221.7 1154.1 322406
3247.7 1154.1 12995
3273.7 1154.1 480038
3299.7 1154.1 684133
3345.2 1154.1 253687
2926.1 1142.5 181731
3052.7 1131.3 816727
3078.7 1131.3 973193
3104.7 1131.3 694867
3130.7 1131.3 62946
3156.7 1131.3 372480
3182.7 1131.3 1005068
3208.7 1131.3 348849
3234.7 1131.3 935229
3260.7 1131.3 116137
3286.7 1131.3 236512
3312.7 1131.3 660872
3338.7 1131.3 960619
3364.7 1131.3 587251
2741.9 1129.8 666167
2862.6 1123.4 913071
3065.8 1098.0 316887
3034.0 1091.7 208783
2875.3 1079.0 221881
2792.7 1040.9 551978
2900.7 1028.2 893255
2837.2 1021.8 33972
2945.1 1015.5 878976
2862.6 1009.1 20100
2938.8 831.3 779941
3072.1 932.9 43632
3059.4 952.0 734752
3034.0 964.7 445097
3065.8 971.0 876368
3091.2 990.1 717515
3205.5 983.7 490874
3408.7 875.8 886961
3459.5 920.2 860491
3510.3 1015.5 900527
3364.2 1015.5 204665
3383.3 1028.2 753923
3497.6 1028.2 355646
3396.0 1053.6 32529
3294.4 1053.6 390266
3516.6 1072.6 730779
3218.2 1098.0 490400
3567.4 1104.4 656848
3554.7 1123.4 419527
3396.0 1123.4 923575
3548.4 1142.5 518613
3529.3 1155.2 559346
3408.7 1161.5 510857
3472.2 1174.2 432486
3694.4 1301.2 941476
3745.2 1275.8 1036546
3745.2 1021.8 616993
