# C:\Users\gielpa\PycharmProjects\Genetic-Algorithm\data-bak\d657.tsp\data
0.0 0.0 1318885
875.1 983.7 688573
887.8 1040.9 1414593
875.1 1136.1 193302
887.8 1275.8 721046
887.8 1498.1 1483718
964.0 1504.4 237838
1116.4 1212.3 1070222
1014.8 1148.8 734321
1052.9 1136.1 337025
1014.8 1059.9 372669
1116.4 1059.9 1502748
1167.2 1015.5 1401713
1497.4 1040.9 418881
1345.0 1034.5 629386
1370.4 1053.6 1416172
1433.9 1059.9 1105090
1465.6 1059.9 1508607
1548.2 1059.9 234630
1586.3 1059.9 561995
1433.9 1098.0 787211
1306.9 1110.7 666322
1624.4 1110.7 820327
1713.3 1110.7 1288896
1249.7 1117.1 600982
1751.4 1136.1 1272814
1726.0 1161.5 1416761
1700.6 1174.2 723005
1427.5 1174.2 1231822
1624.4 1186.9 1430165
1706.9 1212.3 742504
1795.8 1225.0 472441
1224.3 1225.0 575203
1211.6 1237.7 971876
1878.4 1237.7 1444657
1224.3 1250.4 1196036
1211.6 1263.1 376341
1853.0 1263.1 1422703
1891.1 1275.8 58795
1224.3 1275.8 452252
1503.7 1288.5 1125743
1218.0 1294.9 965558
1878.4 1301.2 238703
1954.6 1301.2 557185
1325.9 1307.6 403108
1306.9 1320.3 1563759
1865.7 1320.3 276675
2030.8 1333.0 765382
1611.7 1333.0 1060146
1383.1 1333.0 541709
1433.9 1339.3 520360
2094.3 1339.3 222403
1599.0 1352.0 1278226
1110.0 1364.7 868357
1402.1 1364.7 317327
1675.2 1364.7 1239732
2189.5 1364.7 1058250
1586.3 1371.1 352051
1891.1 1377.4 549759
1618.0 1383.8 847317
1103.7 1390.1 792558
1992.7 1390.1 1526551
2132.4 1390.1 27285
1268.8 1402.8 1536291
1091.0 1415.5 1427017
1510.1 1415.5 1030381
1973.6 1415.5 456383
2234.0 1428.2 546493
1243.4 1428.2 1313712
1618.0 1440.9 158996
1878.4 1466.3 1230459
1980.0 1472.7 1338254
1535.5 1479.0 1256166
1249.7 1479.0 1494972
1294.2 1491.7 816088
2068.9 1491.7 385110
2234.0 1504.4 865985
1256.1 1504.4 349008
1014.8 1517.1 1484906
1116.4 1517.1 1368809
1980.0 1517.1 443735
2068.9 1517.1 276384
2183.2 1517.1 289759
2246.7 1517.1 1313744
1268.8 1523.5 1398247
1516.4 1542.5 361575
1738.7 1542.5 270567
2329.2 1542.5 1248308
2316.5 1555.2 1342566
2246.7 1555.2 860600
1859.3 1555.2 215908
1364.0 1555.2 1440006
1713.3 1561.6 1208112
1313.2 1567.9 803224
2234.0 1567.9 1318727
2335.6 1567.9 1197873
2164.1 1580.6 272944
1351.3 1580.6 1013399
1338.6 1593.3 614008
1706.9 1593.3 917206
2126.0 1599.7 458079
1205.3 1612.4 282795
1408.5 1618.7 856219
1573.6 1618.7 1468826
1846.6 1618.7 1423531
1929.2 1618.7 374943
2049.8 1618.7 1144004
2107.0 1618.7 365556
2284.8 1618.7 817859
2367.3 1644.1 343308
2183.2 1644.1 1366075
2113.3 1644.1 456889
2018.1 1644.1 1470723
1649.8 1644.1 814266
1472.0 1644.1 1285829
1313.2 1644.1 939083
1154.5 1663.2 1117853
951.3 1669.5 251706
1503.7 1669.5 402593
1599.0 1669.5 292328
1738.7 1669.5 418558
1929.2 1669.5 222477
2037.1 1669.5 1342660
2234.0 1669.5 1095611
2462.6 1669.5 160776
2564.2 1669.5 768061
2640.4 1669.5 1333058
2430.8 1675.9 803522
1129.1 1675.9 15624
1091.0 1682.2 1480994
1141.8 1688.6 1191091
1002.1 1694.9 309185
1262.4 1694.9 1025356
2742.0 1694.9 638072
2297.5 1701.3 1165498
2570.5 1707.6 908877
2716.6 1720.3 561677
1167.2 1720.3 893464
1014.8 1726.7 851674
1694.2 1733.0 1374577
1262.4 1739.4 1249741
875.1 1739.4 1201512
1116.4 1745.7 421348
2075.2 1745.7 205013
2405.4 1745.7 671004
2437.2 1745.7 244867
2253.0 1758.4 587482
1757.7 1771.1 1508407
1687.9 1771.1 28097
1827.6 1783.8 1122715
2030.8 1783.8 1082752
2157.8 1796.5 322749
2583.2 1796.5 348472
2081.6 1802.9 1557262
1814.9 1809.2 333552
1211.6 1815.6 1009484
1014.8 1821.9 355102
1503.7 1821.9 248866
2030.8 1821.9 597729
2818.2 1821.9 1443521
2691.2 1834.6 1374112
1694.2 1834.6 427763
1122.7 1834.6 789909
989.4 1841.0 718647
1103.7 1847.3 416058
1421.2 1847.3 51949
2030.8 1847.3 40734
2132.4 1847.3 1209218
1249.7 1853.7 992072
1624.4 1860.0 200318
1681.5 1860.0 1395737
1624.4 1879.1 987470
1230.7 1891.8 847656
2919.8 1891.8 557875
2716.6 1898.1 976435
2475.3 1898.1 568121
2265.7 1898.1 474038
1865.7 1898.1 1138542
1249.7 1898.1 655416
1903.8 1904.5 1058262
1306.9 1910.8 875405
1325.9 1910.8 567737
2843.6 1910.8 93954
2938.8 1910.8 627565
1891.1 1917.2 1221356
1243.4 1923.5 1003545
1294.2 1923.5 527249
1376.7 1923.5 1035529
2348.3 1923.5 320066
2786.4 1923.5 1056192
1141.8 1936.2 222403
1287.8 1942.6 212174
2316.5 1942.6 386686
2678.5 1942.6 991795
2976.9 1948.9 884258
1275.1 1955.3 602121
1141.8 1968.0 577550
1275.1 1974.3 1240942
1294.2 1980.7 1386772
1300.5 1999.7 202885
2996.0 1999.7 422855
3097.6 1999.7 215142
3116.6 2018.8 1562675
2761.0 2025.1 1430595
1516.4 2025.1 952615
2805.5 2037.8 1508771
1205.3 2069.6 719401
2005.4 2075.9 9413
1929.2 2088.6 904450
1281.5 2095.0 1562284
1002.1 2095.0 679987
2576.9 2101.3 594434
2849.9 2101.3 531160
2951.5 2101.3 1355067
1948.2 2107.7 159409
1662.5 2114.0 797531
2824.5 2114.0 1201108
1313.2 2126.7 1562101
1243.4 2139.4 813398
1973.6 2139.4 92462
1154.5 2152.1 339898
1789.5 2152.1 711889
2805.5 2152.1 390196
2227.6 2164.8 105995
2100.6 2164.8 261108
1579.9 2164.8 65035
2081.6 2177.5 539472
1929.2 2190.2 982679
2151.4 2190.2 945667
3097.6 2190.2 1017754
1148.1 2196.6 1351797
989.4 2202.9 619504
1738.7 2202.9 835406
2462.6 2202.9 99453
1256.1 2209.3 1432525
1014.8 2209.3 1082975
1573.6 2222.0 557835
913.2 2228.3 1525640
1110.0 2228.3 61306
1167.2 2228.3 1122790
1351.3 2228.3 15809
1745.0 2228.3 1391879
2075.2 2228.3 550982
2170.5 2228.3 904010
2500.7 2228.3 1208927
2824.5 2228.3 586997
3148.4 2228.3 649802
1840.3 2241.0 649636
1586.3 2247.4 606177
2361.0 2247.4 815393
2094.3 2253.7 1154540
1846.6 2260.1 659537
1948.2 2266.4 1080351
1205.3 2272.8 291426
1643.4 2279.1 344610
2170.5 2279.1 1402961
2564.2 2279.1 1364488
3148.4 2279.1 1366533
3002.3 2304.5 1195359
2170.5 2304.5 870343
1808.5 2304.5 84905
1230.7 2310.9 293272
1116.4 2310.9 432286
1281.5 2317.2 262470
1306.9 2323.6 1201582
2881.7 2323.6 939746
3053.1 2323.6 931373
2608.6 2329.9 374805
1910.1 2329.9 631756
900.5 2329.9 1010077
2005.4 2336.3 235118
1230.7 2342.6 365379
2405.4 2342.6 787797
2970.6 2342.6 1542655
2488.0 2355.3 269618
1599.0 2355.3 1511753
1980.0 2361.7 798041
2361.0 2361.7 706808
2786.4 2361.7 500460
3148.4 2380.7 1056219
3002.3 2380.7 963943
2811.8 2380.7 1172639
2640.4 2380.7 1113556
2500.7 2380.7 66413
2170.5 2380.7 588776
2729.3 2393.4 974787
2519.7 2393.4 1396293
1586.3 2393.4 367833
1446.6 2393.4 975562
1078.3 2393.4 142243
1167.2 2406.1 1249364
2348.3 2406.1 1246503
1599.0 2431.5 1293734
1427.5 2431.5 968544
1694.2 2444.2 903035
2849.9 2444.2 1450215
2938.8 2444.2 825387
3002.3 2450.6 1527683
1154.5 2450.6 658940
1427.5 2456.9 1270502
1980.0 2456.9 1311003
2811.8 2456.9 1360726
2875.3 2469.6 888164
1414.8 2469.6 1142829
2151.4 2495.0 462526
2176.8 2507.7 235874
3053.1 2507.7 979525
1224.3 2514.1 1331725
1548.2 2533.1 1163694
1592.6 2533.1 1511180
1980.0 2533.1 450032
2107.0 2533.1 915496
2183.2 2533.1 381843
2462.6 2533.1 993660
2545.1 2533.1 410850
2564.2 2533.1 1284117
2672.1 2533.1 449727
1243.4 2545.8 1127146
2189.5 2558.5 428808
2830.9 2558.5 144758
1922.8 2564.9 1233423
1624.4 2564.9 1056113
1198.9 2564.9 1516995
1332.3 2577.6 141535
1395.8 2583.9 854538
1675.2 2583.9 663336
1903.8 2583.9 575963
2132.4 2583.9 953525
2437.2 2583.9 137164
2608.6 2583.9 323014
2862.6 2590.3 1165547
2970.6 2590.3 545880
2538.8 2609.3 1008766
2208.6 2609.3 1072604
1446.6 2609.3 50429
1224.3 2622.0 750968
2761.0 2628.4 556441
3123.0 2634.7 100993
2589.6 2634.7 1350284
2380.0 2634.7 719001
1306.9 2634.7 148564
1167.2 2641.1 1266765
1592.6 2647.4 528540
2811.8 2647.4 1155040
2608.6 2660.1 333801
1192.6 2660.1 1046034
1370.4 2672.8 164096
1141.8 2685.5 1344579
1630.7 2685.5 1316751
1700.6 2685.5 21539
1922.8 2685.5 986222
2176.8 2685.5 814086
2481.6 2685.5 959770
2627.7 2685.5 562561
2830.9 2685.5 928526
2938.8 2685.5 113002
3097.6 2685.5 283460
2202.2 2698.2 960369
2107.0 2698.2 929576
2437.2 2704.6 276693
2900.7 2704.6 1355895
1211.6 2710.9 327444
2576.9 2717.3 1048250
2462.6 2736.3 30663
1630.7 2736.3 728244
1980.0 2749.0 560729
2380.0 2749.0 13276
2608.6 2761.7 170396
2322.9 2761.7 226288
1922.8 2761.7 1274985
1586.3 2761.7 1089813
1027.5 2768.1 723969
1268.8 2774.4 1240149
2107.0 2787.1 1324183
2335.6 2787.1 994595
2761.0 2787.1 219543
2322.9 2799.8 430778
1960.9 2799.8 1310433
2176.8 2812.5 1246439
2348.3 2812.5 960795
2773.7 2812.5 1181560
2849.9 2818.9 1407661
2589.6 2825.2 304399
2811.8 2837.9 14399
2380.0 2837.9 1143901
2234.0 2837.9 1555846
1973.6 2837.9 856513
1827.6 2837.9 620606
1611.7 2837.9 334347
1446.6 2837.9 660174
1110.0 2837.9 1489949
1281.5 2850.6 1361018
2507.0 2857.0 1124932
2919.8 2863.3 788516
2310.2 2863.3 1273798
2221.3 2863.3 319233
2195.9 2863.3 524071
1579.9 2863.3 803060
1357.7 2876.0 504897
983.0 2876.0 288685
1440.2 2888.7 581769
2062.5 2888.7 1407453
2234.0 2888.7 460978
2322.9 2888.7 745331
1446.6 2914.1 315930
2081.6 2914.1 1424026
2246.7 2914.1 247965
2335.6 2914.1 958374
3230.9 2914.1 109519
1173.5 2920.5 1425431
2176.8 2926.8 980744
2589.6 2926.8 1393582
2348.3 2939.5 1191297
2259.4 2939.5 534558
2107.0 2939.5 957645
1446.6 2939.5 767299
1110.0 2939.5 962531
2570.5 2952.2 778839
2786.4 2958.6 1301569
2195.9 2964.9 47943
1179.9 2990.3 140927
1446.6 2990.3 1038886
1579.9 2990.3 1197712
2081.6 2990.3 1312569
2176.8 2990.3 1459211
2246.7 2990.3 1122929
3173.8 2990.3 39575
3275.4 2990.3 500143
2665.8 3003.0 1134696
2488.0 3003.0 1466219
1745.0 3003.0 1207495
2119.7 3009.4 127044
2018.1 3015.7 279665
2361.0 3022.1 599894
2462.6 3022.1 435187
1764.1 3028.4 684168
1618.0 3034.8 1216356
1218.0 3041.1 767996
1116.4 3053.8 895007
1395.8 3091.9 1193496
1738.7 1085.3 994000
1776.8 1053.6 1465861
1878.4 1040.9 406542
1764.1 1028.2 31806
1630.7 1021.8 414237
1668.8 1015.5 85687
1789.5 996.4 853111
1751.4 971.0 1505508
2005.4 971.0 1045709
1954.6 1002.8 1540379
2024.4 1002.8 637412
2100.6 1002.8 1214113
2056.2 1009.1 189002
2005.4 1021.8 566586
2094.3 1040.9 1233504
2202.2 1040.9 692734
2297.5 1040.9 490362
2310.2 1066.3 1227009
2005.4 1079.0 48678
2259.4 1085.3 842524
2208.6 1104.4 560483
2132.4 1110.7 1308675
1929.2 1110.7 835185
1910.1 1123.4 889218
1980.0 1123.4 435585
2132.4 1148.8 1476608
1967.3 1155.2 1128775
2202.2 1174.2 287719
1980.0 1180.6 772320
1878.4 1206.0 1173437
2145.1 1263.1 1522339
2310.2 1320.3 194072
2405.4 1339.3 1230012
2278.4 1009.1 726369
2576.9 1028.2 359937
2437.2 1059.9 1055125
2500.7 1155.2 140588
2557.8 1155.2 1177084
2557.8 1212.3 182074
2494.3 1237.7 184620
2538.8 1364.7 201713
2570.5 1364.7 631993
2411.8 1371.1 765907
2335.6 1390.1 757586
2615.0 1390.1 1523180
2519.7 1396.5 579076
2488.0 1415.5 1210920
2564.2 1415.5 1043313
2583.2 1428.2 492271
2640.4 1434.6 114119
2513.4 1440.9 1419152
2411.8 1453.6 968832
2653.1 1479.0 1513411
2583.2 1491.7 963733
2424.5 1491.7 129028
2691.2 1504.4 1209746
2494.3 1517.1 606730
2424.5 1517.1 1449378
2513.4 1542.5 210156
2640.4 1555.2 279672
2729.3 1567.9 406957
2703.9 1580.6 1282250
2659.4 1580.6 420754
2691.2 1599.7 675585
2615.0 1618.7 756860
2475.3 1618.7 1474243
2538.8 1644.1 885250
2716.6 1644.1 622302
2818.2 1669.5 1474881
2869.0 1669.5 1427718
2869.0 1764.8 522275
2970.6 1764.8 243752
2843.6 1409.2 1061091
2837.2 1390.1 506798
2672.1 1313.9 1227239
2672.1 1275.8 1177041
2818.2 1275.8 196813
2799.1 1250.4 1517200
2786.4 1237.7 1488109
2672.1 1110.7 1500897
2659.4 1059.9 981648
2722.9 1040.9 630528
2900.7 1040.9 1079386
2996.0 1040.9 695635
2913.4 1009.1 851458
2843.6 1009.1 1111078
2792.8 1009.1 286142
2742.0 971.0 1359608
2900.7 1542.5 418266
3046.8 1009.1 158998
2970.6 1002.8 930882
3097.6 1002.8 332441
3148.4 1002.8 728626
2996.0 971.0 1359210
3250.0 971.0 37777
3211.9 996.4 392467
3319.8 1002.8 631793
3288.1 1040.9 462457
3237.3 1098.0 325022
3230.9 1123.4 690203
3243.6 1136.1 567199
3262.7 1148.8 680966
3256.3 1301.2 403183
3256.3 1453.6 90464
3415.1 1390.1 710664
3453.2 1421.9 1102458
3440.5 1440.9 732133
3383.3 1466.3 1477855
3370.6 1479.0 601163
3269.0 1485.4 1376050
3269.0 1504.4 379263
3199.2 1510.8 861900
3523.0 1510.8 76942
3351.6 1542.5 1170940
3300.8 1548.9 1041381
3275.4 1567.9 217820
3123.0 1587.0 974412
3243.6 1593.3 602688
3351.6 1593.3 263290
3021.4 1618.7 762596
3446.8 1656.8 448363
3586.5 1656.8 219116
3611.9 1656.8 922090
3396.0 1663.2 1133878
3491.3 1694.9 670888
3396.0 1694.9 226443
3269.0 1694.9 1424255
3123.0 1796.5 132949
3631.0 1796.5 359803
3631.0 1847.3 389076
3224.6 1853.7 771781
3611.9 1898.1 1265325
3707.2 1923.5 1067920
3548.4 2037.8 1059465
3396.0 2050.5 173475
3808.8 2101.3 265234
3637.3 2126.7 675791
3580.2 2126.7 1195204
3415.1 2152.1 1068144
3808.8 2152.1 942127
3027.7 2158.5 231972
3281.7 2202.9 1286109
3415.1 2228.3 767501
3580.2 2228.3 1359644
3631.0 2228.3 223193
3707.2 2228.3 1387805
3269.0 2241.0 301308
3777.0 2279.1 1027841
3719.9 2310.9 1028041
3269.0 2361.7 534727
3827.8 2380.7 474968
3491.3 2406.1 450583
3097.6 2425.2 418326
3916.7 2437.9 944804
3631.0 2450.6 63621
3377.0 2450.6 1029710
3491.3 2456.9 510137
3554.8 2469.6 900287
3230.9 2476.0 42207
3808.8 2482.3 600929
3243.6 2488.7 187992
3326.2 2507.7 657306
3580.2 2533.1 756652
3808.8 2533.1 259029
3808.8 2558.5 638693
3307.1 2558.5 1236869
3294.4 2571.2 1527670
3256.3 2583.9 10993
3415.1 2583.9 1471416
3808.8 2583.9 825690
3281.7 2596.6 744338
3631.0 2647.4 1202557
3554.8 2736.3 1435904
3377.0 2780.8 1203805
3777.0 2780.8 75862
3307.1 2825.2 598855
3294.4 2850.6 1088186
3281.7 2863.3 1451829
3269.0 2876.0 576932
3504.0 2876.0 391048
3256.3 2888.7 1317613
3777.0 2895.1 1476807
3243.6 2901.4 266724
3732.6 2971.3 1213341
3402.4 2990.3 684057
3453.2 3041.1 63062
3777.0 1872.7 1158090
3802.4 1682.2 114318
3592.9 1498.1 389358
3643.7 1333.0 537574
3656.4 1320.3 331735
3567.5 1256.8 206840
3548.4 1244.1 1022512
3529.4 1218.7 529417
3554.8 1180.6 863603
3529.4 1167.9 770991
3631.0 1148.8 57635
3618.3 1136.1 1153993
3599.2 1123.4 944156
3586.5 1110.7 551788
3618.3 1091.7 1203289
3631.0 1079.0 474050
3656.4 1015.5 456041
3834.2 983.7 469032
3859.6 983.7 799041
3948.5 996.4 1180699
3967.5 971.0 1393424
3929.4 1301.2 926434
4005.6 1390.1 614582
3859.6 1428.2 46008
3815.1 1460.0 572996
3783.4 1485.4 1334302
3967.5 1542.5 530497
3967.5 1714.0 1329697
3885.0 1796.5 1310516
3885.0 1847.3 61507
3942.1 2037.8 96789
