# C:\Users\gielpa\PycharmProjects\Genetic-Algorithm\data-bak\eil101.tsp\data
41.0 49.0 2630
35.0 17.0 2320
55.0 45.0 3351
55.0 20.0 4597
15.0 30.0 2074
25.0 30.0 2308
20.0 50.0 3857
10.0 43.0 1830
55.0 60.0 1926
30.0 60.0 3806
20.0 65.0 2652
50.0 35.0 328
30.0 25.0 3764
15.0 10.0 4169
30.0 5.0 396
10.0 20.0 1622
5.0 30.0 2040
20.0 40.0 453
15.0 60.0 434
45.0 65.0 2657
45.0 20.0 2130
45.0 10.0 2752
55.0 5.0 3000
65.0 35.0 1751
65.0 20.0 4213
45.0 30.0 3337
35.0 40.0 3585
41.0 37.0 2232
64.0 42.0 1143
40.0 60.0 1615
31.0 52.0 4545
35.0 69.0 4408
53.0 52.0 1019
65.0 55.0 4116
63.0 65.0 1563
2.0 60.0 4157
20.0 20.0 1462
5.0 5.0 3113
60.0 12.0 1226
40.0 25.0 1844
42.0 7.0 2581
24.0 12.0 1583
23.0 3.0 3325
11.0 14.0 772
6.0 38.0 4451
2.0 48.0 2496
8.0 56.0 2735
13.0 52.0 1951
6.0 68.0 171
47.0 47.0 3320
49.0 58.0 4154
27.0 43.0 811
37.0 31.0 2957
57.0 29.0 3777
63.0 23.0 1399
53.0 12.0 4286
32.0 12.0 1661
36.0 26.0 4120
21.0 24.0 955
17.0 34.0 3715
12.0 24.0 1915
24.0 58.0 54
27.0 69.0 679
15.0 77.0 2050
62.0 77.0 1440
49.0 73.0 763
67.0 5.0 88
56.0 39.0 4551
37.0 47.0 3888
37.0 56.0 1646
57.0 68.0 525
47.0 16.0 75
44.0 17.0 2492
46.0 13.0 4489
49.0 11.0 3005
49.0 42.0 353
53.0 43.0 218
61.0 52.0 1026
57.0 48.0 2933
56.0 37.0 1584
55.0 54.0 2911
15.0 47.0 1308
14.0 37.0 2449
11.0 31.0 1781
16.0 22.0 4135
4.0 18.0 1866
28.0 18.0 3524
26.0 52.0 607
26.0 35.0 4193
31.0 67.0 2590
15.0 19.0 1763
22.0 22.0 3508
18.0 24.0 2316
26.0 27.0 3952
25.0 24.0 1319
22.0 27.0 4491
25.0 21.0 18
19.0 21.0 1457
20.0 26.0 4018
18.0 18.0 3443
35.0 35.0 1225
