# C:\Users\gielpa\PycharmProjects\Genetic-Algorithm\data-bak\eil51.tsp\data
37.0 52.0 520
49.0 49.0 468
52.0 64.0 1005
20.0 26.0 671
40.0 30.0 2190
21.0 47.0 831
17.0 63.0 1243
31.0 62.0 604
52.0 33.0 268
51.0 21.0 1187
42.0 41.0 308
31.0 32.0 2042
5.0 25.0 2162
12.0 42.0 796
36.0 16.0 137
52.0 41.0 959
27.0 23.0 678
17.0 33.0 196
13.0 13.0 910
57.0 58.0 1050
62.0 42.0 257
42.0 57.0 1675
16.0 57.0 1374
8.0 52.0 196
7.0 38.0 494
27.0 68.0 2013
30.0 48.0 1353
43.0 67.0 483
58.0 48.0 1412
58.0 27.0 1470
37.0 69.0 199
38.0 46.0 111
46.0 10.0 769
61.0 33.0 1305
62.0 63.0 1209
63.0 69.0 2008
32.0 22.0 40
45.0 35.0 2124
59.0 15.0 347
5.0 6.0 1488
10.0 17.0 2020
21.0 10.0 812
5.0 64.0 2156
30.0 15.0 1123
39.0 10.0 1970
32.0 39.0 1337
25.0 32.0 717
25.0 55.0 1614
48.0 28.0 1346
56.0 37.0 2071
30.0 40.0 1794
