# C:\Users\gielpa\PycharmProjects\Genetic-Algorithm\data-bak\eil76.tsp\data
22.0 22.0 3142
36.0 26.0 2749
21.0 45.0 1317
45.0 35.0 1958
55.0 20.0 1639
33.0 34.0 175
50.0 50.0 1853
55.0 45.0 1998
26.0 59.0 2994
40.0 66.0 346
55.0 65.0 1395
35.0 51.0 9
62.0 35.0 115
62.0 57.0 2523
62.0 24.0 150
21.0 36.0 2329
33.0 44.0 269
9.0 56.0 951
62.0 48.0 1222
66.0 14.0 3178
44.0 13.0 345
26.0 13.0 2006
11.0 28.0 131
7.0 43.0 1708
17.0 64.0 1778
41.0 46.0 319
55.0 34.0 1660
35.0 16.0 1089
52.0 26.0 1936
43.0 26.0 846
31.0 76.0 2925
22.0 53.0 780
26.0 29.0 716
50.0 40.0 2711
55.0 50.0 2406
54.0 10.0 864
60.0 15.0 703
47.0 66.0 1563
30.0 60.0 943
30.0 50.0 3121
12.0 17.0 1766
15.0 14.0 2026
16.0 19.0 859
21.0 48.0 536
50.0 30.0 778
51.0 42.0 1630
50.0 15.0 2815
48.0 21.0 1666
12.0 38.0 2654
15.0 56.0 2433
29.0 39.0 2309
54.0 38.0 1081
55.0 57.0 1816
67.0 41.0 1536
10.0 70.0 402
6.0 25.0 455
65.0 27.0 73
40.0 60.0 3218
70.0 64.0 2812
64.0 4.0 1906
36.0 6.0 1408
30.0 20.0 1539
20.0 30.0 316
15.0 5.0 1354
50.0 70.0 3128
57.0 72.0 1524
45.0 42.0 2705
38.0 33.0 2069
50.0 4.0 2672
66.0 8.0 1396
59.0 5.0 1221
35.0 60.0 1286
27.0 24.0 1242
40.0 20.0 2404
40.0 37.0 2632
40.0 40.0 159
