# C:\Users\gielpa\PycharmProjects\Genetic-Algorithm\data-bak\fl1400.tsp\data
2104.61 1968.35 785063
2104.61 232.264 1683358
295.591 1968.35 1653261
295.591 232.264 1364712
1025.7 1971.3 32402
1161.67 1965.39 1050100
1191.23 1959.49 1139696
1167.59 1959.49 1288224
1096.64 1959.49 1395614
1102.56 1953.58 1391715
1090.73 1953.58 1678067
1019.79 1953.58 1289428
1232.62 1941.77 1368254
1043.44 1941.77 1813369
1238.53 1935.87 1389665
1167.59 1935.87 155341
1132.11 1935.87 1275324
1268.09 1929.96 1717430
1244.44 1929.96 1971297
1067.08 1929.96 454692
1179.41 1924.06 1915430
1049.35 1924.06 1164476
1037.53 1924.06 163642
1126.2 1918.15 1357691
1090.73 1918.15 422306
984.319 1918.15 1244880
1327.2 1906.34 251687
1031.61 1906.34 680631
996.143 1906.34 1577705
1049.35 1900.44 1216650
1185.32 1894.53 337394
1114.38 1894.53 1425788
1315.38 1882.72 273020
1291.73 1882.72 1857035
1078.91 1882.72 585928
1013.88 1876.82 307464
1735.12 1746.91 998650
741.934 1746.91 943557
1729.21 1741.0 1527606
736.022 1741.0 1940298
1522.3 1723.29 294935
529.108 1723.29 347289
1185.32 1646.52 513357
1569.59 1522.52 40744
576.403 1522.52 1438902
1149.85 1445.75 1756365
617.786 1445.75 1700134
1031.61 1422.13 124075
1108.47 1416.22 548837
753.758 1416.22 467084
1031.61 1410.32 1497090
594.138 1410.32 1450927
759.67 1398.51 1272625
605.962 1398.51 998323
753.758 1274.5 22103
659.169 1250.88 1276002
1268.09 1244.98 783420
594.138 1244.98 133434
611.874 1227.26 1924295
1279.91 1221.36 83717
659.169 1156.4 72619
1226.7 1002.87 235226
1149.85 996.967 1360340
1610.97 973.347 1597305
1037.53 802.101 590528
1315.38 796.196 731881
1114.38 796.196 520851
1090.73 796.196 1716577
1274.0 790.29 1548223
1132.11 790.29 2012536
1108.47 790.29 937630
1013.88 790.29 1580964
1268.09 784.386 1451983
1114.38 784.386 1147373
1031.61 784.386 1681749
1664.18 778.481 1534167
1238.53 778.481 823011
1096.64 778.481 1963573
1049.35 778.481 1825481
978.407 778.481 861735
1232.62 772.576 467737
1185.32 772.576 1699908
1078.91 772.576 1941149
1055.26 772.576 273586
1019.79 772.576 350134
1214.88 766.67 737029
1191.23 766.67 1945286
1167.59 766.67 1393318
1084.82 766.67 916926
1073.0 766.67 873428
1232.62 760.765 506214
1161.67 760.765 240496
1262.18 754.861 80755
1250.35 754.861 875634
1179.41 754.861 1070874
1025.7 754.861 703231
1268.09 748.955 592951
1244.44 748.955 1383428
1173.5 748.955 21355
1132.11 743.05 1099200
1120.29 743.05 1962783
1019.79 725.335 1393913
996.143 725.335 419377
1037.53 719.43 1001483
1002.05 719.43 1761781
1173.5 559.994 1009049
1610.97 548.184 639190
1173.5 548.184 439014
1220.79 536.374 167492
1073.0 1965.39 2005610
1049.35 1965.39 698555
1138.03 1959.49 1033513
1114.38 1959.49 92151
1055.26 1959.49 101551
1735.12 1953.58 565384
1274.0 1953.58 1463838
1250.35 1953.58 1419786
741.934 1953.58 1596670
1061.17 1941.77 294049
1291.73 1935.87 1090658
1214.88 1929.96 158064
1120.29 1929.96 218448
1090.73 1924.06 48762
1203.06 1918.15 983331
1208.97 1912.25 436650
1114.38 1912.25 271523
1226.7 1906.34 1339298
1143.94 1906.34 1297918
1291.73 1900.44 885923
1268.09 1900.44 1906113
1309.47 1894.53 1859134
1002.05 1894.53 990161
978.407 1882.72 804388
1090.73 1876.82 1969867
1569.59 1870.91 802745
1522.3 1870.91 393971
1155.76 1870.91 572971
576.403 1870.91 959329
529.108 1870.91 1775299
1185.32 1865.01 1115697
1090.73 1865.01 110412
1729.21 1746.91 693946
736.022 1746.91 1447678
2054.36 1516.61 1243112
1167.59 1516.61 553918
1185.32 1487.08 14722
310.371 1487.08 1797448
1185.32 1475.28 1673844
611.874 1422.13 109303
617.786 1416.22 668547
540.932 1410.32 861281
605.962 1392.6 374747
582.315 1392.6 213121
1149.85 1274.5 1115316
759.67 1274.5 715526
582.315 1274.5 1842804
1031.61 1227.26 1479280
540.932 1221.36 481935
1268.09 1156.4 98448
2054.36 1150.5 610785
1167.59 1150.5 684430
1279.91 1144.59 736354
1185.32 1050.11 314793
1173.5 1002.87 1281144
1664.18 996.967 893391
1179.41 996.967 617516
1327.2 802.101 1352576
1232.62 802.101 631793
1090.73 802.101 1971852
984.319 802.101 1047152
1179.41 796.196 362532
1167.59 796.196 982799
1084.82 796.196 2005174
1061.17 796.196 101454
1232.62 790.29 1071831
1262.18 784.386 1856146
1155.76 784.386 111309
1132.11 784.386 1540366
1049.35 784.386 284697
1220.79 778.481 1066559
1138.03 778.481 798807
1019.79 778.481 771352
1203.06 772.576 206019
1149.85 766.67 838327
1114.38 766.67 1566004
1309.47 760.765 1503834
1143.94 760.765 861929
1049.35 760.765 1136157
1208.97 754.861 1510215
1185.32 754.861 1817257
1126.2 754.861 847714
1102.56 754.861 1816997
1090.73 754.861 232687
1067.08 754.861 983336
1037.53 748.955 1744288
1043.44 743.05 816890
1031.61 743.05 1245501
1291.73 731.24 1000832
1232.62 731.24 126555
310.371 601.329 1452800
1229.66 1944.73 275694
1099.6 1932.92 1047659
1206.01 1921.11 222529
981.363 1921.11 1967537
1146.9 1909.3 1900907
1028.66 1909.3 1015603
1075.95 1885.68 1926745
981.363 1885.68 839360
2057.32 1519.56 450399
981.363 799.148 1887255
981.363 775.528 198468
307.415 598.377 30855
1164.63 1968.35 1109899
1070.04 1968.35 1838009
1052.31 1962.44 171969
1732.17 1956.54 857391
1271.04 1956.54 681304
1247.4 1956.54 1388316
1022.75 1956.54 609271
738.978 1956.54 1178926
1046.39 1944.73 549338
1247.4 1932.92 1931731
1164.63 1932.92 1590927
1117.33 1932.92 38536
1070.04 1932.92 145984
1099.6 1927.01 333570
1093.69 1921.11 1566452
1046.39 1921.11 1257971
1223.75 1909.3 1390168
1117.33 1909.3 1911764
999.099 1909.3 1043806
1294.69 1897.48 561931
1271.04 1897.48 1321951
1188.28 1897.48 681811
999.099 1897.48 1614930
1294.69 1885.68 1836601
1566.64 1873.86 1978758
1519.34 1873.86 274326
1093.69 1873.86 1928835
573.447 1873.86 356890
526.152 1873.86 150197
1726.25 1749.86 940710
733.066 1749.86 409615
1188.28 1649.47 997405
1164.63 1519.56 1711067
307.415 1490.04 1904423
608.918 1425.08 219949
1028.66 1419.18 1709153
620.742 1413.27 416867
597.094 1413.27 1821685
537.976 1413.27 710361
608.918 1389.65 742360
1152.81 1271.55 1109177
762.626 1271.55 1467660
750.802 1271.55 1062692
1271.04 1247.93 322908
1282.87 1224.31 693602
1034.57 1224.31 407030
656.213 1153.45 1760034
2057.32 1147.55 1399396
1188.28 1047.16 246574
1170.54 1005.83 485222
1661.22 999.92 1283957
1182.37 994.014 313350
1613.93 976.3 1297821
1164.63 799.148 665109
1093.69 799.148 777646
1081.86 799.148 1877247
1034.57 799.148 770079
1229.66 793.243 1681313
1271.04 787.338 111419
1259.22 787.338 1905943
1129.16 787.338 1466592
1105.51 787.338 1812725
1034.57 787.338 1068161
1217.84 781.433 1817766
1052.31 781.433 1368521
1235.57 775.528 826682
1188.28 775.528 1184474
1093.69 775.528 369459
1022.75 775.528 1537125
1206.01 769.623 68554
1075.95 769.623 1353836
1052.31 769.623 1838854
1235.57 763.718 1244764
1211.93 763.718 165124
1188.28 763.718 1632291
1152.81 763.718 1184364
1117.33 763.718 1894628
1176.45 751.908 1232927
1129.16 751.908 471318
1105.51 751.908 260308
1034.57 751.908 1977123
1022.75 751.908 197144
1176.45 562.947 1223697
1631.67 2051.02 1421808
1631.67 2039.21 1697642
1631.67 2027.4 1694806
1619.84 2051.02 1133898
1619.84 2039.21 700659
1619.84 2027.4 729554
1608.02 2051.02 1283514
1608.02 2039.21 1554141
1608.02 2027.4 99146
1596.19 2051.02 1089564
1596.19 2039.21 12813
1596.19 2027.4 1327552
1584.37 2051.02 137947
1584.37 2039.21 1205095
1584.37 2027.4 1859966
1572.55 2051.02 1708494
1572.55 2039.21 1102543
1572.55 2027.4 7335
1560.72 2051.02 1746920
1560.72 2039.21 700892
1560.72 2027.4 1260818
1548.9 2051.02 1759186
1548.9 2039.21 331567
1548.9 2027.4 1679343
1537.08 2051.02 1765035
1537.08 2039.21 1178577
1537.08 2027.4 1318902
1525.25 2051.02 928897
1525.25 2039.21 1267854
1525.25 2027.4 114988
1513.43 2051.02 151604
1513.43 2039.21 1809500
1513.43 2027.4 602577
1501.6 2051.02 191453
1501.6 2039.21 119665
1501.6 2027.4 1133119
1489.78 2051.02 836550
1489.78 2039.21 461564
1489.78 2027.4 1732379
1625.75 2045.11 468591
1625.75 2033.3 1578220
1613.93 2045.11 116085
1613.93 2033.3 1009571
1602.11 2045.11 23221
1602.11 2033.3 1395932
1590.28 2045.11 235409
1590.28 2033.3 1879660
1578.46 2045.11 80330
1578.46 2033.3 255538
1566.64 2045.11 449178
1566.64 2033.3 114079
1554.81 2045.11 229900
1554.81 2033.3 39742
1542.99 2045.11 418417
1542.99 2033.3 280348
1531.16 2045.11 1011282
1531.16 2033.3 1371695
1519.34 2045.11 1650413
1519.34 2033.3 30798
1507.52 2045.11 143496
1507.52 2033.3 1234686
1495.69 2045.11 845133
1495.69 2033.3 1846750
1625.75 2051.02 1784504
1625.75 2039.21 444296
1625.75 2027.4 513519
1613.93 2051.02 582081
1613.93 2039.21 398720
1613.93 2027.4 1437629
1602.11 2051.02 1772871
1602.11 2039.21 879
1602.11 2027.4 670777
1590.28 2051.02 1744890
1590.28 2039.21 772097
1590.28 2027.4 753205
1578.46 2051.02 277521
1578.46 2039.21 497539
1578.46 2027.4 219928
1566.64 2051.02 48105
1566.64 2039.21 1339267
1566.64 2027.4 1971553
1554.81 2051.02 1058858
1554.81 2039.21 724665
1554.81 2027.4 744869
1542.99 2051.02 467837
1542.99 2039.21 1978165
1542.99 2027.4 243129
1531.16 2051.02 694782
1531.16 2039.21 461274
1531.16 2027.4 1683387
1519.34 2051.02 382261
1519.34 2039.21 1867339
1519.34 2027.4 54530
1507.52 2051.02 195181
1507.52 2039.21 1759225
1507.52 2027.4 331009
1495.69 2051.02 718953
1495.69 2039.21 971525
1495.69 2027.4 1538813
1631.67 2045.11 256816
1631.67 2033.3 1989130
1619.84 2045.11 1168581
1619.84 2033.3 1702983
1608.02 2045.11 389331
1608.02 2033.3 1943493
1596.19 2045.11 1186923
1596.19 2033.3 766243
1584.37 2045.11 1744559
1584.37 2033.3 594238
1572.55 2045.11 1603206
1572.55 2033.3 442974
1560.72 2045.11 2005274
1560.72 2033.3 1538990
1548.9 2045.11 794258
1548.9 2033.3 1490409
1537.08 2045.11 261781
1537.08 2033.3 625740
1525.25 2045.11 238884
1525.25 2033.3 199001
1513.43 2045.11 1023892
1513.43 2033.3 1923252
1501.6 2045.11 526249
1501.6 2033.3 1224830
1489.78 2045.11 2001218
1489.78 2033.3 1377950
1628.71 2048.06 1960481
1628.71 2036.25 20741
1616.89 2048.06 1098242
1616.89 2036.25 360058
1605.06 2048.06 128579
1605.06 2036.25 428198
1593.24 2048.06 774857
1593.24 2036.25 1145159
1581.41 2048.06 1286872
1581.41 2036.25 1848508
1569.59 2048.06 548301
1569.59 2036.25 860766
1557.77 2048.06 1469806
1557.77 2036.25 276428
1545.94 2048.06 1881953
1545.94 2036.25 1039093
1534.12 2048.06 1560563
1534.12 2036.25 1233495
1522.3 2048.06 1812197
1522.3 2036.25 1595927
1510.47 2048.06 1282370
1510.47 2036.25 1079890
1498.65 2048.06 1392585
1498.65 2036.25 1287534
1622.8 2042.16 1281041
1622.8 2030.35 1073539
1610.97 2042.16 1395517
1610.97 2030.35 1267411
1599.15 2042.16 1483040
1599.15 2030.35 359928
1587.33 2042.16 1423137
1587.33 2030.35 847737
1575.5 2042.16 1265604
1575.5 2030.35 1361586
1563.68 2042.16 375985
1563.68 2030.35 589051
1551.85 2042.16 1631356
1551.85 2030.35 83598
1540.03 2042.16 725336
1540.03 2030.35 1606269
1528.21 2042.16 662574
1528.21 2030.35 513147
1516.38 2042.16 1212030
1516.38 2030.35 934925
1504.56 2042.16 444807
1504.56 2030.35 1095024
1492.74 2042.16 1181475
1492.74 2030.35 1528015
1628.71 2042.16 925331
1628.71 2030.35 177997
1616.89 2042.16 1229437
1616.89 2030.35 287623
1605.06 2042.16 1328026
1605.06 2030.35 151737
1593.24 2042.16 1846043
1593.24 2030.35 248678
1581.41 2042.16 721564
1581.41 2030.35 698063
1569.59 2042.16 1385203
1569.59 2030.35 978175
1557.77 2042.16 1028070
1557.77 2030.35 1122815
1545.94 2042.16 1031317
1545.94 2030.35 1670591
1534.12 2042.16 539151
1534.12 2030.35 146692
1522.3 2042.16 407038
1522.3 2030.35 385298
1510.47 2042.16 499222
1510.47 2030.35 629995
1498.65 2042.16 61211
1498.65 2030.35 424737
1622.8 2048.06 17854
1622.8 2036.25 887538
1610.97 2048.06 751983
1610.97 2036.25 1336555
1599.15 2048.06 1600235
1599.15 2036.25 1699431
1587.33 2048.06 929180
1587.33 2036.25 685150
1575.5 2048.06 449845
1575.5 2036.25 468207
1563.68 2048.06 619314
1563.68 2036.25 10635
1551.85 2048.06 1135647
1551.85 2036.25 1861021
1540.03 2048.06 1254200
1540.03 2036.25 710120
1528.21 2048.06 614068
1528.21 2036.25 1542506
1516.38 2048.06 704181
1516.38 2036.25 1857836
1504.56 2048.06 1307938
1504.56 2036.25 692349
1492.74 2048.06 947367
1492.74 2036.25 294753
650.302 2051.02 162165
650.302 2039.21 854152
650.302 2027.4 1210439
638.478 2051.02 1092696
638.478 2039.21 675984
638.478 2027.4 787260
626.655 2051.02 147396
626.655 2039.21 227909
626.655 2027.4 644522
614.831 2051.02 317980
614.831 2039.21 1049673
614.831 2027.4 895834
603.007 2051.02 188797
603.007 2039.21 139068
603.007 2027.4 1094979
591.184 2051.02 234418
591.184 2039.21 314906
591.184 2027.4 1937409
579.36 2051.02 1373934
579.36 2039.21 635253
579.36 2027.4 721414
567.537 2051.02 1843655
567.537 2039.21 1136164
567.537 2027.4 277981
555.713 2051.02 499602
555.713 2039.21 940537
555.713 2027.4 1231042
543.889 2051.02 821056
543.889 2039.21 1893950
543.889 2027.4 1680024
532.066 2051.02 391588
532.066 2039.21 894548
532.066 2027.4 555252
520.242 2051.02 1399669
520.242 2039.21 10940
520.242 2027.4 748284
508.418 2051.02 1211287
508.418 2039.21 1388598
508.418 2027.4 1397061
644.39 2045.11 1086570
644.39 2033.3 1570503
632.566 2045.11 1355837
632.566 2033.3 985738
620.743 2045.11 840914
620.743 2033.3 1119074
608.919 2045.11 1029837
608.919 2033.3 500033
597.096 2045.11 278324
597.096 2033.3 1653436
585.272 2045.11 1354797
585.272 2033.3 617076
573.448 2045.11 1018050
573.448 2033.3 199218
561.625 2045.11 307313
561.625 2033.3 1707882
549.801 2045.11 2009418
549.801 2033.3 1872192
537.977 2045.11 256483
537.977 2033.3 1279728
526.153 2045.11 1055177
526.153 2033.3 98466
514.33 2045.11 978448
514.33 2033.3 1627788
644.39 2051.02 1411343
644.39 2039.21 148263
644.39 2027.4 183581
632.566 2051.02 934998
632.566 2039.21 260354
632.566 2027.4 952672
620.743 2051.02 115037
620.743 2039.21 1730443
620.743 2027.4 1345122
608.919 2051.02 367100
608.919 2039.21 1858936
608.919 2027.4 1628229
597.096 2051.02 1669475
597.096 2039.21 1465564
597.096 2027.4 1858077
585.272 2051.02 1646186
585.272 2039.21 1894612
585.272 2027.4 1568340
573.448 2051.02 1289670
573.448 2039.21 1588595
573.448 2027.4 1078515
561.625 2051.02 660040
561.625 2039.21 526595
561.625 2027.4 1381896
549.801 2051.02 328298
549.801 2039.21 706515
549.801 2027.4 1909839
537.977 2051.02 742868
537.977 2039.21 734610
537.977 2027.4 1720941
526.153 2051.02 813313
526.153 2039.21 1630038
526.153 2027.4 1047927
514.33 2051.02 157321
514.33 2039.21 1706392
514.33 2027.4 1223743
650.302 2045.11 1473269
650.302 2033.3 1746071
638.478 2045.11 600975
638.478 2033.3 1960992
626.655 2045.11 1472591
626.655 2033.3 515568
614.831 2045.11 1055455
614.831 2033.3 1825124
603.007 2045.11 1860116
603.007 2033.3 406747
591.184 2045.11 693350
591.184 2033.3 584002
579.36 2045.11 399783
579.36 2033.3 1262350
567.537 2045.11 1790136
567.537 2033.3 854032
555.713 2045.11 475052
555.713 2033.3 169912
543.889 2045.11 1768246
543.889 2033.3 568273
532.066 2045.11 181696
532.066 2033.3 595853
520.242 2045.11 644730
520.242 2033.3 1213770
508.418 2045.11 617554
508.418 2033.3 1236590
647.346 2048.06 1627913
647.346 2036.25 1023709
635.522 2048.06 1929493
635.522 2036.25 1878675
623.699 2048.06 1847337
623.699 2036.25 995543
611.875 2048.06 1116856
611.875 2036.25 819990
600.051 2048.06 1524551
600.051 2036.25 655477
588.228 2048.06 59853
588.228 2036.25 39224
576.404 2048.06 163001
576.404 2036.25 1799358
564.581 2048.06 273382
564.581 2036.25 802074
552.757 2048.06 1475528
552.757 2036.25 1084531
540.933 2048.06 1974604
540.933 2036.25 1550110
529.109 2048.06 1385025
529.109 2036.25 1805430
517.286 2048.06 303499
517.286 2036.25 774428
641.434 2042.16 908393
641.434 2030.35 1708156
629.611 2042.16 966315
629.611 2030.35 213599
617.787 2042.16 283422
617.787 2030.35 1536835
605.963 2042.16 153934
605.963 2030.35 808997
594.14 2042.16 1180100
594.14 2030.35 774951
582.316 2042.16 679711
582.316 2030.35 6346
570.492 2042.16 1518571
570.492 2030.35 790493
558.669 2042.16 325271
558.669 2030.35 1285978
546.845 2042.16 1620993
546.845 2030.35 882571
535.022 2042.16 604125
535.022 2030.35 434168
523.198 2042.16 1810480
523.198 2030.35 881857
511.374 2042.16 1075194
511.374 2030.35 889991
647.346 2042.16 1974759
647.346 2030.35 1253914
635.522 2042.16 1091880
635.522 2030.35 1256927
623.699 2042.16 39025
623.699 2030.35 689640
611.875 2042.16 68856
611.875 2030.35 1231274
600.051 2042.16 51396
600.051 2030.35 550821
588.228 2042.16 1103131
588.228 2030.35 572401
576.404 2042.16 1740161
576.404 2030.35 729399
564.581 2042.16 1812650
564.581 2030.35 1365270
552.757 2042.16 1813839
552.757 2030.35 1836197
540.933 2042.16 1459679
540.933 2030.35 905349
529.109 2042.16 135587
529.109 2030.35 1921465
517.286 2042.16 600746
517.286 2030.35 94881
641.434 2048.06 1568390
641.434 2036.25 232236
629.611 2048.06 1886950
629.611 2036.25 567636
617.787 2048.06 910241
617.787 2036.25 426735
605.963 2048.06 1239247
605.963 2036.25 36954
594.14 2048.06 564279
594.14 2036.25 856103
582.316 2048.06 1373352
582.316 2036.25 1648340
570.492 2048.06 754799
570.492 2036.25 250914
558.669 2048.06 1029924
558.669 2036.25 1190430
546.845 2048.06 1012799
546.845 2036.25 200518
535.022 2048.06 657583
535.022 2036.25 1306429
523.198 2048.06 537519
523.198 2036.25 312939
511.374 2048.06 1168355
511.374 2036.25 10424
1631.67 173.215 1961792
1631.67 161.405 454614
1631.67 149.595 613091
1619.84 173.215 1651198
1619.84 161.405 601245
1619.84 149.595 1073371
1608.02 173.215 1774653
1608.02 161.405 649970
1608.02 149.595 516315
1596.19 173.215 1567095
1596.19 161.405 74745
1596.19 149.595 1073747
1584.37 173.215 237813
1584.37 161.405 1231628
1584.37 149.595 286
1572.55 173.215 1700786
1572.55 161.405 826380
1572.55 149.595 498003
1560.72 173.215 1941820
1560.72 161.405 63794
1560.72 149.595 51975
1548.9 173.215 684720
1548.9 161.405 59987
1548.9 149.595 617818
1537.08 173.215 64085
1537.08 161.405 436656
1537.08 149.595 677215
1525.25 173.215 62698
1525.25 161.405 1449212
1525.25 149.595 1780107
1513.43 173.215 1646943
1513.43 161.405 1381623
1513.43 149.595 1780510
1501.6 173.215 1751311
1501.6 161.405 1465310
1501.6 149.595 1372680
1489.78 173.215 1467429
1489.78 161.405 1281356
1489.78 149.595 938069
1625.75 167.31 129379
1625.75 155.5 852491
1613.93 167.31 67391
1613.93 155.5 1619331
1602.11 167.31 777925
1602.11 155.5 57264
1590.28 167.31 1484114
1590.28 155.5 1611883
1578.46 167.31 420180
1578.46 155.5 1945242
1566.64 167.31 1467425
1566.64 155.5 1582131
1554.81 167.31 1958911
1554.81 155.5 570722
1542.99 167.31 591070
1542.99 155.5 544082
1531.16 167.31 1061731
1531.16 155.5 1450376
1519.34 167.31 1530280
1519.34 155.5 1892798
1507.52 167.31 1979907
1507.52 155.5 1533517
1495.69 167.31 771741
1495.69 155.5 1355762
1625.75 173.215 1946308
1625.75 161.405 1626489
1625.75 149.595 1236668
1613.93 173.215 1404113
1613.93 161.405 203966
1613.93 149.595 1779613
1602.11 173.215 1056547
1602.11 161.405 603020
1602.11 149.595 1078254
1590.28 173.215 85601
1590.28 161.405 105348
1590.28 149.595 1426653
1578.46 173.215 232156
1578.46 161.405 702229
1578.46 149.595 1938490
1566.64 173.215 1330492
1566.64 161.405 1966544
1566.64 149.595 1702198
1554.81 173.215 314014
1554.81 161.405 213816
1554.81 149.595 1889410
1542.99 173.215 693983
1542.99 161.405 1306560
1542.99 149.595 1907898
1531.16 173.215 13299
1531.16 161.405 980199
1531.16 149.595 462889
1519.34 173.215 1021389
1519.34 161.405 24852
1519.34 149.595 175576
1507.52 173.215 1566458
1507.52 161.405 1370379
1507.52 149.595 59289
1495.69 173.215 19459
1495.69 161.405 1189900
1495.69 149.595 1260429
1631.67 167.31 1885100
1631.67 155.5 397346
1619.84 167.31 207804
1619.84 155.5 757970
1608.02 167.31 759061
1608.02 155.5 536623
1596.19 167.31 528403
1596.19 155.5 839299
1584.37 167.31 453119
1584.37 155.5 1939965
1572.55 167.31 1127415
1572.55 155.5 366574
1560.72 167.31 1091632
1560.72 155.5 1582346
1548.9 167.31 685620
1548.9 155.5 384770
1537.08 167.31 1272738
1537.08 155.5 116581
1525.25 167.31 1574698
1525.25 155.5 1304133
1513.43 167.31 1241701
1513.43 155.5 1258152
1501.6 167.31 1928431
1501.6 155.5 98137
1489.78 167.31 136773
1489.78 155.5 792649
1628.71 170.262 148951
1628.71 158.452 1293819
1616.89 170.262 211063
1616.89 158.452 965283
1605.06 170.262 1070794
1605.06 158.452 1727493
1593.24 170.262 758313
1593.24 158.452 839590
1581.41 170.262 244372
1581.41 158.452 1219317
1569.59 170.262 1330472
1569.59 158.452 795656
1557.77 170.262 840127
1557.77 158.452 615850
1545.94 170.262 30078
1545.94 158.452 1843407
1534.12 170.262 144316
1534.12 158.452 1602408
1522.3 170.262 405035
1522.3 158.452 158504
1510.47 170.262 1538071
1510.47 158.452 122167
1498.65 170.262 1555971
1498.65 158.452 1552794
1622.8 164.357 369453
1622.8 152.547 1160767
1610.97 164.357 1960394
1610.97 152.547 1075071
1599.15 164.357 1487211
1599.15 152.547 1595290
1587.33 164.357 1500013
1587.33 152.547 673150
1575.5 164.357 354244
1575.5 152.547 264299
1563.68 164.357 236167
1563.68 152.547 1438539
1551.85 164.357 882180
1551.85 152.547 1797419
1540.03 164.357 876701
1540.03 152.547 1558007
1528.21 164.357 1241439
1528.21 152.547 31251
1516.38 164.357 747678
1516.38 152.547 638187
1504.56 164.357 1816224
1504.56 152.547 823384
1492.74 164.357 862576
1492.74 152.547 978131
1628.71 164.357 1451863
1628.71 152.547 585356
1616.89 164.357 685574
1616.89 152.547 182123
1605.06 164.357 1317559
1605.06 152.547 623337
1593.24 164.357 1239505
1593.24 152.547 1587079
1581.41 164.357 380487
1581.41 152.547 841740
1569.59 164.357 1099462
1569.59 152.547 1894610
1557.77 164.357 1523250
1557.77 152.547 1650820
1545.94 164.357 1375087
1545.94 152.547 1497775
1534.12 164.357 1756075
1534.12 152.547 1014966
1522.3 164.357 996475
1522.3 152.547 789886
1510.47 164.357 261866
1510.47 152.547 1221880
1498.65 164.357 1153484
1498.65 152.547 800875
1622.8 170.262 84827
1622.8 158.452 1794659
1610.97 170.262 1036456
1610.97 158.452 428662
1599.15 170.262 1666109
1599.15 158.452 508107
1587.33 170.262 67792
1587.33 158.452 1360457
1575.5 170.262 1191185
1575.5 158.452 1178738
1563.68 170.262 1515630
1563.68 158.452 367064
1551.85 170.262 122981
1551.85 158.452 131748
1540.03 170.262 107517
1540.03 158.452 1582588
1528.21 170.262 1575716
1528.21 158.452 544804
1516.38 170.262 378915
1516.38 158.452 1667244
1504.56 170.262 1700720
1504.56 158.452 39781
1492.74 170.262 940166
1492.74 158.452 323582
650.302 173.215 1883009
650.302 161.405 211810
650.302 149.595 1344473
638.478 173.215 299658
638.478 161.405 1001087
638.478 149.595 1477964
626.655 173.215 1185308
626.655 161.405 989171
626.655 149.595 1440570
614.831 173.215 129277
614.831 161.405 252261
614.831 149.595 1207397
603.007 173.215 1988191
603.007 161.405 142595
603.007 149.595 1826385
591.184 173.215 1307492
591.184 161.405 1797193
591.184 149.595 147638
579.36 173.215 1050990
579.36 161.405 1959832
579.36 149.595 1997168
567.537 173.215 945948
567.537 161.405 865754
567.537 149.595 240691
555.713 173.215 1242377
555.713 161.405 152642
555.713 149.595 694101
543.889 173.215 1032469
543.889 161.405 987965
543.889 149.595 559851
532.066 173.215 481380
532.066 161.405 1227541
532.066 149.595 508687
520.242 173.215 1983506
520.242 161.405 1048182
520.242 149.595 1912411
508.418 173.215 896287
508.418 161.405 516393
508.418 149.595 1283795
644.39 167.31 1564062
644.39 155.5 1881174
632.566 167.31 1666060
632.566 155.5 876140
620.743 167.31 1934680
620.743 155.5 1826396
608.919 167.31 623622
608.919 155.5 129795
597.096 167.31 1411944
597.096 155.5 396173
585.272 167.31 1792666
585.272 155.5 1649288
573.448 167.31 1126489
573.448 155.5 1261352
561.625 167.31 1867466
561.625 155.5 1484584
549.801 167.31 1511456
549.801 155.5 517651
537.977 167.31 348106
537.977 155.5 616546
526.153 167.31 225227
526.153 155.5 697328
514.33 167.31 1085661
514.33 155.5 145309
644.39 173.215 4700
644.39 161.405 392005
644.39 149.595 538765
632.566 173.215 1559285
632.566 161.405 530348
632.566 149.595 947397
620.743 173.215 604416
620.743 161.405 1370334
620.743 149.595 1236224
608.919 173.215 263628
608.919 161.405 31665
608.919 149.595 420506
597.096 173.215 1833319
597.096 161.405 599704
597.096 149.595 1209302
585.272 173.215 485945
585.272 161.405 595118
585.272 149.595 940972
573.448 173.215 242616
573.448 161.405 1294720
573.448 149.595 1309245
561.625 173.215 737315
561.625 161.405 357130
561.625 149.595 1397393
549.801 173.215 1805903
549.801 161.405 1546892
549.801 149.595 10102
537.977 173.215 548890
537.977 161.405 1365112
537.977 149.595 1867411
526.153 173.215 1257226
526.153 161.405 943552
526.153 149.595 153429
514.33 173.215 1415428
514.33 161.405 165271
514.33 149.595 804089
650.302 167.31 517979
650.302 155.5 59920
638.478 167.31 326207
638.478 155.5 145426
626.655 167.31 546514
626.655 155.5 854656
614.831 167.31 1646486
614.831 155.5 1518011
603.007 167.31 1328381
603.007 155.5 1525828
591.184 167.31 1289617
591.184 155.5 523110
579.36 167.31 484513
579.36 155.5 558558
567.537 167.31 18088
567.537 155.5 717414
555.713 167.31 1653662
555.713 155.5 1015201
543.889 167.31 1593981
543.889 155.5 1886849
532.066 167.31 870765
532.066 155.5 1225400
520.242 167.31 556061
520.242 155.5 81518
508.418 167.31 1607930
508.418 155.5 1134594
647.346 170.262 1435568
647.346 158.452 1862214
635.522 170.262 322717
635.522 158.452 253178
623.699 170.262 852782
623.699 158.452 521897
611.875 170.262 209508
611.875 158.452 316201
600.051 170.262 90331
600.051 158.452 1107064
588.228 170.262 1821492
588.228 158.452 1016247
576.404 170.262 1747830
576.404 158.452 1789490
564.581 170.262 1475335
564.581 158.452 167785
552.757 170.262 1847224
552.757 158.452 1457813
540.933 170.262 29750
540.933 158.452 1275264
529.109 170.262 1955354
529.109 158.452 73166
517.286 170.262 810451
517.286 158.452 1467091
641.434 164.357 1720756
641.434 152.547 323624
629.611 164.357 1725752
629.611 152.547 1039195
617.787 164.357 1862354
617.787 152.547 736235
605.963 164.357 1355238
605.963 152.547 1996507
594.14 164.357 422171
594.14 152.547 668802
582.316 164.357 233513
582.316 152.547 118585
570.492 164.357 1135250
570.492 152.547 1243609
558.669 164.357 900009
558.669 152.547 263528
546.845 164.357 1314931
546.845 152.547 504121
535.022 164.357 436727
535.022 152.547 1731824
523.198 164.357 1478239
523.198 152.547 689170
511.374 164.357 1318158
511.374 152.547 983359
647.346 164.357 1308647
647.346 152.547 1921211
635.522 164.357 1299683
635.522 152.547 817927
623.699 164.357 1993072
623.699 152.547 236202
611.875 164.357 1544740
611.875 152.547 748140
600.051 164.357 1141417
600.051 152.547 763678
588.228 164.357 149336
588.228 152.547 2013486
576.404 164.357 1553544
576.404 152.547 1291081
564.581 164.357 511452
564.581 152.547 207810
552.757 164.357 85544
552.757 152.547 500654
540.933 164.357 1093451
540.933 152.547 1274520
529.109 164.357 1777747
529.109 152.547 1162747
517.286 164.357 1713749
517.286 152.547 1143503
641.434 170.262 622305
641.434 158.452 293236
629.611 170.262 852474
629.611 158.452 1527999
617.787 170.262 1799886
617.787 158.452 236765
605.963 170.262 810199
605.963 158.452 960506
594.14 170.262 797485
594.14 158.452 738655
582.316 170.262 628853
582.316 158.452 101858
570.492 170.262 162126
570.492 158.452 388559
558.669 170.262 921150
558.669 158.452 260988
546.845 170.262 446886
546.845 158.452 1961159
535.022 170.262 1067428
535.022 158.452 2008534
523.198 170.262 1746389
523.198 158.452 1198765
511.374 170.262 661788
511.374 158.452 1370048
1888.83 2048.06 970218
1877.01 2048.06 1801825
1853.36 2048.06 1352131
1841.54 2048.06 154635
1829.71 2048.06 1128593
1782.42 2048.06 1289715
1746.95 2048.06 386431
1723.3 2048.06 1282315
1711.47 2048.06 73695
1676.0 2048.06 2010748
1652.36 2048.06 367443
907.466 2048.06 1597773
895.642 2048.06 1954236
871.994 2048.06 93662
860.171 2048.06 1485543
848.347 2048.06 1291415
801.053 2048.06 610630
765.581 2048.06 1704196
741.934 2048.06 611553
730.111 2048.06 20342
694.64 2048.06 625595
670.992 2048.06 1800424
1871.09 2042.16 714911
1800.15 2042.16 1934413
1776.51 2042.16 607601
1752.86 2042.16 1057715
889.73 2042.16 472174
818.788 2042.16 1363615
795.141 2042.16 1814876
771.494 2042.16 657406
1877.01 2036.25 1316899
1853.36 2036.25 976135
1841.54 2036.25 492502
1746.95 2036.25 952243
1723.3 2036.25 64833
1699.65 2036.25 1395687
895.642 2036.25 1010719
871.994 2036.25 182718
860.171 2036.25 780428
765.581 2036.25 647059
741.934 2036.25 350483
718.287 2036.25 1288617
1894.74 2030.35 328593
1871.09 2030.35 1669348
1859.27 2030.35 859730
1823.8 2030.35 804366
1811.98 2030.35 474352
1800.15 2030.35 954420
1776.51 2030.35 436063
1764.68 2030.35 1173441
1752.86 2030.35 184291
913.377 2030.35 1783992
889.73 2030.35 734930
877.906 2030.35 2013144
842.435 2030.35 1002056
830.612 2030.35 1143549
818.788 2030.35 795848
795.141 2030.35 166807
783.317 2030.35 1885995
771.494 2030.35 53931
1888.83 170.261 1400819
1877.01 170.261 571808
1853.36 170.261 2004495
1841.54 170.261 83184
1829.71 170.261 1789127
1782.42 170.261 1160820
1746.95 170.261 1156093
1723.3 170.261 1428962
1711.47 170.261 9079
1676.0 170.261 538554
1652.36 170.261 793875
907.466 170.261 479267
895.642 170.261 1158004
871.994 170.261 1350614
860.171 170.261 1306109
848.347 170.261 1022236
801.053 170.261 586029
765.581 170.261 1762835
741.934 170.261 408535
730.111 170.261 1088265
694.64 170.261 2004578
670.992 170.261 745596
1871.09 164.357 1313078
1800.15 164.357 1994722
1776.51 164.357 85046
1752.86 164.357 117805
889.73 164.357 158244
818.788 164.357 1402215
795.141 164.357 1815201
771.494 164.357 1879422
1877.01 158.451 1220808
1853.36 158.451 910988
1841.54 158.451 928248
1746.95 158.451 1066477
1723.3 158.451 1397285
1699.65 158.451 92293
895.642 158.451 486831
871.994 158.451 294846
860.171 158.451 733865
765.581 158.451 297825
741.934 158.451 827079
718.287 158.451 1276485
1894.74 152.546 161805
1871.09 152.546 777406
1859.27 152.546 21360
1823.8 152.546 36641
1811.98 152.546 1765778
1800.15 152.546 441244
1776.51 152.546 1517380
1764.68 152.546 1704233
1752.86 152.546 1754756
913.377 152.546 1225063
889.73 152.546 1783010
877.906 152.546 1217267
842.435 152.546 132589
830.612 152.546 805744
818.788 152.546 1785124
795.141 152.546 1013164
783.317 152.546 543338
771.494 152.546 925670
1894.74 2048.06 944391
1882.92 2048.06 535607
1859.27 2048.06 1775648
1811.98 2048.06 15739
1764.68 2048.06 1561265
1670.09 2048.06 592706
913.377 2048.06 546244
901.554 2048.06 415936
877.906 2048.06 1096404
830.612 2048.06 1811157
783.317 2048.06 1637020
688.728 2048.06 563040
1888.83 2042.16 1512545
1829.71 2042.16 200024
1735.12 2042.16 586201
1699.65 2042.16 1363368
1676.0 2042.16 63245
907.466 2042.16 1610432
848.347 2042.16 1162009
753.758 2042.16 650014
718.287 2042.16 1972714
694.64 2042.16 1718170
1882.92 2036.25 1966066
1823.8 2036.25 640582
1670.09 2036.25 1442580
901.554 2036.25 134387
842.435 2036.25 1342966
688.728 2036.25 141793
1782.42 2030.35 1209966
1735.12 2030.35 486648
1711.47 2030.35 144504
1652.36 2030.35 1471140
801.053 2030.35 1734766
753.758 2030.35 123048
730.111 2030.35 998807
670.992 2030.35 1201125
1894.74 170.261 25496
1882.92 170.261 1715281
1859.27 170.261 283142
1811.98 170.261 361645
1764.68 170.261 1607185
1670.09 170.261 112145
913.377 170.261 1445953
901.554 170.261 748642
877.906 170.261 1258972
830.612 170.261 1980783
783.317 170.261 1333568
688.728 170.261 3675
1888.83 164.357 34484
1829.71 164.357 89554
1735.12 164.357 1064463
1699.65 164.357 74549
1676.0 164.357 180844
907.466 164.357 1788940
848.347 164.357 1584614
753.758 164.357 240075
718.287 164.357 532503
694.64 164.357 945533
1882.92 158.451 1168819
1823.8 158.451 1144415
1670.09 158.451 1596746
901.554 158.451 133931
842.435 158.451 228734
688.728 158.451 849667
1782.42 152.546 1966127
1735.12 152.546 539032
1711.47 152.546 284282
1652.36 152.546 1846794
801.053 152.546 1855590
753.758 152.546 202690
730.111 152.546 48287
670.992 152.546 1845749
1891.79 2051.02 1972312
1678.96 2051.02 231976
910.422 2051.02 708294
697.596 2051.02 933116
1732.17 2045.11 486584
750.802 2045.11 1063151
1891.79 2039.21 990545
1678.96 2039.21 739227
910.422 2039.21 1971387
697.596 2039.21 681344
1838.58 2033.3 848413
857.215 2033.3 1828725
1785.37 2027.4 21418
804.009 2027.4 201779
1891.79 173.214 1237448
1678.96 173.214 145322
910.422 173.214 1875317
697.596 173.214 1101558
1732.17 167.309 25616
750.802 167.309 1033986
1891.79 161.404 1548487
1678.96 161.404 1134742
910.422 161.404 1185000
697.596 161.404 221687
1838.58 155.499 68178
857.215 155.499 1342409
1785.37 149.594 562405
804.009 149.594 147566
0.0 0.0 698224
