# C:\Users\gielpa\PycharmProjects\Genetic-Algorithm\data-bak\fl1577.tsp\data
1214.88 1959.49 542931
1226.7 1959.49 1349662
1238.53 1959.49 701060
1250.35 1959.49 1338906
1262.18 1959.49 1080501
1285.82 1959.49 1442815
1297.65 1959.49 102582
1350.85 1965.39 957205
1380.41 1971.3 845329
1392.24 1971.3 853579
1303.56 1953.58 905479
1173.5 1941.77 284317
1185.32 1941.77 18947
1197.15 1941.77 260154
1208.97 1941.77 1703135
1339.03 1941.77 384584
1350.85 1941.77 658906
1362.68 1941.77 382120
1374.5 1941.77 984711
1386.32 1941.77 172646
1398.15 1941.77 498138
1262.18 1935.87 222808
1250.35 1935.87 443722
1238.53 1935.87 523713
1226.7 1935.87 316936
1214.88 1935.87 1284805
1155.76 1935.87 404977
1143.94 1935.87 118323
1132.11 1935.87 988508
1120.29 1935.87 334325
1108.47 1935.87 290998
1138.03 1929.96 1075664
1149.85 1929.96 276650
1161.67 1929.96 232836
1173.5 1929.96 1133029
1185.32 1929.96 88074
1303.56 1929.96 1686828
1315.38 1929.96 583664
1327.2 1929.96 867499
1339.03 1929.96 333585
1350.85 1929.96 673943
1356.77 1924.06 121399
1344.94 1924.06 1100184
1333.12 1924.06 659749
1321.29 1924.06 711171
1309.47 1924.06 1412050
1214.88 1924.06 1789924
1203.06 1924.06 1577233
1191.23 1924.06 1103712
1179.41 1924.06 537714
1197.15 1918.15 224576
1208.97 1918.15 474976
1279.91 1918.15 1601517
1291.73 1918.15 1071545
1303.56 1918.15 154354
1386.32 1918.15 1516260
1398.15 1918.15 1775186
1409.97 1918.15 1477134
1226.7 1912.25 1486865
1214.88 1912.25 1652510
1203.06 1912.25 1134288
1191.23 1912.25 638929
1078.91 1906.34 1504813
1090.73 1906.34 579188
1102.56 1906.34 1560969
1114.38 1906.34 1706552
1126.2 1906.34 1182019
1138.03 1906.34 539919
1149.85 1906.34 499015
1256.26 1906.34 77390
1268.09 1906.34 705928
1279.91 1906.34 763396
1291.73 1906.34 1173746
1303.56 1906.34 950110
1339.03 1906.34 432344
1350.85 1906.34 836667
1362.68 1906.34 495905
1344.94 1900.44 184335
1333.12 1900.44 1610335
1321.29 1900.44 290118
1309.47 1900.44 1230763
1279.91 1894.53 621012
1268.09 1894.53 1832472
1256.26 1894.53 451206
1244.44 1894.53 43842
1149.85 1894.53 205489
1138.03 1894.53 1726291
1126.2 1894.53 317650
1114.38 1894.53 328252
1102.56 1894.53 256375
1090.73 1894.53 275860
1285.82 1888.63 899635
1297.65 1888.63 390493
1309.47 1888.63 1469541
1321.29 1888.63 441971
1409.97 1882.72 1491170
1398.15 1882.72 834238
1386.32 1882.72 1786220
1303.56 1882.72 381370
1291.73 1882.72 1818592
1279.91 1882.72 822799
1126.2 1882.72 917669
1114.38 1882.72 684303
1102.56 1882.72 696718
1090.73 1882.72 1069169
1333.12 1876.82 1726492
1344.94 1876.82 820012
1356.77 1876.82 512619
1368.59 1876.82 862969
1380.41 1876.82 1728478
1374.5 1870.91 1079086
1362.68 1870.91 1821303
1350.85 1870.91 105674
1339.03 1870.91 599432
1327.2 1870.91 384374
1244.44 1870.91 763729
1232.62 1870.91 559434
1220.79 1870.91 754163
1208.97 1870.91 683977
1197.15 1870.91 661116
1185.32 1870.91 262843
1173.5 1870.91 549914
1161.67 1870.91 953390
1149.85 1870.91 517778
1138.03 1870.91 12358
1214.88 1865.01 1648195
1226.7 1865.01 877417
1238.53 1865.01 1740040
1250.35 1865.01 1432495
1262.18 1865.01 535192
1274.0 1865.01 764248
1285.82 1865.01 1270742
1297.65 1865.01 1677998
1309.47 1865.01 1464434
1664.18 1746.91 1040770
670.992 1746.91 292353
676.904 1741.0 1607794
688.728 1741.0 385260
700.551 1741.0 783578
712.375 1741.0 716473
724.199 1741.0 904088
736.022 1741.0 946184
1670.09 1741.0 363152
1681.92 1741.0 709182
1693.74 1741.0 1776900
1705.56 1741.0 1709911
1717.39 1741.0 1738333
1729.21 1741.0 1325303
1865.18 1723.29 1394254
1853.36 1723.29 1326934
871.994 1723.29 1776725
860.171 1723.29 1186916
777.405 1522.52 1448154
789.229 1522.52 1065170
801.053 1522.52 1757220
812.876 1522.52 645681
824.7 1522.52 1844630
1770.59 1522.52 506548
1782.42 1522.52 635522
1794.24 1522.52 1527149
1806.06 1522.52 208229
1817.89 1522.52 1560272
1244.44 1516.61 1717347
1232.62 1516.61 323270
1220.79 1516.61 1773887
1208.97 1516.61 1372408
1197.15 1516.61 678191
1185.32 1516.61 771989
1173.5 1516.61 282773
1161.67 1516.61 434728
1149.85 1516.61 776327
1138.03 1516.61 237733
1126.2 1516.61 1758819
1114.38 1516.61 1090770
1102.56 1516.61 373126
1090.73 1516.61 449972
1078.91 1516.61 770585
1067.08 1516.61 14452
1055.26 1516.61 269305
1043.44 1516.61 893909
1031.61 1516.61 972323
1019.79 1516.61 1408164
1007.97 1516.61 925522
996.143 1516.61 1377991
984.319 1516.61 731557
972.496 1516.61 635856
960.672 1516.61 1742401
948.848 1516.61 484610
937.025 1516.61 878909
925.201 1516.61 1008558
913.377 1516.61 1160315
901.554 1516.61 1040642
889.73 1516.61 496621
877.906 1516.61 1085267
866.083 1516.61 389535
854.259 1516.61 916619
842.435 1516.61 608549
830.612 1516.61 1145481
818.788 1516.61 634559
806.964 1516.61 715738
795.141 1516.61 662868
783.317 1516.61 1494143
771.494 1516.61 903391
759.67 1516.61 534760
747.846 1516.61 1559255
736.022 1516.61 223093
724.199 1516.61 664769
712.375 1516.61 1064939
700.551 1516.61 1237448
688.728 1516.61 1021839
676.904 1516.61 41994
665.081 1516.61 1695878
653.257 1516.61 1483876
641.433 1516.61 1170375
629.609 1516.61 897796
617.786 1516.61 15397
605.962 1516.61 1636964
594.138 1516.61 582886
582.315 1516.61 1233433
570.491 1516.61 678268
558.668 1516.61 129099
546.844 1516.61 168133
535.02 1516.61 1354597
523.196 1516.61 1748656
511.373 1516.61 146583
499.549 1516.61 364626
487.725 1516.61 823864
475.902 1516.61 728605
464.078 1516.61 1249769
452.255 1516.61 823403
440.431 1516.61 306657
428.607 1516.61 1333005
416.784 1516.61 1758889
404.96 1516.61 632124
393.136 1516.61 1143130
381.313 1516.61 1842540
369.489 1516.61 647849
357.665 1516.61 308100
345.842 1516.61 1821740
375.401 1487.08 615277
387.224 1487.08 418317
399.048 1487.08 379164
410.872 1487.08 1492659
422.696 1487.08 1013661
434.519 1487.08 1282617
446.343 1487.08 5049
458.166 1487.08 847653
469.99 1487.08 1461845
481.814 1487.08 1715186
493.637 1487.08 638841
505.461 1487.08 1027761
517.285 1487.08 378817
529.108 1487.08 1758969
540.932 1487.08 1108493
552.756 1487.08 64803
564.579 1487.08 1353136
576.403 1487.08 722289
588.227 1487.08 999542
600.05 1487.08 502884
611.874 1487.08 277763
623.698 1487.08 941167
635.521 1487.08 1523301
647.345 1487.08 191825
659.169 1487.08 789591
670.992 1487.08 305114
682.816 1487.08 1764227
694.64 1487.08 1399266
706.463 1487.08 683255
718.287 1487.08 654602
730.111 1487.08 1274279
741.934 1487.08 852578
753.758 1487.08 734293
765.581 1487.08 1210059
777.405 1487.08 1157046
789.229 1487.08 579666
801.053 1487.08 757381
812.876 1487.08 763857
824.7 1487.08 27828
836.524 1487.08 825698
848.347 1487.08 597500
860.171 1487.08 1308138
871.994 1487.08 226657
883.818 1487.08 61993
895.642 1487.08 841728
907.466 1487.08 211244
919.289 1487.08 1518632
931.113 1487.08 48472
942.937 1487.08 671905
954.76 1487.08 1736798
966.584 1487.08 529219
978.407 1487.08 53444
990.231 1487.08 907020
1002.05 1487.08 1468334
1013.88 1487.08 349357
1025.7 1487.08 1553304
1037.53 1487.08 1381387
1049.35 1487.08 1809640
1061.17 1487.08 1690484
1073.0 1487.08 1692333
1084.82 1487.08 946061
1096.64 1487.08 1172818
1108.47 1487.08 606902
1120.29 1487.08 854788
1132.11 1487.08 941536
1143.94 1487.08 1709856
1155.76 1487.08 1367412
1167.59 1487.08 547477
1179.41 1487.08 1390001
1191.23 1487.08 719326
1203.06 1487.08 1776082
1214.88 1487.08 701436
2066.18 1475.28 743735
2054.36 1475.28 1695678
2042.54 1475.28 1022948
2030.71 1475.28 557744
2018.89 1475.28 525776
2007.07 1475.28 463562
1995.24 1475.28 1061333
1983.42 1475.28 1401172
1971.59 1475.28 62358
1959.77 1475.28 1697428
1947.95 1475.28 293572
1936.12 1475.28 1082810
1924.3 1475.28 732928
1912.48 1475.28 200256
1900.65 1475.28 1492974
1888.83 1475.28 1383456
1877.01 1475.28 568608
1865.18 1475.28 1495762
1853.36 1475.28 1781064
1841.54 1475.28 1537022
1829.71 1475.28 1815833
1817.89 1475.28 44303
1806.06 1475.28 1495247
1794.24 1475.28 1503334
1782.42 1475.28 1478677
1770.59 1475.28 1284621
1758.77 1475.28 1727935
1746.95 1475.28 730318
1735.12 1475.28 863135
1723.3 1475.28 1361787
1711.47 1475.28 213034
1699.65 1475.28 650714
1687.83 1475.28 690533
1676.0 1475.28 735673
1664.18 1475.28 1020878
1652.36 1475.28 247595
1640.53 1475.28 423442
1628.71 1475.28 964709
1616.89 1475.28 1197094
1605.06 1475.28 1550789
1593.24 1475.28 1283119
1581.41 1475.28 1845769
1569.59 1475.28 789523
1557.77 1475.28 1142418
1545.94 1475.28 1002602
1534.12 1475.28 121492
1522.3 1475.28 364297
1510.47 1475.28 34573
1498.65 1475.28 1264170
1486.82 1475.28 277414
1475.0 1475.28 212947
1463.18 1475.28 1459407
1451.35 1475.28 197944
1439.53 1475.28 289508
1427.71 1475.28 683101
1415.88 1475.28 1230224
1404.06 1475.28 1687184
1392.24 1475.28 339381
1380.41 1475.28 1011466
1368.59 1475.28 671610
1356.77 1475.28 345838
1344.94 1475.28 1402693
1333.12 1475.28 118897
1321.29 1475.28 704253
1309.47 1475.28 984828
1297.65 1475.28 1152267
1285.82 1475.28 1611437
1274.0 1475.28 454744
1262.18 1475.28 1320859
1250.35 1475.28 960250
1238.53 1475.28 849074
1226.7 1475.28 1307570
1214.88 1475.28 350921
1256.26 1445.75 27430
1268.09 1445.75 1700640
1279.91 1445.75 108444
1291.73 1445.75 1693451
1303.56 1445.75 350878
1315.38 1445.75 1637235
1327.2 1445.75 432919
1339.03 1445.75 1076252
1350.85 1445.75 1233364
1362.68 1445.75 1269261
1374.5 1445.75 1309816
1386.32 1445.75 440745
1398.15 1445.75 772482
1409.97 1445.75 183180
1421.8 1445.75 1248269
1433.62 1445.75 1058572
1445.44 1445.75 1599816
1457.27 1445.75 517142
1469.09 1445.75 927869
1480.91 1445.75 1281818
1492.74 1445.75 878583
1504.56 1445.75 606808
1516.38 1445.75 40223
1528.21 1445.75 80376
1540.03 1445.75 1055441
1551.85 1445.75 1570884
1563.68 1445.75 1198411
1575.5 1445.75 697982
1587.33 1445.75 258748
1599.15 1445.75 137330
1610.97 1445.75 434301
1622.8 1445.75 84157
1634.62 1445.75 445498
1646.44 1445.75 997838
1658.27 1445.75 1550881
1670.09 1445.75 313845
1681.92 1445.75 1568009
1693.74 1445.75 358530
1705.56 1445.75 261982
1717.39 1445.75 449754
1729.21 1445.75 661975
1741.03 1445.75 1662455
1752.86 1445.75 898863
1764.68 1445.75 1436130
1776.51 1445.75 1486720
1782.42 1416.22 88772
1770.59 1416.22 530074
1758.77 1416.22 679408
1746.95 1416.22 1786663
1735.12 1416.22 1375753
1723.3 1416.22 1120688
1711.47 1416.22 1188014
1699.65 1416.22 1552811
1687.83 1416.22 752811
1676.0 1416.22 200437
1664.18 1416.22 1333233
1652.36 1416.22 563988
1368.59 1416.22 1185754
1356.77 1416.22 601100
1344.94 1416.22 1516192
1333.12 1416.22 656009
1321.29 1416.22 1729530
1309.47 1416.22 91533
1297.65 1416.22 691226
1374.5 1410.32 174392
1386.32 1410.32 1299262
1398.15 1410.32 841998
1409.97 1410.32 137302
1421.8 1410.32 746842
1433.62 1410.32 1028992
1445.44 1410.32 1309619
1457.27 1410.32 80050
1469.09 1410.32 428891
1480.91 1410.32 629233
1492.74 1410.32 696410
1504.56 1410.32 1563138
1516.38 1410.32 203761
1528.21 1410.32 1459836
1540.03 1410.32 1541915
1551.85 1410.32 957900
1563.68 1410.32 749039
1575.5 1410.32 838742
1587.33 1410.32 443956
1599.15 1410.32 1595814
1610.97 1410.32 1293609
1622.8 1410.32 728659
1634.62 1410.32 644908
1646.44 1410.32 930155
1658.27 1410.32 915993
1670.09 1410.32 727142
1681.92 1410.32 1627820
1693.74 1410.32 898080
1705.56 1410.32 1130302
1717.39 1410.32 431755
1729.21 1410.32 1153711
1741.03 1410.32 673495
1752.86 1410.32 1411602
1764.68 1410.32 1463949
1776.51 1410.32 816987
1788.33 1410.32 654186
1800.15 1410.32 1389882
1811.98 1410.32 391009
1823.8 1410.32 1507189
1835.62 1410.32 1254551
1847.45 1410.32 1215536
1788.33 1398.51 181153
1776.51 1398.51 378556
1764.68 1398.51 1727907
1752.86 1398.51 1355862
1741.03 1398.51 1667805
1729.21 1398.51 477794
1717.39 1398.51 1415557
1705.56 1398.51 552709
1693.74 1398.51 442114
1681.92 1398.51 1056508
1670.09 1398.51 1785859
1658.27 1398.51 348066
1646.44 1398.51 99393
1782.42 1392.6 1472948
1794.24 1392.6 1192818
1806.06 1392.6 1503822
1817.89 1392.6 129210
1817.89 1274.5 528451
1806.06 1274.5 29886
1794.24 1274.5 1654437
1782.42 1274.5 479424
1770.59 1274.5 1336961
1758.77 1274.5 1427065
1746.95 1274.5 1412369
1735.12 1274.5 1762668
1723.3 1274.5 85957
1711.47 1274.5 1301967
1699.65 1274.5 885886
1687.83 1274.5 631839
1676.0 1274.5 842117
1664.18 1274.5 1343551
1652.36 1274.5 889513
1640.53 1274.5 827445
1628.71 1274.5 846049
1616.89 1274.5 1463763
1605.06 1274.5 1581643
1593.24 1274.5 276787
1581.41 1274.5 904968
1569.59 1274.5 1506028
1557.77 1274.5 969432
1545.94 1274.5 1276938
1534.12 1274.5 1231765
1522.3 1274.5 797080
1510.47 1274.5 441586
1498.65 1274.5 563875
1486.82 1274.5 1215521
1475.0 1274.5 510879
1463.18 1274.5 1422988
1451.35 1274.5 574147
1439.53 1274.5 1048542
1427.71 1274.5 77174
1415.88 1274.5 903498
1404.06 1274.5 181448
1392.24 1274.5 1524930
1380.41 1274.5 1440001
1368.59 1274.5 517220
1356.77 1274.5 288911
1344.94 1274.5 617542
1333.12 1274.5 1677834
1321.29 1274.5 498910
1309.47 1274.5 118681
1297.65 1274.5 1700740
1285.82 1274.5 1068209
1274.0 1274.5 1193332
1262.18 1274.5 1244172
1250.35 1274.5 221688
1238.53 1274.5 248544
1120.29 1250.88 1497494
1132.11 1250.88 1054724
1143.94 1250.88 1283395
1155.76 1250.88 197565
1167.59 1250.88 684916
1179.41 1250.88 1676925
1191.23 1250.88 811795
1203.06 1250.88 286277
1214.88 1250.88 60025
1226.7 1250.88 847308
1238.53 1250.88 1822448
1250.35 1250.88 1616529
1262.18 1250.88 1777034
1274.0 1250.88 1639893
1285.82 1250.88 1330865
1297.65 1250.88 734318
1309.47 1250.88 620903
1321.29 1250.88 309542
1333.12 1250.88 624763
1344.94 1250.88 614897
1356.77 1250.88 482539
1368.59 1250.88 621560
1380.41 1250.88 790017
1392.24 1250.88 1109488
1404.06 1250.88 388835
1415.88 1250.88 17591
1427.71 1250.88 909514
1439.53 1250.88 2428
1451.35 1250.88 622555
1463.18 1250.88 303218
1475.0 1250.88 1491389
1486.82 1250.88 1279638
1498.65 1250.88 715281
1510.47 1250.88 1161169
1522.3 1250.88 1387961
1534.12 1250.88 471466
1545.94 1250.88 904652
1557.77 1250.88 1362266
1569.59 1250.88 1185848
1581.41 1250.88 1018021
1593.24 1250.88 296509
1605.06 1250.88 196391
1616.89 1250.88 541269
1628.71 1250.88 991377
1640.53 1250.88 619050
1652.36 1250.88 847594
1664.18 1250.88 894193
1676.0 1250.88 1293793
1687.83 1250.88 286946
1699.65 1250.88 1400596
1711.47 1250.88 1523987
1723.3 1250.88 790359
1735.12 1250.88 484225
1800.15 1244.98 486586
1788.33 1244.98 1632661
1776.51 1244.98 18211
1764.68 1244.98 1249536
1752.86 1244.98 1478740
1741.03 1244.98 1664322
1729.21 1244.98 1304191
1717.39 1244.98 359939
1705.56 1244.98 1015721
1693.74 1244.98 1144672
1681.92 1244.98 554983
1670.09 1244.98 991208
1658.27 1244.98 1701633
1646.44 1244.98 1816206
1634.62 1244.98 154899
1622.8 1244.98 33945
1610.97 1244.98 1586789
1599.15 1244.98 9499
1587.33 1244.98 1052753
1575.5 1244.98 580580
1563.68 1244.98 726830
1551.85 1244.98 1562415
1540.03 1244.98 422895
1528.21 1244.98 1791107
1516.38 1244.98 1149610
1504.56 1244.98 272649
1492.74 1244.98 526523
1480.91 1244.98 331635
1469.09 1244.98 1386339
1457.27 1244.98 923756
1445.44 1244.98 1013368
1433.62 1244.98 344368
1421.8 1244.98 330388
1409.97 1244.98 396463
1398.15 1244.98 1277294
1386.32 1244.98 427717
1374.5 1244.98 1778255
1362.68 1244.98 1598431
1350.85 1244.98 992302
1339.03 1244.98 95577
1327.2 1244.98 458501
1315.38 1244.98 1723558
1303.56 1244.98 1172988
1291.73 1244.98 1078005
1279.91 1244.98 376298
1268.09 1244.98 1092299
1256.26 1244.98 402545
1244.44 1244.98 1136280
1238.53 1227.26 1436429
1250.35 1227.26 1365711
1262.18 1227.26 1080807
1274.0 1227.26 10094
1285.82 1227.26 1375806
1297.65 1227.26 1795046
1309.47 1227.26 1355049
1321.29 1227.26 764198
1333.12 1227.26 1074717
1344.94 1227.26 1686598
1356.77 1227.26 814601
1368.59 1227.26 1218271
1380.41 1227.26 765347
1392.24 1227.26 1059239
1404.06 1227.26 1533376
1415.88 1227.26 1075592
1427.71 1227.26 974482
1439.53 1227.26 1540279
1451.35 1227.26 977698
1463.18 1227.26 986149
1475.0 1227.26 803658
1486.82 1227.26 654851
1498.65 1227.26 242145
1510.47 1227.26 733553
1522.3 1227.26 1522000
1534.12 1227.26 614799
1545.94 1227.26 1530093
1557.77 1227.26 967262
1569.59 1227.26 1662501
1581.41 1227.26 721575
1593.24 1227.26 747176
1605.06 1227.26 1807206
1616.89 1227.26 1121056
1628.71 1227.26 159059
1640.53 1227.26 516654
1652.36 1227.26 922872
1664.18 1227.26 203920
1676.0 1227.26 1623916
1687.83 1227.26 1625444
1699.65 1227.26 1447590
1711.47 1227.26 107843
1723.3 1227.26 1285606
1735.12 1227.26 1696931
1746.95 1227.26 1711079
1758.77 1227.26 1398090
1770.59 1227.26 142585
1782.42 1227.26 396340
1859.27 1221.36 1844336
1847.45 1221.36 370969
1835.62 1221.36 937291
1823.8 1221.36 676131
1811.98 1221.36 1081311
1800.15 1221.36 208852
1788.33 1221.36 1015161
1776.51 1221.36 870037
1764.68 1221.36 659710
1752.86 1221.36 1554770
1741.03 1221.36 1046169
1729.21 1221.36 562650
1717.39 1221.36 1497028
1705.56 1221.36 155660
1693.74 1221.36 1663035
1681.92 1221.36 911216
1670.09 1221.36 1247384
1658.27 1221.36 788942
1646.44 1221.36 917026
1634.62 1221.36 1106660
1622.8 1221.36 1322983
1610.97 1221.36 1502095
1599.15 1221.36 1388531
1587.33 1221.36 347250
1575.5 1221.36 763067
1563.68 1221.36 605119
1551.85 1221.36 1585758
1540.03 1221.36 530618
1528.21 1221.36 1660685
1516.38 1221.36 290333
1504.56 1221.36 216372
1492.74 1221.36 1072900
1480.91 1221.36 366031
1469.09 1221.36 1054342
1457.27 1221.36 630221
1445.44 1221.36 1429298
1433.62 1221.36 1291310
1421.8 1221.36 1401683
1409.97 1221.36 251498
1398.15 1221.36 862099
1386.32 1221.36 820757
1132.11 1156.4 1352271
1143.94 1156.4 1032027
1155.76 1156.4 1832162
1167.59 1156.4 905028
1179.41 1156.4 1778566
1191.23 1156.4 1332041
1203.06 1156.4 1220642
1214.88 1156.4 974608
1226.7 1156.4 444537
1238.53 1156.4 1824733
1250.35 1156.4 1580159
1262.18 1156.4 136187
1274.0 1156.4 1170285
1285.82 1156.4 1218679
1297.65 1156.4 1038039
1309.47 1156.4 1543707
1321.29 1156.4 1703858
1333.12 1156.4 1117213
1344.94 1156.4 1632631
1356.77 1156.4 237918
1368.59 1156.4 1771957
1380.41 1156.4 1296566
1392.24 1156.4 630396
1404.06 1156.4 1044626
1415.88 1156.4 1313503
1427.71 1156.4 774557
1439.53 1156.4 21885
1451.35 1156.4 112069
1463.18 1156.4 514850
1475.0 1156.4 1832734
1486.82 1156.4 1665247
1498.65 1156.4 764508
1510.47 1156.4 1638131
1522.3 1156.4 1455570
1534.12 1156.4 18996
1545.94 1156.4 493674
1557.77 1156.4 1702954
1569.59 1156.4 1178435
1581.41 1156.4 1811380
1593.24 1156.4 1282825
1605.06 1156.4 1636850
1616.89 1156.4 1772717
1628.71 1156.4 1176130
1640.53 1156.4 1043358
1652.36 1156.4 1387423
1664.18 1156.4 1212053
1676.0 1156.4 134983
1687.83 1156.4 108683
1699.65 1156.4 958211
1711.47 1156.4 678809
1723.3 1156.4 1284411
1735.12 1156.4 1677805
1746.95 1156.4 140250
1232.62 1150.5 637621
1220.79 1150.5 1493108
1208.97 1150.5 1086627
1197.15 1150.5 624310
1185.32 1150.5 105341
1173.5 1150.5 1173733
1161.67 1150.5 845153
1149.85 1150.5 1289114
1138.03 1150.5 1390843
1126.2 1150.5 32525
1114.38 1150.5 1002713
1102.56 1150.5 227394
1090.73 1150.5 1137753
1078.91 1150.5 454731
1067.08 1150.5 1605344
1055.26 1150.5 955702
1043.44 1150.5 1404141
1031.61 1150.5 91346
1019.79 1150.5 1029558
1007.97 1150.5 823435
996.143 1150.5 141715
984.319 1150.5 117138
972.496 1150.5 1014326
960.672 1150.5 1215239
948.848 1150.5 1507334
937.025 1150.5 570644
925.201 1150.5 522635
913.377 1150.5 457666
901.554 1150.5 1057973
889.73 1150.5 1660777
877.906 1150.5 1141378
866.083 1150.5 242667
854.259 1150.5 800303
842.435 1150.5 609427
830.612 1150.5 619658
818.788 1150.5 1532876
806.964 1150.5 1632277
795.141 1150.5 1483319
783.317 1150.5 1222742
771.494 1150.5 309955
759.67 1150.5 929451
747.846 1150.5 51319
736.022 1150.5 1662897
724.199 1150.5 1477358
712.375 1150.5 1801376
700.551 1150.5 909256
688.728 1150.5 1847285
676.904 1150.5 1760449
665.081 1150.5 1030396
653.257 1150.5 1655694
641.433 1150.5 505823
629.609 1150.5 172614
617.786 1150.5 1187868
605.962 1150.5 99288
594.138 1150.5 2471
582.315 1150.5 665801
570.491 1150.5 876303
558.668 1150.5 1498195
546.844 1150.5 222895
535.02 1150.5 1742832
523.196 1150.5 152277
511.373 1150.5 72662
499.549 1150.5 108745
487.725 1150.5 1742927
475.902 1150.5 720874
464.078 1150.5 757890
452.255 1150.5 128936
440.431 1150.5 1563115
428.607 1150.5 1296221
416.784 1150.5 1835630
404.96 1150.5 1598392
393.136 1150.5 501802
381.313 1150.5 959472
369.489 1150.5 1115377
357.665 1150.5 1412260
345.842 1150.5 46778
334.018 1150.5 320682
1120.29 1144.59 1760686
1132.11 1144.59 1019678
1143.94 1144.59 1348444
1155.76 1144.59 209695
1167.59 1144.59 1197296
1179.41 1144.59 113920
1191.23 1144.59 1298570
1203.06 1144.59 246455
1214.88 1144.59 580594
1226.7 1144.59 1073553
1238.53 1144.59 287447
1250.35 1144.59 119297
1262.18 1144.59 400502
1274.0 1144.59 494312
1285.82 1144.59 1641095
1297.65 1144.59 1240938
1309.47 1144.59 1153760
1321.29 1144.59 622736
1333.12 1144.59 621070
1344.94 1144.59 908838
1356.77 1144.59 259503
1368.59 1144.59 726260
1380.41 1144.59 643559
1392.24 1144.59 593803
1404.06 1144.59 1082507
1415.88 1144.59 678257
1427.71 1144.59 359464
1439.53 1144.59 1606696
1451.35 1144.59 83281
1463.18 1144.59 1338762
1475.0 1144.59 1300297
1486.82 1144.59 957710
1498.65 1144.59 1655397
1510.47 1144.59 1604631
1522.3 1144.59 594807
1534.12 1144.59 581681
1545.94 1144.59 1746456
1557.77 1144.59 603686
1569.59 1144.59 1029548
1581.41 1144.59 43146
1593.24 1144.59 1174644
1605.06 1144.59 1394504
1616.89 1144.59 753172
1628.71 1144.59 1745478
1640.53 1144.59 1724794
1652.36 1144.59 482106
1664.18 1144.59 1201337
1676.0 1144.59 1512644
1687.83 1144.59 1352136
1699.65 1144.59 412513
1711.47 1144.59 848259
1723.3 1144.59 771753
1735.12 1144.59 1390059
1226.7 1002.87 175728
1214.88 1002.87 495643
1203.06 1002.87 733140
1191.23 1002.87 528685
1179.41 1002.87 731293
1220.79 996.967 344608
1232.62 996.967 533899
1244.44 996.967 1461752
1415.88 802.101 1225308
1404.06 802.101 1764935
1392.24 802.101 895279
1380.41 802.101 143708
1368.59 802.101 864276
1356.77 802.101 1274071
1344.94 802.101 1718293
1309.47 802.101 1766587
1297.65 802.101 96138
1285.82 802.101 1111592
1274.0 802.101 1362110
1262.18 802.101 156610
1250.35 802.101 237348
1214.88 802.101 1645332
1203.06 802.101 1537751
1191.23 802.101 1311759
1179.41 802.101 1413458
1167.59 802.101 1247063
1132.11 802.101 727346
1120.29 802.101 200069
1108.47 802.101 174869
1096.64 802.101 670719
1084.82 802.101 1366667
1073.0 802.101 797700
1090.73 796.196 1536363
1102.56 796.196 427559
1114.38 796.196 951371
1126.2 796.196 1544741
1138.03 796.196 1535703
1149.85 796.196 1216733
1161.67 796.196 205145
1173.5 796.196 1082739
1185.32 796.196 1575868
1197.15 796.196 368597
1220.79 796.196 1676926
1232.62 796.196 784638
1244.44 796.196 140063
1256.26 796.196 1276796
1268.09 796.196 702575
1279.91 796.196 949831
1339.03 796.196 448615
1350.85 796.196 1072235
1362.68 796.196 1388811
1374.5 796.196 342124
1380.41 790.29 583549
1368.59 790.29 1491959
1356.77 790.29 377621
1344.94 790.29 890828
1333.12 790.29 910843
1262.18 790.29 533619
1250.35 790.29 1544776
1238.53 790.29 1007107
1226.7 790.29 1476446
1167.59 790.29 1225021
1155.76 790.29 1786494
1143.94 790.29 1177290
1132.11 790.29 61323
1208.97 784.386 671381
1220.79 784.386 1222410
1232.62 784.386 1656015
1244.44 784.386 916555
1291.73 784.386 1486318
1303.56 784.386 1037573
1315.38 784.386 819849
1327.2 784.386 295588
1339.03 784.386 1539197
1350.85 784.386 736615
1380.41 778.481 1400549
1368.59 778.481 399030
1356.77 778.481 1586940
1262.18 778.481 1728233
1250.35 778.481 346864
1238.53 778.481 1156622
1226.7 778.481 1150182
1179.41 778.481 1470352
1167.59 778.481 1172256
1155.76 778.481 1068135
1143.94 778.481 922291
1132.11 778.481 967905
1120.29 778.481 720172
1108.47 778.481 946708
1096.64 778.481 1576440
1084.82 778.481 695425
1073.0 778.481 1562986
1061.17 778.481 55667
1049.35 778.481 1188802
1037.53 778.481 777302
1025.7 778.481 1128906
1013.88 778.481 253953
1002.05 778.481 870917
990.231 778.481 1320596
978.407 778.481 132038
966.584 778.481 1038838
954.76 778.481 109643
942.937 778.481 224624
931.113 778.481 1076468
919.289 778.481 1283818
907.466 778.481 122992
895.642 778.481 522339
883.818 778.481 1492211
871.994 778.481 1502921
860.171 778.481 1465195
848.347 778.481 1832676
836.524 778.481 1118080
824.7 778.481 503509
812.876 778.481 774272
801.053 778.481 171296
789.229 778.481 1422441
777.405 778.481 263381
765.581 778.481 369918
753.758 778.481 1632406
741.934 778.481 435324
1173.5 772.576 1096708
1279.91 772.576 1380927
1291.73 772.576 194305
1303.56 772.576 1305154
1315.38 772.576 268612
1339.03 772.576 229736
1350.85 772.576 442108
1362.68 772.576 641044
1374.5 772.576 1377796
1386.32 772.576 470655
1398.15 772.576 73794
1409.97 772.576 1616800
1321.29 766.67 1834316
1226.7 766.67 644163
1214.88 766.67 1073992
1203.06 766.67 706890
1090.73 760.765 694335
1102.56 760.765 1069620
1114.38 760.765 626064
1126.2 760.765 1658905
1138.03 760.765 278488
1208.97 760.765 889377
1220.79 760.765 954390
1232.62 760.765 876430
1256.26 760.765 1786695
1268.09 760.765 1366297
1279.91 760.765 1563957
1291.73 760.765 585553
1350.85 760.765 760422
1333.12 754.861 491583
1321.29 754.861 407036
1309.47 754.861 434509
1214.88 754.861 862316
1203.06 754.861 1463675
1191.23 754.861 1799506
1143.94 754.861 803941
1138.03 748.955 712753
1149.85 748.955 24538
1232.62 748.955 1310836
1244.44 748.955 53071
1368.59 743.05 798418
1356.77 743.05 1086107
1274.0 743.05 1724800
1167.59 731.24 694796
1155.76 731.24 147677
1143.94 731.24 1023148
1132.11 731.24 956482
1120.29 731.24 1591420
1108.47 731.24 1286301
1386.32 725.335 1790936
1398.15 725.335 951817
1392.24 719.43 1585393
1380.41 719.43 59997
1368.59 719.43 1455776
795.141 548.184 1718181
806.964 548.184 203100
818.788 548.184 648841
830.612 548.184 1012654
842.435 548.184 696218
854.259 548.184 1235046
866.083 548.184 841238
877.906 548.184 610696
889.73 548.184 268858
901.554 548.184 1123228
913.377 548.184 815680
925.201 548.184 459826
937.025 548.184 367400
948.848 548.184 1186356
960.672 548.184 1249153
972.496 548.184 283450
984.319 548.184 1843744
996.143 548.184 488972
1007.97 548.184 1388616
1019.79 548.184 1823231
1031.61 548.184 1118416
1043.44 548.184 363849
1055.26 548.184 135191
1067.08 548.184 1302271
1078.91 548.184 277850
1090.73 548.184 396384
1102.56 548.184 1045461
1114.38 548.184 1294600
1126.2 548.184 1022512
1138.03 548.184 1607521
1149.85 548.184 716567
1161.67 548.184 1774481
1173.5 548.184 687896
1185.32 548.184 1528224
1197.15 548.184 1736369
1208.97 548.184 1457847
1220.79 548.184 598747
1368.59 601.329 261607
1380.41 601.329 1265835
1392.24 601.329 802679
1404.06 601.329 1118478
1415.88 601.329 1769640
1427.71 601.329 531176
1439.53 601.329 613286
1451.35 601.329 885372
1463.18 601.329 1830212
1475.0 601.329 1483862
1486.82 601.329 723521
1498.65 601.329 1586307
1510.47 601.329 82915
1522.3 601.329 372166
1534.12 601.329 288236
1545.94 601.329 709400
1557.77 601.329 680616
1569.59 601.329 1712968
1581.41 601.329 457892
1593.24 601.329 1034325
1605.06 601.329 1267417
1616.89 601.329 1264697
1628.71 601.329 1225779
1640.53 601.329 1426434
1652.36 601.329 502479
1664.18 601.329 18785
1676.0 601.329 363688
1687.83 601.329 1558401
1699.65 601.329 1641070
1711.47 601.329 258232
1723.3 601.329 1808913
1735.12 601.329 1095752
1746.95 601.329 1172935
1758.77 601.329 1480363
1770.59 601.329 1011405
1782.42 601.329 1205190
1794.24 601.329 1801232
1806.06 601.329 1785392
1817.89 601.329 836255
1829.71 601.329 1511912
1841.54 601.329 740558
1853.36 601.329 386171
1865.18 601.329 1070143
1877.01 601.329 560851
1888.83 601.329 1646310
1900.65 601.329 1209939
1912.48 601.329 1145184
1924.3 601.329 158799
1936.12 601.329 1073153
1947.95 601.329 180650
1959.77 601.329 1775957
1971.59 601.329 806416
1983.42 601.329 158666
1995.24 601.329 932014
2007.07 601.329 893557
2018.89 601.329 1607641
2030.71 601.329 1347712
2042.54 601.329 1515852
2054.36 601.329 626168
2066.18 601.329 1339538
2078.01 601.329 928502
2089.83 601.329 518680
1220.79 536.374 377533
1208.97 536.374 823329
1197.15 536.374 834025
1185.32 536.374 1327836
1888.83 2048.06 225526
1877.01 2048.06 1044986
1865.18 2048.06 1472153
1853.36 2048.06 159431
1841.53 2048.06 1636031
1829.71 2048.06 1057110
1817.89 2048.06 47048
1806.06 2048.06 735231
1794.24 2048.06 1044800
1782.42 2048.06 1763927
1770.59 2048.06 738529
1758.77 2048.06 837066
1723.3 2048.06 1205632
1711.47 2048.06 522305
1664.18 2048.06 440740
1640.53 2048.06 1214498
1616.89 2048.06 241569
1605.06 2048.06 40229
1569.59 2048.06 644963
1557.77 2048.06 285172
1534.12 2048.06 688361
1522.3 2048.06 286182
1510.47 2048.06 1571189
1498.65 2048.06 1761579
907.466 2048.06 843934
895.642 2048.06 259869
883.818 2048.06 1021023
871.994 2048.06 1634081
860.171 2048.06 776532
848.347 2048.06 740143
836.524 2048.06 1701324
824.7 2048.06 462419
812.876 2048.06 1818262
801.053 2048.06 54630
789.229 2048.06 1630377
777.405 2048.06 1430651
741.934 2048.06 879711
730.111 2048.06 184350
682.816 2048.06 1726442
659.169 2048.06 1100862
635.521 2048.06 820016
623.698 2048.06 1633212
588.227 2048.06 58515
576.403 2048.06 472457
552.756 2048.06 342134
540.932 2048.06 1048320
529.108 2048.06 1350340
517.285 2048.06 629942
511.373 2042.16 119180
523.196 2042.16 508908
570.491 2042.16 1013212
582.315 2042.16 906303
594.138 2042.16 906829
629.609 2042.16 1433181
641.433 2042.16 190706
700.551 2042.16 1009745
712.375 2042.16 1263767
771.494 2042.16 927677
783.317 2042.16 254870
795.141 2042.16 1018590
806.964 2042.16 1026784
818.788 2042.16 308829
830.612 2042.16 544265
842.435 2042.16 1127605
854.259 2042.16 1226980
866.083 2042.16 1341348
877.906 2042.16 261532
889.73 2042.16 1356140
901.554 2042.16 501692
1492.74 2042.16 1223334
1504.56 2042.16 481847
1551.85 2042.16 1120782
1563.68 2042.16 1717127
1575.5 2042.16 321893
1610.97 2042.16 1269147
1622.8 2042.16 1366680
1681.92 2042.16 330393
1693.74 2042.16 1190767
1752.86 2042.16 1807312
1764.68 2042.16 1653735
1776.5 2042.16 1715484
1788.33 2042.16 1564751
1800.15 2042.16 833975
1811.97 2042.16 398333
1823.8 2042.16 348836
1835.62 2042.16 79797
1847.45 2042.16 1486449
1859.27 2042.16 937157
1871.09 2042.16 31028
1882.92 2042.16 1401502
1888.83 2036.25 1040790
1877.01 2036.25 1265201
1865.18 2036.25 342974
1853.36 2036.25 1510347
1841.53 2036.25 831680
1829.71 2036.25 901758
1817.89 2036.25 1111881
1806.06 2036.25 337189
1794.24 2036.25 578742
1782.42 2036.25 1243423
1770.59 2036.25 1303306
1758.77 2036.25 1233599
1711.47 2036.25 601946
1699.65 2036.25 128470
1687.83 2036.25 1470927
1652.36 2036.25 717550
1640.53 2036.25 1343207
1557.77 2036.25 601604
1545.94 2036.25 958896
1534.12 2036.25 1574824
1498.65 2036.25 400264
907.466 2036.25 1334054
895.642 2036.25 942217
883.818 2036.25 626562
871.994 2036.25 1566856
860.171 2036.25 1557781
848.347 2036.25 1623359
836.524 2036.25 1735267
824.7 2036.25 591836
812.876 2036.25 1661435
801.053 2036.25 43035
789.229 2036.25 1460623
777.405 2036.25 541787
730.111 2036.25 1393460
718.287 2036.25 1177452
706.463 2036.25 1573767
670.992 2036.25 1509770
659.169 2036.25 225496
576.403 2036.25 965524
564.579 2036.25 928446
552.756 2036.25 637210
517.285 2036.25 1018823
511.373 2030.35 1236202
523.196 2030.35 502856
546.844 2030.35 1304264
558.668 2030.35 433434
582.315 2030.35 71182
605.962 2030.35 433187
629.609 2030.35 59511
653.257 2030.35 1692483
665.081 2030.35 207182
688.728 2030.35 793962
700.551 2030.35 881151
712.375 2030.35 1517231
724.199 2030.35 309827
736.022 2030.35 712834
747.846 2030.35 1251906
771.494 2030.35 496879
783.317 2030.35 484081
795.141 2030.35 1724905
806.964 2030.35 528362
818.788 2030.35 481799
830.612 2030.35 1679373
842.435 2030.35 1637960
854.259 2030.35 1661319
866.083 2030.35 803660
877.906 2030.35 180442
889.73 2030.35 1251033
901.554 2030.35 1175865
1492.74 2030.35 775279
1504.56 2030.35 175408
1528.21 2030.35 1157405
1540.03 2030.35 1154609
1563.68 2030.35 1219513
1587.33 2030.35 1341160
1610.97 2030.35 1786012
1634.62 2030.35 183368
1646.44 2030.35 706190
1670.09 2030.35 238652
1681.92 2030.35 802809
1693.74 2030.35 297111
1705.56 2030.35 1376363
1717.39 2030.35 1221620
1729.21 2030.35 961956
1752.86 2030.35 1117415
1764.68 2030.35 1739074
1776.5 2030.35 1513421
1788.33 2030.35 512399
1800.15 2030.35 395787
1811.97 2030.35 1723770
1823.8 2030.35 1400742
1835.62 2030.35 534570
1847.45 2030.35 249103
1859.27 2030.35 407075
1871.09 2030.35 1205552
1882.92 2030.35 1741063
1888.83 170.262 913537
1877.01 170.262 1442646
1865.18 170.262 1234548
1853.36 170.262 303482
1841.53 170.262 1825091
1829.71 170.262 1791628
1817.89 170.262 410251
1806.06 170.262 60772
1794.24 170.262 1655702
1782.42 170.262 715598
1770.59 170.262 1645274
1758.77 170.262 277485
907.466 170.262 436724
895.642 170.262 761831
883.818 170.262 382808
871.994 170.262 175151
860.171 170.262 974791
848.347 170.262 1339654
836.524 170.262 449011
824.7 170.262 871640
812.876 170.262 574262
801.053 170.262 1420040
789.229 170.262 688569
777.405 170.262 1442561
517.285 170.261 1474944
529.108 170.261 1017955
540.932 170.261 1214248
552.756 170.261 280476
576.403 170.261 430005
588.227 170.261 488733
623.698 170.261 747805
635.521 170.261 1830944
659.169 170.261 1070866
682.816 170.261 1321896
730.111 170.261 1585385
741.934 170.261 883743
1498.65 170.261 1365492
1510.47 170.261 822185
1522.3 170.261 478513
1534.12 170.261 904437
1557.77 170.261 326127
1569.59 170.261 202803
1605.06 170.261 551894
1616.89 170.261 1530437
1640.53 170.261 711300
1664.18 170.261 497622
1711.47 170.261 14813
1723.3 170.261 1077285
1882.92 164.357 263212
1871.09 164.357 766252
1859.27 164.357 1712336
1847.45 164.357 1371320
1835.62 164.357 533780
1823.8 164.357 1545932
1811.97 164.357 20759
1800.15 164.357 1126065
1788.33 164.357 220296
1776.5 164.357 1039033
1764.68 164.357 912569
1752.86 164.357 1711420
901.554 164.357 1689429
889.73 164.357 94224
877.906 164.357 1197127
866.083 164.357 110786
854.259 164.357 1220441
842.435 164.357 1512416
830.612 164.357 302310
818.788 164.357 1846401
806.964 164.357 392889
795.141 164.357 729298
783.317 164.357 1794320
771.494 164.357 554681
511.373 164.357 422982
523.196 164.357 542237
570.491 164.357 862998
582.315 164.357 278711
594.138 164.357 1323857
629.609 164.357 1496883
641.433 164.357 92558
700.551 164.357 1811463
712.375 164.357 821156
1492.74 164.357 656570
1504.56 164.357 190033
1551.85 164.357 1299275
1563.68 164.357 828264
1575.5 164.357 1154606
1610.97 164.357 1093740
1622.8 164.357 1627699
1681.92 164.357 1259628
1693.74 164.357 1349465
1888.83 158.452 1089353
1877.01 158.452 1344659
1865.18 158.452 85407
1853.36 158.452 1634876
1841.53 158.452 671668
1829.71 158.452 1323222
1817.89 158.452 370407
1806.06 158.452 1450807
1794.24 158.452 420113
1782.42 158.452 1636446
1770.59 158.452 275469
1758.77 158.452 1014422
907.466 158.452 709819
895.642 158.452 116359
883.818 158.452 1811040
871.994 158.452 1325978
860.171 158.452 997366
848.347 158.452 1657707
836.524 158.452 220586
824.7 158.452 550211
812.876 158.452 1378294
801.053 158.452 694726
789.229 158.452 1262127
777.405 158.452 1845036
517.285 158.451 1427645
552.756 158.451 1101525
564.579 158.451 1703306
576.403 158.451 713696
659.169 158.451 45001
670.992 158.451 1550393
706.463 158.451 1173030
718.287 158.451 642087
730.111 158.451 1213374
1498.65 158.451 153502
1534.12 158.451 86671
1545.94 158.451 1842567
1557.77 158.451 598695
1640.53 158.451 996664
1652.36 158.451 1464238
1687.83 158.451 1345507
1699.65 158.451 356948
1711.47 158.451 299011
1882.92 152.547 428131
1871.09 152.547 1102251
1859.27 152.547 1625679
1847.45 152.547 577838
1835.62 152.547 19013
1823.8 152.547 1624857
1811.97 152.547 855044
1800.15 152.547 1629154
1788.33 152.547 1737609
1776.5 152.547 1194378
1764.68 152.547 192346
1752.86 152.547 1053629
901.554 152.547 484587
889.73 152.547 1021409
877.906 152.547 277150
866.083 152.547 1632619
854.259 152.547 844673
842.435 152.547 1411950
830.612 152.547 486829
818.788 152.547 144642
806.964 152.547 162677
795.141 152.547 378089
783.317 152.547 397853
771.494 152.547 1561859
511.373 152.546 1429572
523.196 152.546 1553759
546.844 152.546 1170683
558.668 152.546 1339735
582.315 152.546 321369
605.962 152.546 260475
629.609 152.546 1249712
653.257 152.546 60929
665.081 152.546 541208
688.728 152.546 1802302
700.551 152.546 1579236
712.375 152.546 616617
724.199 152.546 132236
736.022 152.546 1352760
747.846 152.546 1758612
1492.74 152.546 86737
1504.56 152.546 108829
1528.21 152.546 1252493
1540.03 152.546 1258410
1563.68 152.546 1109202
1587.33 152.546 733465
1610.97 152.546 1435453
1634.62 152.546 1052567
1646.44 152.546 1284848
1670.09 152.546 652806
1681.92 152.546 1129379
1693.74 152.546 971811
1705.56 152.546 1496948
1717.39 152.546 1222785
1729.21 152.546 542627
