# C:\Users\gielpa\PycharmProjects\Genetic-Algorithm\data-bak\fl3795.tsp\data
2104.61 1968.35 2866705
1401.1 1968.35 2714410
295.591 1968.35 936615
1235.57 1956.54 302170
1347.9 1962.44 1476202
1401.1 1944.73 4323058
1211.93 1944.73 795057
1211.93 1932.92 2356067
1353.81 1932.92 4008690
1300.6 1927.01 4969467
1176.45 1921.11 2598252
1211.93 1921.11 5390179
1377.46 1921.11 5225794
1330.16 1909.3 2952011
1306.51 1909.3 3994930
1235.57 1909.3 406598
1152.81 1909.3 390311
1152.81 1897.48 1288982
1235.57 1897.48 1070736
1306.51 1897.48 2992073
1377.46 1885.68 2095936
1306.51 1885.68 2284890
1129.16 1885.68 726705
1129.16 1873.86 70996
1377.46 1873.86 5405367
1667.14 1749.86 331071
673.948 1749.86 4211356
738.978 1743.95 3696946
1732.17 1743.95 954326
1850.4 1720.33 4988033
857.215 1720.33 263866
366.533 1490.04 669401
774.45 1519.56 3528268
1247.4 1519.56 5408388
1767.64 1519.56 3435070
2069.14 1478.23 4249855
1371.54 1419.18 1447845
1117.33 1247.93 3213769
1235.57 1247.93 2731805
1235.57 1271.55 5245444
1779.46 1389.65 629172
1791.28 1413.27 4886485
1850.4 1413.27 2680672
1377.46 1224.31 747967
1235.57 1224.31 642111
331.062 1147.55 3766794
1755.81 1153.45 452592
1743.99 1141.64 3307838
1229.66 1005.83 2585301
1217.84 994.014 3840588
1140.98 799.148 2523654
1200.1 799.148 2092028
1223.75 799.148 3767603
1247.4 799.148 4248849
1341.98 799.148 1477415
1377.46 799.148 3503981
1170.54 793.243 5069810
1200.1 787.338 2431464
1223.75 787.338 5117278
1330.16 787.338 2034594
1347.9 781.433 2660606
1182.37 781.433 4734717
1176.45 775.528 3808017
1223.75 775.528 3993463
1330.16 775.528 4879144
1324.25 769.623 3262559
1276.95 769.623 4376743
1194.19 769.623 2560552
1140.98 763.718 4218457
1200.1 763.718 71674
1294.69 763.718 4158411
1341.98 763.718 2234320
1247.4 751.908 2518626
1223.75 539.326 3683650
1365.63 598.377 1970047
2104.61 232.264 1430260
295.591 232.264 2227924
1208.97 1959.49 3132177
1220.79 1959.49 4922695
1232.62 1959.49 3973860
1244.44 1959.49 4356821
1256.26 1959.49 1317091
1291.73 1959.49 5208953
1303.56 1959.49 552425
1374.5 1971.3 3730650
1386.32 1971.3 3141992
1398.15 1971.3 4261156
1309.47 1953.58 1621671
1297.65 1953.58 522374
1179.41 1941.77 3816765
1191.23 1941.77 1590220
1203.06 1941.77 1535881
1344.94 1941.77 1445609
1356.77 1941.77 1719719
1368.59 1941.77 3091010
1380.41 1941.77 1879468
1392.24 1941.77 707360
1268.09 1935.87 4744387
1256.26 1935.87 2211615
1244.44 1935.87 5024023
1232.62 1935.87 918424
1220.79 1935.87 3167431
1161.67 1935.87 4296127
1149.85 1935.87 1516624
1138.03 1935.87 4937684
1126.2 1935.87 3766051
1114.38 1935.87 790959
1132.11 1929.96 3909989
1143.94 1929.96 1660656
1155.76 1929.96 5395423
1167.59 1929.96 4500561
1179.41 1929.96 3036813
1309.47 1929.96 1713766
1321.29 1929.96 2586879
1333.12 1929.96 4505506
1344.94 1929.96 663461
1362.68 1924.06 3802483
1350.85 1924.06 221566
1339.03 1924.06 134603
1327.2 1924.06 1096079
1315.38 1924.06 2009207
1303.56 1924.06 1777689
1220.79 1924.06 1332034
1208.97 1924.06 3688414
1197.15 1924.06 2601276
1185.32 1924.06 5271062
1203.06 1918.15 1186024
1274.0 1918.15 1919695
1285.82 1918.15 707267
1297.65 1918.15 3403610
1309.47 1918.15 4730845
1380.41 1918.15 2375078
1392.24 1918.15 3266986
1404.06 1918.15 3906852
1415.88 1918.15 2689917
1232.62 1912.25 4718151
1220.79 1912.25 3097595
1208.97 1912.25 1450663
1197.15 1912.25 595074
1073.0 1906.34 167159
1084.82 1906.34 1712277
1096.64 1906.34 2698101
1108.47 1906.34 3093979
1120.29 1906.34 3558172
1132.11 1906.34 635361
1143.94 1906.34 3697450
1262.18 1906.34 3009311
1274.0 1906.34 24066
1285.82 1906.34 4300881
1297.65 1906.34 3343838
1333.12 1906.34 833645
1344.94 1906.34 207521
1356.77 1906.34 897434
1368.59 1906.34 5232814
1350.85 1900.44 2348081
1339.03 1900.44 2125328
1327.2 1900.44 1669038
1315.38 1900.44 1361153
1285.82 1894.53 4344442
1274.0 1894.53 3004731
1262.18 1894.53 3557542
1250.35 1894.53 4040462
1238.53 1894.53 1180023
1143.94 1894.53 5245533
1132.11 1894.53 5280925
1120.29 1894.53 1033029
1108.47 1894.53 4581643
1096.64 1894.53 924502
1279.91 1888.63 3064269
1291.73 1888.63 2294087
1303.56 1888.63 1356995
1315.38 1888.63 1524058
1415.88 1882.72 4711822
1404.06 1882.72 1235052
1392.24 1882.72 3254855
1380.41 1882.72 2119035
1297.65 1882.72 74680
1285.82 1882.72 2869164
1120.29 1882.72 4824660
1108.47 1882.72 4079185
1096.64 1882.72 2262101
1084.82 1882.72 3186776
1327.2 1876.82 744156
1339.03 1876.82 5237283
1350.85 1876.82 5065320
1362.68 1876.82 5265055
1374.5 1876.82 2436
1386.32 1876.82 2914055
1368.59 1870.91 116885
1356.77 1870.91 4928398
1344.94 1870.91 5177032
1333.12 1870.91 2481950
1238.53 1870.91 3121080
1226.7 1870.91 4464100
1214.88 1870.91 1940706
1203.06 1870.91 4553345
1191.23 1870.91 859834
1179.41 1870.91 3551229
1167.59 1870.91 4706039
1155.76 1870.91 2916073
1143.94 1870.91 211441
1132.11 1870.91 796227
1220.79 1865.01 2092241
1232.62 1865.01 232339
1244.44 1865.01 261159
1256.26 1865.01 1742515
1268.09 1865.01 4306541
1279.91 1865.01 4828315
1291.73 1865.01 3646846
1303.56 1865.01 4768524
1658.27 1746.91 4484134
665.081 1746.91 366365
670.992 1741.0 2326731
682.816 1741.0 3530983
694.64 1741.0 1404858
706.463 1741.0 2254015
718.287 1741.0 2269775
730.111 1741.0 1753629
1664.18 1741.0 4876934
1676.0 1741.0 2144658
1687.83 1741.0 1376244
1699.65 1741.0 473861
1711.47 1741.0 1127216
1723.3 1741.0 3473147
1871.09 1723.29 3740891
1859.27 1723.29 600350
877.906 1723.29 1279448
866.083 1723.29 1168964
783.317 1522.52 2931856
795.141 1522.52 1203395
806.964 1522.52 816782
818.788 1522.52 209595
830.612 1522.52 5214142
1776.51 1522.52 895635
1788.33 1522.52 1485294
1800.15 1522.52 2056220
1811.98 1522.52 4139968
1823.8 1522.52 3821477
1238.53 1516.61 2585664
1226.7 1516.61 3179077
1214.88 1516.61 1343567
1203.06 1516.61 2761292
1191.23 1516.61 2217302
1179.41 1516.61 3920755
1167.59 1516.61 984765
1155.76 1516.61 3392859
1143.94 1516.61 3094368
1132.11 1516.61 3462142
1120.29 1516.61 390497
1108.47 1516.61 558831
1096.64 1516.61 2700509
1084.82 1516.61 2772711
1073.0 1516.61 87803
1061.17 1516.61 3606015
1049.35 1516.61 4602002
1037.53 1516.61 2975847
1025.7 1516.61 4096274
1013.88 1516.61 5003898
1002.05 1516.61 4915381
990.231 1516.61 2341467
978.407 1516.61 3866363
966.584 1516.61 1756302
954.76 1516.61 1363407
942.937 1516.61 3431020
931.113 1516.61 3697676
919.289 1516.61 2502275
907.466 1516.61 5002130
895.642 1516.61 381548
883.818 1516.61 5360892
871.994 1516.61 2415177
860.171 1516.61 4641566
848.347 1516.61 802737
836.524 1516.61 3044049
824.7 1516.61 3817022
812.876 1516.61 1335113
801.053 1516.61 1213552
789.229 1516.61 1435518
777.405 1516.61 473584
765.581 1516.61 2132948
753.758 1516.61 3422855
741.934 1516.61 1339076
730.111 1516.61 697155
718.287 1516.61 854795
706.463 1516.61 3730034
694.64 1516.61 2251286
682.816 1516.61 2461074
670.992 1516.61 3837063
659.169 1516.61 911011
647.345 1516.61 1699020
635.521 1516.61 680591
623.698 1516.61 1837403
611.874 1516.61 175600
600.05 1516.61 4274131
588.227 1516.61 1735425
576.403 1516.61 1043353
564.579 1516.61 4915597
552.756 1516.61 240852
540.932 1516.61 1299849
529.108 1516.61 3295350
517.285 1516.61 1096707
505.461 1516.61 4586287
493.637 1516.61 2280534
481.814 1516.61 4334924
469.99 1516.61 5390209
458.166 1516.61 2897504
446.343 1516.61 1906381
434.519 1516.61 5307353
422.696 1516.61 4443807
410.872 1516.61 4381078
399.048 1516.61 5152589
387.224 1516.61 3022201
375.401 1516.61 473257
363.577 1516.61 3559336
351.753 1516.61 3630532
369.489 1487.08 2789542
381.313 1487.08 156294
393.136 1487.08 5122022
404.96 1487.08 4230705
416.784 1487.08 422119
428.607 1487.08 1269467
440.431 1487.08 5144771
452.255 1487.08 2041057
464.078 1487.08 925101
475.902 1487.08 379858
487.725 1487.08 928517
499.549 1487.08 2770720
511.373 1487.08 4025145
523.196 1487.08 2405844
535.02 1487.08 775986
546.844 1487.08 2816723
558.668 1487.08 4001383
570.491 1487.08 3360174
582.315 1487.08 3538615
594.138 1487.08 377785
605.962 1487.08 4363474
617.786 1487.08 2287187
629.609 1487.08 3910701
641.433 1487.08 1049419
653.257 1487.08 262501
665.081 1487.08 3633601
676.904 1487.08 1506229
688.728 1487.08 595599
700.551 1487.08 5375431
712.375 1487.08 1622010
724.199 1487.08 2333475
736.022 1487.08 319293
747.846 1487.08 3024136
759.67 1487.08 2919159
771.494 1487.08 3822051
783.317 1487.08 4198965
795.141 1487.08 4993411
806.964 1487.08 427855
818.788 1487.08 623272
830.612 1487.08 2760641
842.435 1487.08 619454
854.259 1487.08 1264568
866.083 1487.08 2616789
877.906 1487.08 3598157
889.73 1487.08 3063463
901.554 1487.08 4101774
913.377 1487.08 4389950
925.201 1487.08 915309
937.025 1487.08 2148483
948.848 1487.08 1002399
960.672 1487.08 3712367
972.496 1487.08 1753133
984.319 1487.08 2384920
996.143 1487.08 780620
1007.97 1487.08 4207415
1019.79 1487.08 2883441
1031.61 1487.08 751446
1043.44 1487.08 3985945
1055.26 1487.08 4319187
1067.08 1487.08 3931334
1078.91 1487.08 2263930
1090.73 1487.08 3789457
1102.56 1487.08 1167410
1114.38 1487.08 2629826
1126.2 1487.08 494012
1138.03 1487.08 653505
1149.85 1487.08 4673216
1161.67 1487.08 2049071
1173.5 1487.08 789285
1185.32 1487.08 10918
1197.15 1487.08 4577564
1208.97 1487.08 4091698
2060.27 1475.28 4855496
2048.45 1475.28 1531448
2036.62 1475.28 611125
2024.8 1475.28 4152392
2012.98 1475.28 4623065
2001.15 1475.28 4406287
1989.33 1475.28 3664779
1977.51 1475.28 3658818
1965.68 1475.28 5108608
1953.86 1475.28 1894274
1942.04 1475.28 3983804
1930.21 1475.28 2784583
1918.39 1475.28 352627
1906.56 1475.28 3848499
1894.74 1475.28 5142383
1882.92 1475.28 3035641
1871.09 1475.28 309801
1859.27 1475.28 5264274
1847.45 1475.28 3944673
1835.62 1475.28 4297595
1823.8 1475.28 5140701
1811.98 1475.28 1932447
1800.15 1475.28 4944327
1788.33 1475.28 4840611
1776.51 1475.28 3102547
1764.68 1475.28 2968234
1752.86 1475.28 1431236
1741.03 1475.28 1810268
1729.21 1475.28 1059319
1717.39 1475.28 2473800
1705.56 1475.28 2910598
1693.74 1475.28 5433166
1681.92 1475.28 3237976
1670.09 1475.28 4639693
1658.27 1475.28 3229339
1646.44 1475.28 3377876
1634.62 1475.28 1835268
1622.8 1475.28 4228510
1610.97 1475.28 728199
1599.15 1475.28 96693
1587.33 1475.28 4336584
1575.5 1475.28 2150373
1563.68 1475.28 3186650
1551.85 1475.28 4252787
1540.03 1475.28 1499217
1528.21 1475.28 2889978
1516.38 1475.28 3591518
1504.56 1475.28 664574
1492.74 1475.28 3969128
1480.91 1475.28 3068880
1469.09 1475.28 1500378
1457.27 1475.28 4613349
1445.44 1475.28 2411787
1433.62 1475.28 2446041
1421.8 1475.28 4481125
1409.97 1475.28 2714901
1398.15 1475.28 1045266
1386.32 1475.28 3949828
1374.5 1475.28 573706
1362.68 1475.28 4951997
1350.85 1475.28 952877
1339.03 1475.28 844759
1327.2 1475.28 1790275
1315.38 1475.28 833624
1303.56 1475.28 1483571
1291.73 1475.28 3822380
1279.91 1475.28 3488511
1268.09 1475.28 1287562
1256.26 1475.28 3542904
1244.44 1475.28 1236055
1232.62 1475.28 2931577
1220.79 1475.28 980310
1250.35 1445.75 2276686
1262.18 1445.75 3922398
1274.0 1445.75 61607
1285.82 1445.75 3617586
1297.65 1445.75 4793409
1309.47 1445.75 1361956
1321.29 1445.75 3615188
1333.12 1445.75 1710611
1344.94 1445.75 5348921
1356.77 1445.75 560077
1368.59 1445.75 3581640
1380.41 1445.75 5026470
1392.24 1445.75 4835505
1404.06 1445.75 2394479
1415.88 1445.75 2260016
1427.71 1445.75 682039
1439.53 1445.75 1073638
1451.35 1445.75 4314485
1463.18 1445.75 3599834
1475.0 1445.75 5298988
1486.82 1445.75 2381763
1498.65 1445.75 709021
1510.47 1445.75 2404566
1522.3 1445.75 1509157
1534.12 1445.75 3732966
1545.94 1445.75 4886190
1557.77 1445.75 259513
1569.59 1445.75 4557965
1581.41 1445.75 4209007
1593.24 1445.75 4733063
1605.06 1445.75 3124163
1616.89 1445.75 1392349
1628.71 1445.75 3054075
1640.53 1445.75 4781514
1652.36 1445.75 599695
1664.18 1445.75 4718727
1676.0 1445.75 3894910
1687.83 1445.75 1265872
1699.65 1445.75 2902628
1711.47 1445.75 2552305
1723.3 1445.75 4782288
1735.12 1445.75 2340176
1746.95 1445.75 4313501
1758.77 1445.75 4687430
1770.59 1445.75 4295577
1782.42 1445.75 4692936
1788.33 1416.22 2655779
1776.51 1416.22 5078557
1764.68 1416.22 5427443
1752.86 1416.22 1200389
1741.03 1416.22 5255556
1729.21 1416.22 3584880
1717.39 1416.22 1708346
1705.56 1416.22 1251849
1693.74 1416.22 4953316
1681.92 1416.22 4088533
1670.09 1416.22 5046831
1658.27 1416.22 1782027
1646.44 1416.22 215906
1362.68 1416.22 2466938
1350.85 1416.22 1286592
1339.03 1416.22 4336998
1327.2 1416.22 3429031
1315.38 1416.22 1658833
1303.56 1416.22 2649041
1291.73 1416.22 111295
1368.59 1410.32 4749479
1380.41 1410.32 3318209
1392.24 1410.32 1339151
1404.06 1410.32 3455607
1415.88 1410.32 49124
1427.71 1410.32 4771521
1439.53 1410.32 2272930
1451.35 1410.32 5088453
1463.18 1410.32 5249095
1475.0 1410.32 5362716
1486.82 1410.32 4705737
1498.65 1410.32 4389726
1510.47 1410.32 3398940
1522.3 1410.32 829412
1534.12 1410.32 2604602
1545.94 1410.32 3441751
1557.77 1410.32 2938030
1569.59 1410.32 884398
1581.41 1410.32 960480
1593.24 1410.32 4536868
1605.06 1410.32 2948538
1616.89 1410.32 1184772
1628.71 1410.32 4799387
1640.53 1410.32 4270559
1652.36 1410.32 3638468
1664.18 1410.32 5088718
1676.0 1410.32 2246847
1687.83 1410.32 2934443
1699.65 1410.32 3844645
1711.47 1410.32 121509
1723.3 1410.32 3227107
1735.12 1410.32 2942360
1746.95 1410.32 827871
1758.77 1410.32 4921317
1770.59 1410.32 365311
1782.42 1410.32 5170985
1794.24 1410.32 3654312
1806.06 1410.32 3339587
1817.89 1410.32 2668578
1829.71 1410.32 600784
1841.54 1410.32 3691635
1794.24 1398.51 3245563
1782.42 1398.51 118235
1770.59 1398.51 322056
1758.77 1398.51 1693373
1746.95 1398.51 4840122
1735.12 1398.51 4141285
1723.3 1398.51 3092471
1711.47 1398.51 4606845
1699.65 1398.51 3681544
1687.83 1398.51 3122255
1676.0 1398.51 3028530
1664.18 1398.51 3954960
1652.36 1398.51 3515165
1640.53 1398.51 3570110
1788.33 1392.6 2461851
1800.15 1392.6 484678
1811.98 1392.6 1345217
1811.98 1274.5 1275435
1800.15 1274.5 2003203
1788.33 1274.5 2129367
1776.51 1274.5 4945486
1764.68 1274.5 1895648
1752.86 1274.5 3362541
1741.03 1274.5 3020447
1729.21 1274.5 2673851
1717.39 1274.5 4978596
1705.56 1274.5 2550807
1693.74 1274.5 47499
1681.92 1274.5 3459708
1670.09 1274.5 487713
1658.27 1274.5 3350706
1646.44 1274.5 4632001
1634.62 1274.5 1710544
1622.8 1274.5 3860967
1610.97 1274.5 3236608
1599.15 1274.5 1601561
1587.33 1274.5 3202940
1575.5 1274.5 3893377
1563.68 1274.5 2958026
1551.85 1274.5 1120699
1540.03 1274.5 855251
1528.21 1274.5 4045564
1516.38 1274.5 1999181
1504.56 1274.5 3779504
1492.74 1274.5 1332476
1480.91 1274.5 214846
1469.09 1274.5 3547897
1457.27 1274.5 764976
1445.44 1274.5 3534212
1433.62 1274.5 4834543
1421.8 1274.5 4823904
1409.97 1274.5 4948398
1398.15 1274.5 5275191
1386.32 1274.5 882692
1374.5 1274.5 653406
1362.68 1274.5 513504
1350.85 1274.5 3121025
1339.03 1274.5 5261086
1327.2 1274.5 4788841
1315.38 1274.5 3517292
1303.56 1274.5 3649125
1291.73 1274.5 2634626
1279.91 1274.5 2566384
1268.09 1274.5 3012396
1256.26 1274.5 2342674
1244.44 1274.5 3984655
1126.2 1250.88 1297206
1138.03 1250.88 4476294
1149.85 1250.88 1543714
1161.67 1250.88 3171613
1173.5 1250.88 5391803
1185.32 1250.88 3319432
1197.15 1250.88 4706891
1208.97 1250.88 4455937
1220.79 1250.88 540154
1232.62 1250.88 4133623
1244.44 1250.88 1304524
1256.26 1250.88 2009901
1268.09 1250.88 4103457
1279.91 1250.88 2480172
1291.73 1250.88 2075032
1303.56 1250.88 3004194
1315.38 1250.88 318807
1327.2 1250.88 1501178
1339.03 1250.88 3811687
1350.85 1250.88 1299404
1362.68 1250.88 1145435
1374.5 1250.88 86797
1386.32 1250.88 5443560
1398.15 1250.88 501064
1409.97 1250.88 4461826
1421.8 1250.88 5386664
1433.62 1250.88 3991401
1445.44 1250.88 4865042
1457.27 1250.88 3643900
1469.09 1250.88 2772662
1480.91 1250.88 4608038
1492.74 1250.88 4636026
1504.56 1250.88 3183042
1516.38 1250.88 3205865
1528.21 1250.88 4323647
1540.03 1250.88 4022620
1551.85 1250.88 1988996
1563.68 1250.88 1622102
1575.5 1250.88 3537785
1587.33 1250.88 4491169
1599.15 1250.88 3693342
1610.97 1250.88 4652464
1622.8 1250.88 5092591
1634.62 1250.88 1127583
1646.44 1250.88 837116
1658.27 1250.88 3903020
1670.09 1250.88 3230942
1681.92 1250.88 5312266
1693.74 1250.88 4921885
1705.56 1250.88 991000
1717.39 1250.88 1475230
1729.21 1250.88 86564
1741.03 1250.88 2117159
1806.06 1244.98 3554023
1794.24 1244.98 2898542
1782.42 1244.98 3382623
1770.59 1244.98 3268498
1758.77 1244.98 2693430
1746.95 1244.98 3046237
1735.12 1244.98 28952
1723.3 1244.98 2177486
1711.47 1244.98 2385368
1699.65 1244.98 443819
1687.83 1244.98 2308705
1676.0 1244.98 775478
1664.18 1244.98 3754169
1652.36 1244.98 3311337
1640.53 1244.98 3643278
1628.71 1244.98 1288823
1616.89 1244.98 3673971
1605.06 1244.98 3813312
1593.24 1244.98 372648
1581.41 1244.98 1787877
1569.59 1244.98 278888
1557.77 1244.98 4059264
1545.94 1244.98 1192996
1534.12 1244.98 804804
1522.3 1244.98 5361894
1510.47 1244.98 1851687
1498.65 1244.98 4941438
1486.82 1244.98 2290029
1475.0 1244.98 2987181
1463.18 1244.98 5104457
1451.35 1244.98 5196802
1439.53 1244.98 5279787
1427.71 1244.98 2292102
1415.88 1244.98 3002346
1404.06 1244.98 4246062
1392.24 1244.98 3174817
1380.41 1244.98 5114142
1368.59 1244.98 3207833
1356.77 1244.98 2492611
1344.94 1244.98 2327314
1333.12 1244.98 2949499
1321.29 1244.98 2207316
1309.47 1244.98 2787813
1297.65 1244.98 1469748
1285.82 1244.98 5006389
1274.0 1244.98 3862532
1262.18 1244.98 1609146
1250.35 1244.98 4980622
1238.53 1244.98 3507821
1244.44 1227.26 4354359
1256.26 1227.26 730116
1268.09 1227.26 2948185
1279.91 1227.26 2074478
1291.73 1227.26 2852466
1303.56 1227.26 559720
1315.38 1227.26 2938419
1327.2 1227.26 1949556
1339.03 1227.26 2327222
1350.85 1227.26 4097178
1362.68 1227.26 5088472
1374.5 1227.26 2739243
1386.32 1227.26 350392
1398.15 1227.26 2793988
1409.97 1227.26 2375675
1421.8 1227.26 43663
1433.62 1227.26 3231079
1445.44 1227.26 1478912
1457.27 1227.26 5318121
1469.09 1227.26 4706376
1480.91 1227.26 1159320
1492.74 1227.26 2808531
1504.56 1227.26 3288223
1516.38 1227.26 4648190
1528.21 1227.26 4895748
1540.03 1227.26 1165024
1551.85 1227.26 5455904
1563.68 1227.26 132038
1575.5 1227.26 1756098
1587.33 1227.26 3422507
1599.15 1227.26 4393429
1610.97 1227.26 5433459
1622.8 1227.26 3093254
1634.62 1227.26 4106679
1646.44 1227.26 1317167
1658.27 1227.26 2313638
1670.09 1227.26 2897213
1681.92 1227.26 495449
1693.74 1227.26 124122
1705.56 1227.26 3192595
1717.39 1227.26 1475207
1729.21 1227.26 3001353
1741.03 1227.26 290712
1752.86 1227.26 1152843
1764.68 1227.26 1407037
1776.51 1227.26 440261
1788.33 1227.26 895660
1853.36 1221.36 4127715
1841.54 1221.36 2458841
1829.71 1221.36 353064
1817.89 1221.36 4996786
1806.06 1221.36 4494441
1794.24 1221.36 1738505
1782.42 1221.36 1846738
1770.59 1221.36 3388741
1758.77 1221.36 511366
1746.95 1221.36 2895009
1735.12 1221.36 2689822
1723.3 1221.36 4676814
1711.47 1221.36 5048403
1699.65 1221.36 5219385
1687.83 1221.36 3876531
1676.0 1221.36 1221646
1664.18 1221.36 256227
1652.36 1221.36 1744067
1640.53 1221.36 1898973
1628.71 1221.36 5094763
1616.89 1221.36 1467697
1605.06 1221.36 4299017
1593.24 1221.36 2304804
1581.41 1221.36 1450778
1569.59 1221.36 1080642
1557.77 1221.36 2337089
1545.94 1221.36 5345719
1534.12 1221.36 2844240
1522.3 1221.36 460623
1510.47 1221.36 5053099
1498.65 1221.36 1410280
1486.82 1221.36 3335127
1475.0 1221.36 1047667
1463.18 1221.36 2891978
1451.35 1221.36 5136809
1439.53 1221.36 4127344
1427.71 1221.36 3829010
1415.88 1221.36 3957934
1404.06 1221.36 2321397
1392.24 1221.36 3161833
1380.41 1221.36 4711739
1138.03 1156.4 1534623
1149.85 1156.4 3310913
1161.67 1156.4 710966
1173.5 1156.4 4178333
1185.32 1156.4 3518365
1197.15 1156.4 2001701
1208.97 1156.4 1392748
1220.79 1156.4 1617341
1232.62 1156.4 3974651
1244.44 1156.4 2563551
1256.26 1156.4 3434841
1268.09 1156.4 259043
1279.91 1156.4 4222325
1291.73 1156.4 5401362
1303.56 1156.4 4583700
1315.38 1156.4 5460713
1327.2 1156.4 2511985
1339.03 1156.4 1951761
1350.85 1156.4 5276312
1362.68 1156.4 2588957
1374.5 1156.4 2224968
1386.32 1156.4 221092
1398.15 1156.4 3683634
1409.97 1156.4 3272838
1421.8 1156.4 340818
1433.62 1156.4 2526070
1445.44 1156.4 3641679
1457.27 1156.4 1709570
1469.09 1156.4 594771
1480.91 1156.4 1071443
1492.74 1156.4 1725011
1504.56 1156.4 2742692
1516.38 1156.4 5397491
1528.21 1156.4 3473952
1540.03 1156.4 1117343
1551.85 1156.4 5324981
1563.68 1156.4 2532657
1575.5 1156.4 358219
1587.33 1156.4 3170451
1599.15 1156.4 4081313
1610.97 1156.4 1402694
1622.8 1156.4 539354
1634.62 1156.4 1822088
1646.44 1156.4 2312512
1658.27 1156.4 939595
1670.09 1156.4 1896339
1681.92 1156.4 685233
1693.74 1156.4 535249
1705.56 1156.4 4793890
1717.39 1156.4 5129125
1729.21 1156.4 3111246
1741.03 1156.4 2659365
1752.86 1156.4 2081798
1226.7 1150.5 2456342
1214.88 1150.5 2630692
1203.06 1150.5 319925
1191.23 1150.5 4200234
1179.41 1150.5 5086111
1167.59 1150.5 845740
1155.76 1150.5 557651
1143.94 1150.5 5356511
1132.11 1150.5 2528915
1120.29 1150.5 3945918
1108.47 1150.5 2526663
1096.64 1150.5 4892226
1084.82 1150.5 2602308
1073.0 1150.5 3004279
1061.17 1150.5 4764235
1049.35 1150.5 5102353
1037.53 1150.5 2099276
1025.7 1150.5 4142072
1013.88 1150.5 84484
1002.05 1150.5 4001380
990.231 1150.5 3256620
978.407 1150.5 4526346
966.584 1150.5 4741626
954.76 1150.5 4953898
942.937 1150.5 3401771
931.113 1150.5 2105935
919.289 1150.5 2014892
907.466 1150.5 478416
895.642 1150.5 794936
883.818 1150.5 2117748
871.994 1150.5 1039225
860.171 1150.5 2319306
848.347 1150.5 63710
836.524 1150.5 2278684
824.7 1150.5 1003077
812.876 1150.5 2969567
801.053 1150.5 861636
789.229 1150.5 1790492
777.405 1150.5 2137499
765.581 1150.5 4093284
753.758 1150.5 4349669
741.934 1150.5 3802431
730.111 1150.5 4748789
718.287 1150.5 2715963
706.463 1150.5 1424548
694.64 1150.5 3412675
682.816 1150.5 2731978
670.992 1150.5 5249569
659.169 1150.5 5212420
647.345 1150.5 2215254
635.521 1150.5 4533861
623.698 1150.5 3171265
611.874 1150.5 199338
600.05 1150.5 3787448
588.227 1150.5 3123005
576.403 1150.5 4665186
564.579 1150.5 4162327
552.756 1150.5 296958
540.932 1150.5 4505955
529.108 1150.5 1278518
517.285 1150.5 740828
505.461 1150.5 727810
493.637 1150.5 1922627
481.814 1150.5 3098122
469.99 1150.5 2576845
458.166 1150.5 2884231
446.343 1150.5 4431383
434.519 1150.5 2539743
422.696 1150.5 845258
410.872 1150.5 3944563
399.048 1150.5 4986668
387.224 1150.5 3210555
375.401 1150.5 898388
363.577 1150.5 424692
351.753 1150.5 2888297
339.93 1150.5 2636578
1126.2 1144.59 2526310
1138.03 1144.59 3160750
1149.85 1144.59 4718992
1161.67 1144.59 2158451
1173.5 1144.59 137111
1185.32 1144.59 1500582
1197.15 1144.59 951941
1208.97 1144.59 335766
1220.79 1144.59 1220415
1232.62 1144.59 2980646
1244.44 1144.59 563230
1256.26 1144.59 3620161
1268.09 1144.59 4428627
1279.91 1144.59 4797289
1291.73 1144.59 830163
1303.56 1144.59 2713182
1315.38 1144.59 2742235
1327.2 1144.59 3890543
1339.03 1144.59 46137
1350.85 1144.59 4713060
1362.68 1144.59 1560175
1374.5 1144.59 1157024
1386.32 1144.59 2313921
1398.15 1144.59 5134650
1409.97 1144.59 1157341
1421.8 1144.59 2365906
1433.62 1144.59 122480
1445.44 1144.59 806652
1457.27 1144.59 1154391
1469.09 1144.59 3224945
1480.91 1144.59 890313
1492.74 1144.59 5279795
1504.56 1144.59 1257109
1516.38 1144.59 3301518
1528.21 1144.59 4758743
1540.03 1144.59 1995888
1551.85 1144.59 4196247
1563.68 1144.59 2165765
1575.5 1144.59 454494
1587.33 1144.59 4832584
1599.15 1144.59 414550
1610.97 1144.59 1845517
1622.8 1144.59 4222239
1634.62 1144.59 3296941
1646.44 1144.59 3489787
1658.27 1144.59 187318
1670.09 1144.59 3896755
1681.92 1144.59 1037687
1693.74 1144.59 1158019
1705.56 1144.59 2106039
1717.39 1144.59 3076091
1729.21 1144.59 931813
1741.03 1144.59 1824286
1220.79 1002.87 67020
1208.97 1002.87 1043242
1197.15 1002.87 3551635
1185.32 1002.87 1945862
1173.5 1002.87 4133544
1226.7 996.967 445636
1238.53 996.967 3112508
1250.35 996.967 2933569
1409.97 802.101 3459145
1398.15 802.101 4492846
1386.32 802.101 729381
1374.5 802.101 420369
1362.68 802.101 3472323
1350.85 802.101 1821321
1303.56 802.101 3661038
1291.73 802.101 2195353
1279.91 802.101 2196883
1268.09 802.101 2879441
1256.26 802.101 1744423
1220.79 802.101 2580160
1208.97 802.101 536058
1197.15 802.101 1168771
1185.32 802.101 233861
1173.5 802.101 1635785
1138.03 802.101 4003280
1126.2 802.101 1085866
1114.38 802.101 90166
1102.56 802.101 2978268
1090.73 802.101 2699505
1078.91 802.101 4957565
1084.82 796.196 4979078
1096.64 796.196 3447304
1108.47 796.196 5322488
1120.29 796.196 3635093
1132.11 796.196 580290
1143.94 796.196 2860767
1155.76 796.196 944885
1167.59 796.196 1202982
1179.41 796.196 3652873
1191.23 796.196 4976108
1226.7 796.196 2415430
1238.53 796.196 714938
1250.35 796.196 5459141
1262.18 796.196 2684347
1274.0 796.196 827046
1285.82 796.196 2749974
1344.94 796.196 1522160
1356.77 796.196 3129409
1368.59 796.196 4378272
1386.32 790.29 2419163
1374.5 790.29 2137880
1362.68 790.29 3764423
1350.85 790.29 2335120
1339.03 790.29 4760458
1268.09 790.29 5257853
1256.26 790.29 3687785
1244.44 790.29 646341
1232.62 790.29 2966160
1161.67 790.29 2318815
1149.85 790.29 4550292
1138.03 790.29 3102146
1126.2 790.29 2343537
1203.06 784.386 2818235
1214.88 784.386 1247595
1226.7 784.386 1922849
1238.53 784.386 1287096
1285.82 784.386 969718
1297.65 784.386 2724908
1309.47 784.386 85734
1321.29 784.386 5003534
1333.12 784.386 3383629
1344.94 784.386 3463991
1374.5 778.481 4882209
1362.68 778.481 4118743
1350.85 778.481 5453604
1256.26 778.481 1877254
1244.44 778.481 5439184
1232.62 778.481 2955097
1173.5 778.481 3899766
1161.67 778.481 921673
1149.85 778.481 1771423
1138.03 778.481 2543456
1126.2 778.481 3114554
1114.38 778.481 3543866
1102.56 778.481 4865725
1090.73 778.481 4170660
1078.91 778.481 4606590
1067.08 778.481 4018553
1055.26 778.481 4085126
1043.44 778.481 1193383
1031.61 778.481 301909
1019.79 778.481 3658389
1007.97 778.481 3010017
996.143 778.481 3720589
984.319 778.481 2303221
972.496 778.481 316150
960.672 778.481 755788
948.848 778.481 4831166
937.025 778.481 3793162
925.201 778.481 1265135
913.377 778.481 1745131
901.554 778.481 259610
889.73 778.481 5111526
877.906 778.481 3850698
866.083 778.481 1238127
854.259 778.481 1109433
842.435 778.481 1942151
830.612 778.481 5441763
818.788 778.481 2132794
806.964 778.481 1892508
795.141 778.481 4484375
783.317 778.481 2426138
771.494 778.481 1952097
759.67 778.481 4055639
747.846 778.481 471786
736.022 778.481 2869674
1167.59 772.576 4961312
1285.82 772.576 2809987
1297.65 772.576 4186932
1309.47 772.576 5218993
1321.29 772.576 1170537
1333.12 772.576 4734124
1344.94 772.576 5125133
1356.77 772.576 5378495
1368.59 772.576 4283707
1380.41 772.576 4944150
1392.24 772.576 2180900
1404.06 772.576 2095034
1415.88 772.576 1565046
1327.2 766.67 3466333
1315.38 766.67 2161496
1232.62 766.67 4402849
1220.79 766.67 3586563
1208.97 766.67 5082506
1197.15 766.67 1642326
1096.64 760.765 1681515
1108.47 760.765 475666
1120.29 760.765 190901
1132.11 760.765 182825
1203.06 760.765 1012745
1214.88 760.765 3475012
1226.7 760.765 10185
1238.53 760.765 3659380
1262.18 760.765 2269069
1274.0 760.765 4217241
1285.82 760.765 1796899
1344.94 760.765 4649424
1327.2 754.861 900668
1315.38 754.861 3487336
1208.97 754.861 2287880
1197.15 754.861 4128751
1149.85 754.861 4298536
1138.03 754.861 885662
1132.11 748.955 512078
1143.94 748.955 2934831
1155.76 748.955 4156145
1226.7 748.955 1112165
1238.53 748.955 5082181
1362.68 743.05 1425721
1279.91 743.05 4634624
1268.09 743.05 1217825
1161.67 731.24 4602815
1149.85 731.24 3340336
1138.03 731.24 1545057
1126.2 731.24 4151677
1114.38 731.24 1222346
1380.41 725.335 3178596
1392.24 725.335 5047682
1404.06 725.335 318882
1398.15 719.43 3745503
1386.32 719.43 1886800
1374.5 719.43 1020247
1362.68 719.43 2906751
789.229 548.184 4678856
801.053 548.184 1401415
812.876 548.184 85346
824.7 548.184 541056
836.524 548.184 4968506
848.347 548.184 10729
860.171 548.184 556590
871.994 548.184 3617747
883.818 548.184 2146086
895.642 548.184 1821518
907.466 548.184 2920998
919.289 548.184 2828605
931.113 548.184 3318407
942.937 548.184 4636652
954.76 548.184 4138275
966.584 548.184 2812498
978.407 548.184 3740486
990.231 548.184 4016574
1002.05 548.184 1042639
1013.88 548.184 5190927
1025.7 548.184 2995584
1037.53 548.184 2674197
1049.35 548.184 3003880
1061.17 548.184 2622366
1073.0 548.184 3878709
1084.82 548.184 5087922
1096.64 548.184 3496422
1108.47 548.184 1012574
1120.29 548.184 1749995
1132.11 548.184 4999350
1143.94 548.184 210466
1155.76 548.184 1235608
1167.59 548.184 1399688
1179.41 548.184 324240
1191.23 548.184 527132
1203.06 548.184 2707349
1214.88 548.184 1506200
1226.7 548.184 3257656
1374.5 601.329 4880642
1386.32 601.329 27064
1398.15 601.329 4046310
1409.97 601.329 369445
1421.8 601.329 3144058
1433.62 601.329 5017936
1445.44 601.329 3728025
1457.27 601.329 1414014
1469.09 601.329 3170980
1480.91 601.329 2819823
1492.74 601.329 4838898
1504.56 601.329 2287058
1516.38 601.329 4864252
1528.21 601.329 1877534
1540.03 601.329 4843455
1551.85 601.329 2789473
1563.68 601.329 719766
1575.5 601.329 2536843
1587.33 601.329 3119527
1599.15 601.329 3878386
1610.97 601.329 4316210
1622.8 601.329 4324288
1634.62 601.329 4880057
1646.44 601.329 4312661
1658.27 601.329 3661549
1670.09 601.329 1916072
1681.92 601.329 3168651
1693.74 601.329 4712449
1705.56 601.329 457730
1717.39 601.329 164194
1729.21 601.329 1180984
1741.03 601.329 41310
1752.86 601.329 4113690
1764.68 601.329 3628837
1776.51 601.329 649499
1788.33 601.329 2538967
1800.15 601.329 3321777
1811.98 601.329 107645
1823.8 601.329 858710
1835.62 601.329 3160851
1847.45 601.329 902111
1859.27 601.329 391954
1871.09 601.329 1801386
1882.92 601.329 4245999
1894.74 601.329 1360614
1906.56 601.329 5290283
1918.39 601.329 36056
1930.21 601.329 4146644
1942.04 601.329 3671338
1953.86 601.329 4866271
1965.68 601.329 522712
1977.51 601.329 1929754
1989.33 601.329 28657
2001.15 601.329 4810610
2012.98 601.329 2601360
2024.8 601.329 1494554
2036.62 601.329 1743393
2048.45 601.329 4710150
2060.27 601.329 151431
2072.1 601.329 5075713
2083.92 601.329 4948492
1214.88 536.374 4156835
1203.06 536.374 4196947
1191.23 536.374 4839810
1179.41 536.374 1927711
1214.88 1959.49 1070725
1226.7 1959.49 2698827
1238.53 1959.49 475083
1250.35 1959.49 5427134
1262.18 1959.49 4945601
1285.82 1959.49 3945403
1297.65 1959.49 452579
1350.85 1965.39 203292
1380.41 1971.3 962889
1392.24 1971.3 3974556
1303.56 1953.58 2519534
1173.5 1941.77 409363
1185.32 1941.77 3427959
1197.15 1941.77 2078602
1208.97 1941.77 2997750
1339.03 1941.77 4078016
1350.85 1941.77 2701762
1362.68 1941.77 4267896
1374.5 1941.77 4741661
1386.32 1941.77 108505
1398.15 1941.77 3676577
1262.18 1935.87 3784706
1250.35 1935.87 1719423
1238.53 1935.87 3760799
1226.7 1935.87 4964436
1214.88 1935.87 633321
1155.76 1935.87 4114227
1143.94 1935.87 785184
1132.11 1935.87 2128117
1120.29 1935.87 1540602
1108.47 1935.87 4136701
1138.03 1929.96 3235832
1149.85 1929.96 2724768
1161.67 1929.96 2477625
1173.5 1929.96 2339571
1185.32 1929.96 4896059
1303.56 1929.96 4139949
1315.38 1929.96 1119290
1327.2 1929.96 428019
1339.03 1929.96 5242252
1350.85 1929.96 5324663
1356.77 1924.06 2418652
1344.94 1924.06 4502073
1333.12 1924.06 3543412
1321.29 1924.06 4860060
1309.47 1924.06 397036
1214.88 1924.06 2186826
1203.06 1924.06 951869
1191.23 1924.06 5419519
1179.41 1924.06 428596
1197.15 1918.15 2965919
1208.97 1918.15 2312178
1279.91 1918.15 2037727
1291.73 1918.15 4744032
1303.56 1918.15 5094782
1386.32 1918.15 5344748
1398.15 1918.15 1894989
1409.97 1918.15 1808359
1226.7 1912.25 2169775
1214.88 1912.25 3047125
1203.06 1912.25 1974338
1191.23 1912.25 305116
1078.91 1906.34 4736573
1090.73 1906.34 2380779
1102.56 1906.34 742934
1114.38 1906.34 2430277
1126.2 1906.34 3208250
1138.03 1906.34 17946
1149.85 1906.34 4618688
1256.26 1906.34 1181504
1268.09 1906.34 2127453
1279.91 1906.34 2192705
1291.73 1906.34 1331161
1303.56 1906.34 4291077
1339.03 1906.34 4497362
1350.85 1906.34 1362604
1362.68 1906.34 3923856
1344.94 1900.44 2145636
1333.12 1900.44 3487463
1321.29 1900.44 2671521
1309.47 1900.44 659695
1279.91 1894.53 2003676
1268.09 1894.53 4641541
1256.26 1894.53 2483770
1244.44 1894.53 1747825
1149.85 1894.53 851333
1138.03 1894.53 2770002
1126.2 1894.53 2685360
1114.38 1894.53 688249
1102.56 1894.53 940648
1090.73 1894.53 5055987
1285.82 1888.63 3675428
1297.65 1888.63 1836771
1309.47 1888.63 1666175
1321.29 1888.63 999348
1409.97 1882.72 1296205
1398.15 1882.72 308111
1386.32 1882.72 3458946
1303.56 1882.72 5277486
1291.73 1882.72 2801888
1279.91 1882.72 212371
1126.2 1882.72 2038703
1114.38 1882.72 951458
1102.56 1882.72 4869496
1090.73 1882.72 4070071
1333.12 1876.82 4037433
1344.94 1876.82 2607177
1356.77 1876.82 4473937
1368.59 1876.82 1846335
1380.41 1876.82 710142
1374.5 1870.91 4750933
1362.68 1870.91 6108
1350.85 1870.91 2459563
1339.03 1870.91 5144261
1327.2 1870.91 5191138
1244.44 1870.91 4232323
1232.62 1870.91 4095741
1220.79 1870.91 1251251
1208.97 1870.91 3894144
1197.15 1870.91 2774256
1185.32 1870.91 1839298
1173.5 1870.91 5122743
1161.67 1870.91 4960888
1149.85 1870.91 2764385
1138.03 1870.91 4148834
1214.88 1865.01 1428603
1226.7 1865.01 280655
1238.53 1865.01 2253004
1250.35 1865.01 4648600
1262.18 1865.01 530533
1274.0 1865.01 1252124
1285.82 1865.01 5095990
1297.65 1865.01 1725011
1309.47 1865.01 583006
1664.18 1746.91 4907998
670.992 1746.91 4601405
676.904 1741.0 2165145
688.728 1741.0 1041705
700.551 1741.0 2942402
712.375 1741.0 819080
724.199 1741.0 3130787
736.022 1741.0 2225692
1670.09 1741.0 5285741
1681.92 1741.0 4750410
1693.74 1741.0 1881057
1705.56 1741.0 5109177
1717.39 1741.0 4799868
1729.21 1741.0 1449444
1865.18 1723.29 3141810
1853.36 1723.29 2037615
871.994 1723.29 776807
860.171 1723.29 2560159
777.405 1522.52 2637827
789.229 1522.52 1338981
801.053 1522.52 909849
812.876 1522.52 4430712
824.7 1522.52 4938778
1770.59 1522.52 1882634
1782.42 1522.52 5089200
1794.24 1522.52 3617039
1806.06 1522.52 5337363
1817.89 1522.52 3361791
1244.44 1516.61 1711047
1232.62 1516.61 1131740
1220.79 1516.61 4100915
1208.97 1516.61 2891366
1197.15 1516.61 4579355
1185.32 1516.61 2285897
1173.5 1516.61 2014282
1161.67 1516.61 4371829
1149.85 1516.61 3389740
1138.03 1516.61 2219913
1126.2 1516.61 3675527
1114.38 1516.61 2258342
1102.56 1516.61 3211764
1090.73 1516.61 3494940
1078.91 1516.61 4173975
1067.08 1516.61 4245830
1055.26 1516.61 1829020
1043.44 1516.61 2983850
1031.61 1516.61 3469895
1019.79 1516.61 4207297
1007.97 1516.61 1580902
996.143 1516.61 3903827
984.319 1516.61 5100740
972.496 1516.61 1984425
960.672 1516.61 1001096
948.848 1516.61 374682
937.025 1516.61 3781669
925.201 1516.61 5087157
913.377 1516.61 491425
901.554 1516.61 385043
889.73 1516.61 1633630
877.906 1516.61 4028684
866.083 1516.61 2237401
854.259 1516.61 28370
842.435 1516.61 1859924
830.612 1516.61 3749639
818.788 1516.61 1039673
806.964 1516.61 2361341
795.141 1516.61 4309983
783.317 1516.61 330149
771.494 1516.61 4008369
759.67 1516.61 3829595
747.846 1516.61 1097446
736.022 1516.61 4832249
724.199 1516.61 2491899
712.375 1516.61 3468621
700.551 1516.61 2590809
688.728 1516.61 1231456
676.904 1516.61 2920397
665.081 1516.61 4449200
653.257 1516.61 87392
641.433 1516.61 1125262
629.609 1516.61 1897639
617.786 1516.61 2866532
605.962 1516.61 1109570
594.138 1516.61 726713
582.315 1516.61 363363
570.491 1516.61 134477
558.668 1516.61 294539
546.844 1516.61 4723284
535.02 1516.61 4680884
523.196 1516.61 3736958
511.373 1516.61 4423426
499.549 1516.61 2209311
487.725 1516.61 3622347
475.902 1516.61 624286
464.078 1516.61 5353263
452.255 1516.61 1629146
440.431 1516.61 3936770
428.607 1516.61 4308892
416.784 1516.61 48386
404.96 1516.61 2078519
393.136 1516.61 4279025
381.313 1516.61 2750301
369.489 1516.61 4994977
357.665 1516.61 801217
345.842 1516.61 4834651
375.401 1487.08 2849640
387.224 1487.08 1800730
399.048 1487.08 5415950
410.872 1487.08 2974686
422.696 1487.08 413636
434.519 1487.08 868986
446.343 1487.08 2382126
458.166 1487.08 3755404
469.99 1487.08 4986551
481.814 1487.08 3071954
493.637 1487.08 1504578
505.461 1487.08 3715463
517.285 1487.08 3053952
529.108 1487.08 1701808
540.932 1487.08 4584227
552.756 1487.08 3427204
564.579 1487.08 4147147
576.403 1487.08 4570863
588.227 1487.08 4526947
600.05 1487.08 2086888
611.874 1487.08 1375086
623.698 1487.08 928809
635.521 1487.08 2883476
647.345 1487.08 5060341
659.169 1487.08 3615807
670.992 1487.08 1258546
682.816 1487.08 1202517
694.64 1487.08 2538198
706.463 1487.08 5038741
718.287 1487.08 136373
730.111 1487.08 1162776
741.934 1487.08 937602
753.758 1487.08 3452334
765.581 1487.08 2780688
777.405 1487.08 2962098
789.229 1487.08 328014
801.053 1487.08 1342667
812.876 1487.08 2023187
824.7 1487.08 2491152
836.524 1487.08 1089090
848.347 1487.08 431052
860.171 1487.08 4852885
871.994 1487.08 2577221
883.818 1487.08 1752
895.642 1487.08 114006
907.466 1487.08 540710
919.289 1487.08 4435263
931.113 1487.08 303151
942.937 1487.08 3986258
954.76 1487.08 2352493
966.584 1487.08 4082926
978.407 1487.08 3112442
990.231 1487.08 4932978
1002.05 1487.08 1881068
1013.88 1487.08 608619
1025.7 1487.08 4998184
1037.53 1487.08 598066
1049.35 1487.08 2926461
1061.17 1487.08 2521767
1073.0 1487.08 4520346
1084.82 1487.08 4522316
1096.64 1487.08 3783048
1108.47 1487.08 489406
1120.29 1487.08 1445658
1132.11 1487.08 2301891
1143.94 1487.08 4995875
1155.76 1487.08 210399
1167.59 1487.08 3201921
1179.41 1487.08 3910910
1191.23 1487.08 921264
1203.06 1487.08 515757
1214.88 1487.08 2614747
2066.18 1475.28 1772289
2054.36 1475.28 209240
2042.54 1475.28 5114695
2030.71 1475.28 560512
2018.89 1475.28 1031572
2007.07 1475.28 4505912
1995.24 1475.28 4293149
1983.42 1475.28 2740017
1971.59 1475.28 2308100
1959.77 1475.28 1847794
1947.95 1475.28 1846718
1936.12 1475.28 1071088
1924.3 1475.28 144153
1912.48 1475.28 2543499
1900.65 1475.28 4458577
1888.83 1475.28 264603
1877.01 1475.28 5191630
1865.18 1475.28 2956575
1853.36 1475.28 5250099
1841.54 1475.28 2918245
1829.71 1475.28 4766865
1817.89 1475.28 2944987
1806.06 1475.28 1001789
1794.24 1475.28 5227133
1782.42 1475.28 1146577
1770.59 1475.28 3697943
1758.77 1475.28 2265954
1746.95 1475.28 2794087
1735.12 1475.28 1321611
1723.3 1475.28 4425171
1711.47 1475.28 4830825
1699.65 1475.28 1506271
1687.83 1475.28 284125
1676.0 1475.28 5115475
1664.18 1475.28 3749881
1652.36 1475.28 3133068
1640.53 1475.28 2775061
1628.71 1475.28 3365083
1616.89 1475.28 2478679
1605.06 1475.28 1505096
1593.24 1475.28 1571403
1581.41 1475.28 3179133
1569.59 1475.28 1653779
1557.77 1475.28 3712243
1545.94 1475.28 5466789
1534.12 1475.28 696673
1522.3 1475.28 1502276
1510.47 1475.28 460907
1498.65 1475.28 189452
1486.82 1475.28 2469948
1475.0 1475.28 1894885
1463.18 1475.28 1594364
1451.35 1475.28 2528597
1439.53 1475.28 5073363
1427.71 1475.28 1141121
1415.88 1475.28 1822606
1404.06 1475.28 1388806
1392.24 1475.28 3496981
1380.41 1475.28 1625059
1368.59 1475.28 3466896
1356.77 1475.28 670861
1344.94 1475.28 1512660
1333.12 1475.28 1365988
1321.29 1475.28 2497902
1309.47 1475.28 3333171
1297.65 1475.28 3435046
1285.82 1475.28 1653365
1274.0 1475.28 2003898
1262.18 1475.28 3469629
1250.35 1475.28 5318677
1238.53 1475.28 4603532
1226.7 1475.28 3017792
1214.88 1475.28 4193555
1256.26 1445.75 2603926
1268.09 1445.75 4757645
1279.91 1445.75 3134392
1291.73 1445.75 2639379
1303.56 1445.75 1903894
1315.38 1445.75 3510021
1327.2 1445.75 5443122
1339.03 1445.75 622451
1350.85 1445.75 1358310
1362.68 1445.75 262216
1374.5 1445.75 113569
1386.32 1445.75 1708054
1398.15 1445.75 5323143
1409.97 1445.75 2823593
1421.8 1445.75 154771
1433.62 1445.75 2756837
1445.44 1445.75 1224026
1457.27 1445.75 2718426
1469.09 1445.75 4436443
1480.91 1445.75 4841717
1492.74 1445.75 2647576
1504.56 1445.75 2940196
1516.38 1445.75 4644654
1528.21 1445.75 545388
1540.03 1445.75 771043
1551.85 1445.75 4232231
1563.68 1445.75 4609464
1575.5 1445.75 210564
1587.33 1445.75 1848915
1599.15 1445.75 3012582
1610.97 1445.75 4700189
1622.8 1445.75 2783415
1634.62 1445.75 2641615
1646.44 1445.75 1701524
1658.27 1445.75 3623414
1670.09 1445.75 3163842
1681.92 1445.75 39303
1693.74 1445.75 4188897
1705.56 1445.75 3253231
1717.39 1445.75 1322939
1729.21 1445.75 3391320
1741.03 1445.75 2301328
1752.86 1445.75 1383896
1764.68 1445.75 538636
1776.51 1445.75 4389549
1782.42 1416.22 689885
1770.59 1416.22 2014405
1758.77 1416.22 3014604
1746.95 1416.22 5313664
1735.12 1416.22 5285173
1723.3 1416.22 1309219
1711.47 1416.22 645902
1699.65 1416.22 2478936
1687.83 1416.22 761417
1676.0 1416.22 5364131
1664.18 1416.22 1814701
1652.36 1416.22 5334932
1368.59 1416.22 2722707
1356.77 1416.22 1124197
1344.94 1416.22 4409906
1333.12 1416.22 1171579
1321.29 1416.22 904257
1309.47 1416.22 3132611
1297.65 1416.22 2607779
1374.5 1410.32 3786188
1386.32 1410.32 1403886
1398.15 1410.32 3136754
1409.97 1410.32 1064062
1421.8 1410.32 2636550
1433.62 1410.32 4078476
1445.44 1410.32 3705017
1457.27 1410.32 4905217
1469.09 1410.32 2916850
1480.91 1410.32 369231
1492.74 1410.32 659854
1504.56 1410.32 2560302
1516.38 1410.32 2663090
1528.21 1410.32 3938536
1540.03 1410.32 3006531
1551.85 1410.32 273275
1563.68 1410.32 5439508
1575.5 1410.32 4026888
1587.33 1410.32 5093047
1599.15 1410.32 2087884
1610.97 1410.32 1035374
1622.8 1410.32 2137177
1634.62 1410.32 3721894
1646.44 1410.32 756168
1658.27 1410.32 1721621
1670.09 1410.32 2084232
1681.92 1410.32 2960509
1693.74 1410.32 4434849
1705.56 1410.32 681266
1717.39 1410.32 3111056
1729.21 1410.32 5444664
1741.03 1410.32 3310161
1752.86 1410.32 3065187
1764.68 1410.32 1427079
1776.51 1410.32 1692993
1788.33 1410.32 1567059
1800.15 1410.32 3453827
1811.98 1410.32 2984856
1823.8 1410.32 2901682
1835.62 1410.32 278892
1847.45 1410.32 3735706
1788.33 1398.51 1626238
1776.51 1398.51 4523909
1764.68 1398.51 596245
1752.86 1398.51 2657921
1741.03 1398.51 4094469
1729.21 1398.51 2204379
1717.39 1398.51 144146
1705.56 1398.51 3022132
1693.74 1398.51 3852368
1681.92 1398.51 2711479
1670.09 1398.51 2346449
1658.27 1398.51 4772716
1646.44 1398.51 344501
1782.42 1392.6 3461026
1794.24 1392.6 5412095
1806.06 1392.6 1654168
1817.89 1392.6 2452117
1817.89 1274.5 1762548
1806.06 1274.5 100291
1794.24 1274.5 419036
1782.42 1274.5 4368969
1770.59 1274.5 1190761
1758.77 1274.5 1035700
1746.95 1274.5 1078911
1735.12 1274.5 1506793
1723.3 1274.5 2804660
1711.47 1274.5 3341709
1699.65 1274.5 4859724
1687.83 1274.5 2531449
1676.0 1274.5 2199864
1664.18 1274.5 4367427
1652.36 1274.5 296455
1640.53 1274.5 5127127
1628.71 1274.5 4374269
1616.89 1274.5 15860
1605.06 1274.5 3059915
1593.24 1274.5 30271
1581.41 1274.5 3567688
1569.59 1274.5 1191846
1557.77 1274.5 5168556
1545.94 1274.5 4242988
1534.12 1274.5 3207956
1522.3 1274.5 3383818
1510.47 1274.5 2050840
1498.65 1274.5 2766916
1486.82 1274.5 3986819
1475.0 1274.5 1754195
1463.18 1274.5 924164
1451.35 1274.5 2139743
1439.53 1274.5 1725926
1427.71 1274.5 1224221
1415.88 1274.5 4114127
1404.06 1274.5 1842746
1392.24 1274.5 264396
1380.41 1274.5 1009788
1368.59 1274.5 2228110
1356.77 1274.5 3962527
1344.94 1274.5 2956378
1333.12 1274.5 1894163
1321.29 1274.5 4378846
1309.47 1274.5 795781
1297.65 1274.5 2734069
1285.82 1274.5 1158100
1274.0 1274.5 1818875
1262.18 1274.5 3167682
1250.35 1274.5 1125935
1238.53 1274.5 1831166
1120.29 1250.88 4578669
1132.11 1250.88 4253114
1143.94 1250.88 459271
1155.76 1250.88 4388221
1167.59 1250.88 1012014
1179.41 1250.88 2603728
1191.23 1250.88 2147700
1203.06 1250.88 464529
1214.88 1250.88 1883518
1226.7 1250.88 5342758
1238.53 1250.88 4244586
1250.35 1250.88 419810
1262.18 1250.88 3092879
1274.0 1250.88 288718
1285.82 1250.88 2398422
1297.65 1250.88 2863934
1309.47 1250.88 2485714
1321.29 1250.88 4130343
1333.12 1250.88 1687921
1344.94 1250.88 3013656
1356.77 1250.88 1682457
1368.59 1250.88 3578072
1380.41 1250.88 4689043
1392.24 1250.88 2298370
1404.06 1250.88 481507
1415.88 1250.88 4975354
1427.71 1250.88 4122876
1439.53 1250.88 4952213
1451.35 1250.88 1050886
1463.18 1250.88 940125
1475.0 1250.88 256993
1486.82 1250.88 1977487
1498.65 1250.88 940753
1510.47 1250.88 2210640
1522.3 1250.88 616979
1534.12 1250.88 196709
1545.94 1250.88 2395726
1557.77 1250.88 652034
1569.59 1250.88 2562205
1581.41 1250.88 2604539
1593.24 1250.88 2236898
1605.06 1250.88 4643907
1616.89 1250.88 2454946
1628.71 1250.88 1569581
1640.53 1250.88 2657186
1652.36 1250.88 2460906
1664.18 1250.88 3355767
1676.0 1250.88 3851174
1687.83 1250.88 2018404
1699.65 1250.88 3309244
1711.47 1250.88 4488035
1723.3 1250.88 617540
1735.12 1250.88 5372996
1800.15 1244.98 205168
1788.33 1244.98 2515819
1776.51 1244.98 2425704
1764.68 1244.98 160166
1752.86 1244.98 1532851
1741.03 1244.98 3134120
1729.21 1244.98 5255395
1717.39 1244.98 4349013
1705.56 1244.98 2074482
1693.74 1244.98 3151098
1681.92 1244.98 5416088
1670.09 1244.98 2220281
1658.27 1244.98 1865727
1646.44 1244.98 2367358
1634.62 1244.98 1731908
1622.8 1244.98 2682126
1610.97 1244.98 2745116
1599.15 1244.98 5236220
1587.33 1244.98 2876619
1575.5 1244.98 4473141
1563.68 1244.98 802910
1551.85 1244.98 854931
1540.03 1244.98 3350113
1528.21 1244.98 5430867
1516.38 1244.98 605433
1504.56 1244.98 4413996
1492.74 1244.98 1549435
1480.91 1244.98 2521372
1469.09 1244.98 5333710
1457.27 1244.98 3778683
1445.44 1244.98 2387689
1433.62 1244.98 5334206
1421.8 1244.98 4158338
1409.97 1244.98 143520
1398.15 1244.98 4438059
1386.32 1244.98 5369028
1374.5 1244.98 1431518
1362.68 1244.98 830814
1350.85 1244.98 5040330
1339.03 1244.98 4608058
1327.2 1244.98 4474807
1315.38 1244.98 48652
1303.56 1244.98 3168461
1291.73 1244.98 2906222
1279.91 1244.98 4204121
1268.09 1244.98 1674783
1256.26 1244.98 1708278
1244.44 1244.98 2921748
1238.53 1227.26 1488840
1250.35 1227.26 4056166
1262.18 1227.26 2952511
1274.0 1227.26 3496988
1285.82 1227.26 5368965
1297.65 1227.26 2582617
1309.47 1227.26 664128
1321.29 1227.26 3403737
1333.12 1227.26 1047994
1344.94 1227.26 4267503
1356.77 1227.26 1135616
1368.59 1227.26 4303472
1380.41 1227.26 3818427
1392.24 1227.26 2402490
1404.06 1227.26 1532287
1415.88 1227.26 4469364
1427.71 1227.26 2607656
1439.53 1227.26 122006
1451.35 1227.26 4192767
1463.18 1227.26 1293447
1475.0 1227.26 4159269
1486.82 1227.26 2735082
1498.65 1227.26 925791
1510.47 1227.26 3412025
1522.3 1227.26 4155723
1534.12 1227.26 2730859
1545.94 1227.26 1625440
1557.77 1227.26 5418226
1569.59 1227.26 3025219
1581.41 1227.26 4299307
1593.24 1227.26 4053796
1605.06 1227.26 2494693
1616.89 1227.26 5092169
1628.71 1227.26 4885894
1640.53 1227.26 2269754
1652.36 1227.26 2870453
1664.18 1227.26 3428977
1676.0 1227.26 2736339
1687.83 1227.26 5317558
1699.65 1227.26 3031748
1711.47 1227.26 4360445
1723.3 1227.26 3769814
1735.12 1227.26 1721488
1746.95 1227.26 618795
1758.77 1227.26 4672447
1770.59 1227.26 1268797
1782.42 1227.26 2525002
1859.27 1221.36 446355
1847.45 1221.36 2029245
1835.62 1221.36 1950810
1823.8 1221.36 1459234
1811.98 1221.36 2094042
1800.15 1221.36 5214912
1788.33 1221.36 2232584
1776.51 1221.36 3416639
1764.68 1221.36 4066961
1752.86 1221.36 1753170
1741.03 1221.36 2566808
1729.21 1221.36 852789
1717.39 1221.36 3430718
1705.56 1221.36 2512548
1693.74 1221.36 2097849
1681.92 1221.36 2732505
1670.09 1221.36 3582686
1658.27 1221.36 5308712
1646.44 1221.36 4652759
1634.62 1221.36 685070
1622.8 1221.36 1137658
1610.97 1221.36 1714805
1599.15 1221.36 4495330
1587.33 1221.36 1165648
1575.5 1221.36 1087262
1563.68 1221.36 1074013
1551.85 1221.36 3119219
1540.03 1221.36 1481124
1528.21 1221.36 568215
1516.38 1221.36 931938
1504.56 1221.36 3278652
1492.74 1221.36 5061746
1480.91 1221.36 3160159
1469.09 1221.36 1591317
1457.27 1221.36 91163
1445.44 1221.36 4904459
1433.62 1221.36 4048996
1421.8 1221.36 4199757
1409.97 1221.36 5449922
1398.15 1221.36 510092
1386.32 1221.36 3392566
1132.11 1156.4 243510
1143.94 1156.4 3764904
1155.76 1156.4 1129968
1167.59 1156.4 143748
1179.41 1156.4 3287151
1191.23 1156.4 3113863
1203.06 1156.4 2563232
1214.88 1156.4 1731466
1226.7 1156.4 99516
1238.53 1156.4 1288551
1250.35 1156.4 22751
1262.18 1156.4 2251563
1274.0 1156.4 2441886
1285.82 1156.4 3514817
1297.65 1156.4 2787660
1309.47 1156.4 5316228
1321.29 1156.4 3591030
1333.12 1156.4 736524
1344.94 1156.4 4841331
1356.77 1156.4 3547816
1368.59 1156.4 1526919
1380.41 1156.4 733527
1392.24 1156.4 1125696
1404.06 1156.4 3254707
1415.88 1156.4 2567359
1427.71 1156.4 1523603
1439.53 1156.4 1113346
1451.35 1156.4 2853005
1463.18 1156.4 2389667
1475.0 1156.4 684185
1486.82 1156.4 5117729
1498.65 1156.4 474049
1510.47 1156.4 1306387
1522.3 1156.4 3268008
1534.12 1156.4 1407060
1545.94 1156.4 2487718
1557.77 1156.4 980297
1569.59 1156.4 414195
1581.41 1156.4 5414705
1593.24 1156.4 608283
1605.06 1156.4 1571729
1616.89 1156.4 1115245
1628.71 1156.4 3820376
1640.53 1156.4 5023203
1652.36 1156.4 5255832
1664.18 1156.4 2345362
1676.0 1156.4 185863
1687.83 1156.4 3468070
1699.65 1156.4 2195127
1711.47 1156.4 5279088
1723.3 1156.4 4951522
1735.12 1156.4 3295094
1746.95 1156.4 2463637
1232.62 1150.5 2415641
1220.79 1150.5 5399155
1208.97 1150.5 3031528
1197.15 1150.5 3465459
1185.32 1150.5 2251656
1173.5 1150.5 2134481
1161.67 1150.5 2644640
1149.85 1150.5 4324447
1138.03 1150.5 3237450
1126.2 1150.5 2717438
1114.38 1150.5 3300483
1102.56 1150.5 4685146
1090.73 1150.5 5115522
1078.91 1150.5 2485359
1067.08 1150.5 4139929
1055.26 1150.5 3598665
1043.44 1150.5 5306700
1031.61 1150.5 4945121
1019.79 1150.5 1135602
1007.97 1150.5 3284539
996.143 1150.5 5417312
984.319 1150.5 2271992
972.496 1150.5 1438784
960.672 1150.5 3603785
948.848 1150.5 2627242
937.025 1150.5 1155526
925.201 1150.5 4433937
913.377 1150.5 2684146
901.554 1150.5 5200660
889.73 1150.5 1238972
877.906 1150.5 4537951
866.083 1150.5 2311961
854.259 1150.5 3977732
842.435 1150.5 1901003
830.612 1150.5 4757402
818.788 1150.5 4186222
806.964 1150.5 4798634
795.141 1150.5 3361557
783.317 1150.5 2205173
771.494 1150.5 2924712
759.67 1150.5 1491604
747.846 1150.5 1721086
736.022 1150.5 3392927
724.199 1150.5 4275868
712.375 1150.5 948286
700.551 1150.5 466150
688.728 1150.5 5388386
676.904 1150.5 2857085
665.081 1150.5 2704749
653.257 1150.5 1065925
641.433 1150.5 1030076
629.609 1150.5 2747595
617.786 1150.5 567042
605.962 1150.5 4227041
594.138 1150.5 582664
582.315 1150.5 2437614
570.491 1150.5 956207
558.668 1150.5 3736813
546.844 1150.5 1632547
535.02 1150.5 2808742
523.196 1150.5 754175
511.373 1150.5 1749402
499.549 1150.5 3771836
487.725 1150.5 2010894
475.902 1150.5 214711
464.078 1150.5 925150
452.255 1150.5 2870016
440.431 1150.5 3703111
428.607 1150.5 217221
416.784 1150.5 4903577
404.96 1150.5 3241447
393.136 1150.5 4966610
381.313 1150.5 5322103
369.489 1150.5 1785348
357.665 1150.5 1279985
345.842 1150.5 2606506
334.018 1150.5 4171174
1120.29 1144.59 4526142
1132.11 1144.59 4175169
1143.94 1144.59 1778024
1155.76 1144.59 4633444
1167.59 1144.59 740188
1179.41 1144.59 1906781
1191.23 1144.59 1114331
1203.06 1144.59 3863362
1214.88 1144.59 32658
1226.7 1144.59 2296151
1238.53 1144.59 2891360
1250.35 1144.59 3857800
1262.18 1144.59 1597393
1274.0 1144.59 451800
1285.82 1144.59 5202465
1297.65 1144.59 800798
1309.47 1144.59 1099911
1321.29 1144.59 2783491
1333.12 1144.59 1669719
1344.94 1144.59 1459353
1356.77 1144.59 3310593
1368.59 1144.59 2270694
1380.41 1144.59 4803216
1392.24 1144.59 4162903
1404.06 1144.59 2310262
1415.88 1144.59 134790
1427.71 1144.59 2668788
1439.53 1144.59 141091
1451.35 1144.59 5122099
1463.18 1144.59 2393891
1475.0 1144.59 729086
1486.82 1144.59 3713853
1498.65 1144.59 4245871
1510.47 1144.59 4589431
1522.3 1144.59 34425
1534.12 1144.59 4591944
1545.94 1144.59 1995436
1557.77 1144.59 5283692
1569.59 1144.59 2532820
1581.41 1144.59 5309399
1593.24 1144.59 494933
1605.06 1144.59 4707974
1616.89 1144.59 4143889
1628.71 1144.59 1736141
1640.53 1144.59 1169814
1652.36 1144.59 1734974
1664.18 1144.59 4268467
1676.0 1144.59 3577606
1687.83 1144.59 3008556
1699.65 1144.59 4475225
1711.47 1144.59 3360525
1723.3 1144.59 1978767
1735.12 1144.59 1343442
1226.7 1002.87 5161856
1214.88 1002.87 4077312
1203.06 1002.87 4002513
1191.23 1002.87 787562
1179.41 1002.87 2012393
1220.79 996.967 1245133
1232.62 996.967 230310
1244.44 996.967 1387911
1415.88 802.101 1037775
1404.06 802.101 5331127
1392.24 802.101 3525023
1380.41 802.101 1578829
1368.59 802.101 5110956
1356.77 802.101 4575051
1344.94 802.101 4703545
1309.47 802.101 5222968
1297.65 802.101 4581909
1285.82 802.101 5150712
1274.0 802.101 1268756
1262.18 802.101 329601
1250.35 802.101 2505390
1214.88 802.101 2349913
1203.06 802.101 2606494
1191.23 802.101 2419543
1179.41 802.101 2280615
1167.59 802.101 4424321
1132.11 802.101 2636207
1120.29 802.101 3712949
1108.47 802.101 2665245
1096.64 802.101 727414
1084.82 802.101 4864612
1073.0 802.101 4223813
1090.73 796.196 2433492
1102.56 796.196 1609332
1114.38 796.196 2632205
1126.2 796.196 4223696
1138.03 796.196 2077418
1149.85 796.196 1495085
1161.67 796.196 4566156
1173.5 796.196 1293815
1185.32 796.196 3161610
1197.15 796.196 3743731
1220.79 796.196 3381681
1232.62 796.196 3857411
1244.44 796.196 3449979
1256.26 796.196 405977
1268.09 796.196 599498
1279.91 796.196 4283417
1339.03 796.196 4278920
1350.85 796.196 4129678
1362.68 796.196 1796102
1374.5 796.196 4333188
1380.41 790.29 4889638
1368.59 790.29 981479
1356.77 790.29 1695861
1344.94 790.29 3673375
1333.12 790.29 5325009
1262.18 790.29 2886306
1250.35 790.29 3128551
1238.53 790.29 1629611
1226.7 790.29 3796838
1167.59 790.29 4509827
1155.76 790.29 1939240
1143.94 790.29 1895092
1132.11 790.29 329259
1208.97 784.386 1756720
1220.79 784.386 2113014
1232.62 784.386 1274030
1244.44 784.386 3470850
1291.73 784.386 783502
1303.56 784.386 4277986
1315.38 784.386 401403
1327.2 784.386 5005146
1339.03 784.386 3955183
1350.85 784.386 1138778
1380.41 778.481 3002644
1368.59 778.481 5285211
1356.77 778.481 1027734
1262.18 778.481 5275408
1250.35 778.481 1365319
1238.53 778.481 3175872
1226.7 778.481 4225267
1179.41 778.481 1368119
1167.59 778.481 4249203
1155.76 778.481 1981660
1143.94 778.481 1779243
1132.11 778.481 3898125
1120.29 778.481 5257131
1108.47 778.481 216029
1096.64 778.481 1353349
1084.82 778.481 5294730
1073.0 778.481 4636901
1061.17 778.481 4147749
1049.35 778.481 4405221
1037.53 778.481 2913431
1025.7 778.481 4888061
1013.88 778.481 1806433
1002.05 778.481 2961634
990.231 778.481 4858830
978.407 778.481 2139662
966.584 778.481 5409223
954.76 778.481 1954187
942.937 778.481 3728751
931.113 778.481 105000
919.289 778.481 3476394
907.466 778.481 4673104
895.642 778.481 127880
883.818 778.481 4932831
871.994 778.481 410764
860.171 778.481 5441870
848.347 778.481 2250835
836.524 778.481 121039
824.7 778.481 59353
812.876 778.481 2899709
801.053 778.481 3819940
789.229 778.481 3972991
777.405 778.481 3496524
765.581 778.481 935038
753.758 778.481 517891
741.934 778.481 3097421
1173.5 772.576 4181348
1279.91 772.576 2646316
1291.73 772.576 2906664
1303.56 772.576 4772393
1315.38 772.576 2679332
1339.03 772.576 3341889
1350.85 772.576 3227163
1362.68 772.576 2913936
1374.5 772.576 3359181
1386.32 772.576 1655494
1398.15 772.576 5448569
1409.97 772.576 2694841
1321.29 766.67 3549072
1226.7 766.67 5083464
1214.88 766.67 1308597
1203.06 766.67 4555105
1090.73 760.765 402698
1102.56 760.765 2848202
1114.38 760.765 1050112
1126.2 760.765 3283612
1138.03 760.765 4787772
1208.97 760.765 4030218
1220.79 760.765 1965452
1232.62 760.765 568933
1256.26 760.765 5054464
1268.09 760.765 315741
1279.91 760.765 2438317
1291.73 760.765 3421935
1350.85 760.765 2194954
1333.12 754.861 441306
1321.29 754.861 4083124
1309.47 754.861 2909702
1214.88 754.861 3477584
1203.06 754.861 2478719
1191.23 754.861 3527701
1143.94 754.861 1449522
1138.03 748.955 2344313
1149.85 748.955 3316937
1232.62 748.955 2784159
1244.44 748.955 5121892
1368.59 743.05 3078510
1356.77 743.05 611581
1274.0 743.05 2672436
1167.59 731.24 443860
1155.76 731.24 5030758
1143.94 731.24 358560
1132.11 731.24 14617
1120.29 731.24 3808926
1108.47 731.24 5069926
1386.32 725.335 2398330
1398.15 725.335 1333882
1392.24 719.43 2495522
1380.41 719.43 333745
1368.59 719.43 1470454
795.141 548.184 4509253
806.964 548.184 3838767
818.788 548.184 5133880
830.612 548.184 3210039
842.435 548.184 4076998
854.259 548.184 3589203
866.083 548.184 3039868
877.906 548.184 3654200
889.73 548.184 3690833
901.554 548.184 4739601
913.377 548.184 1822972
925.201 548.184 1098699
937.025 548.184 491825
948.848 548.184 1258968
960.672 548.184 1241973
972.496 548.184 4034756
984.319 548.184 4285495
996.143 548.184 2017846
1007.97 548.184 1436478
1019.79 548.184 1812732
1031.61 548.184 1519875
1043.44 548.184 371472
1055.26 548.184 204217
1067.08 548.184 3939518
1078.91 548.184 2858364
1090.73 548.184 3206775
1102.56 548.184 1671241
1114.38 548.184 1050629
1126.2 548.184 1274558
1138.03 548.184 4571824
1149.85 548.184 4047233
1161.67 548.184 1376022
1173.5 548.184 4262156
1185.32 548.184 2940790
1197.15 548.184 1759995
1208.97 548.184 1589277
1220.79 548.184 3128284
1368.59 601.329 5463801
1380.41 601.329 4722384
1392.24 601.329 1684026
1404.06 601.329 2275566
1415.88 601.329 3306626
1427.71 601.329 3759616
1439.53 601.329 3796845
1451.35 601.329 569702
1463.18 601.329 1411481
1475.0 601.329 1369823
1486.82 601.329 855323
1498.65 601.329 3279259
1510.47 601.329 1979932
1522.3 601.329 348337
1534.12 601.329 3344122
1545.94 601.329 4961209
1557.77 601.329 1889190
1569.59 601.329 305396
1581.41 601.329 4801833
1593.24 601.329 811894
1605.06 601.329 3494659
1616.89 601.329 3325805
1628.71 601.329 4376966
1640.53 601.329 4436463
1652.36 601.329 4872289
1664.18 601.329 1448137
1676.0 601.329 2574909
1687.83 601.329 3326321
1699.65 601.329 44234
1711.47 601.329 2757778
1723.3 601.329 1923898
1735.12 601.329 4421866
1746.95 601.329 2520173
1758.77 601.329 618652
1770.59 601.329 791038
1782.42 601.329 4105400
1794.24 601.329 5071835
1806.06 601.329 4044161
1817.89 601.329 2665783
1829.71 601.329 3835113
1841.54 601.329 725876
1853.36 601.329 2519521
1865.18 601.329 2876225
1877.01 601.329 2385117
1888.83 601.329 1429497
1900.65 601.329 3229608
1912.48 601.329 2465601
1924.3 601.329 1679585
1936.12 601.329 2568566
1947.95 601.329 2866121
1959.77 601.329 485769
1971.59 601.329 3797893
1983.42 601.329 1213127
1995.24 601.329 77960
2007.07 601.329 5449112
2018.89 601.329 1862996
2030.71 601.329 4113812
2042.54 601.329 1611568
2054.36 601.329 3962599
2066.18 601.329 2350944
2078.01 601.329 1495287
2089.83 601.329 2560967
1220.79 536.374 1957217
1208.97 536.374 4670563
1197.15 536.374 4078055
1185.32 536.374 5121054
1170.54 1944.73 5082762
1300.6 1932.92 3824924
1194.19 1921.11 4831866
1418.84 1921.11 3922265
1371.54 1909.3 1001631
1253.31 1909.3 3510833
1276.95 1885.68 4149994
1324.25 1885.68 2693724
1418.84 1885.68 3691452
1324.25 1873.86 3127795
342.886 1519.56 66603
1418.84 775.528 1204763
1418.84 799.148 3907184
2092.79 598.377 2831910
1891.78 2051.02 4849232
1879.96 2051.02 4028693
1868.14 2051.02 691032
1856.31 2051.02 2037090
1844.49 2051.02 1412442
1832.67 2051.02 1368299
1820.84 2051.02 2671306
1809.02 2051.02 3343124
1797.19 2051.02 3925936
1785.37 2051.02 1680176
1773.55 2051.02 653466
1761.72 2051.02 117002
1749.9 2051.02 2287981
910.422 2051.02 4049014
898.598 2051.02 270125
886.774 2051.02 2765371
874.95 2051.02 859334
863.127 2051.02 4072622
851.303 2051.02 2370957
839.479 2051.02 4066940
827.656 2051.02 1947014
815.832 2051.02 1324240
804.009 2051.02 3340533
792.185 2051.02 2959250
780.361 2051.02 311430
768.538 2051.02 4384391
668.037 2045.11 5220905
774.45 2045.11 536338
786.273 2045.11 42010
798.097 2045.11 2696957
809.92 2045.11 341496
821.744 2045.11 892034
833.568 2045.11 5232110
845.391 2045.11 199687
857.215 2045.11 1435484
869.039 2045.11 1859401
880.862 2045.11 222178
892.686 2045.11 5331107
904.51 2045.11 1085710
1649.4 2045.11 3367520
1755.81 2045.11 4879361
1767.64 2045.11 4684148
1779.46 2045.11 4502600
1791.28 2045.11 1503570
1803.11 2045.11 4159798
1814.93 2045.11 3059323
1826.75 2045.11 1529431
1838.58 2045.11 2525064
1850.4 2045.11 1126739
1862.22 2045.11 5087303
1874.05 2045.11 224629
1885.87 2045.11 3011432
1891.78 2039.21 1277948
1879.96 2039.21 5292361
1868.14 2039.21 556807
1856.31 2039.21 3684111
1844.49 2039.21 2811572
1832.67 2039.21 1586504
1820.84 2039.21 2630634
1809.02 2039.21 5398627
1797.19 2039.21 4706251
1785.37 2039.21 4681619
1773.55 2039.21 4736506
1761.72 2039.21 3239065
1749.9 2039.21 2863352
1702.61 2039.21 4164807
1489.78 2039.21 1069446
910.422 2039.21 2163657
898.598 2039.21 3621513
886.774 2039.21 2748637
874.95 2039.21 4086448
863.127 2039.21 1684070
851.303 2039.21 1252410
839.479 2039.21 407238
827.656 2039.21 383005
815.832 2039.21 4579476
804.009 2039.21 872882
792.185 2039.21 2914489
780.361 2039.21 3607793
768.538 2039.21 782117
721.243 2039.21 920561
508.417 2039.21 3516784
561.624 2033.3 5208183
774.45 2033.3 3126925
786.273 2033.3 4463659
798.097 2033.3 156039
809.92 2033.3 3699288
821.744 2033.3 5388204
833.568 2033.3 1006723
845.391 2033.3 1362751
857.215 2033.3 851316
869.039 2033.3 4279014
880.862 2033.3 2443879
892.686 2033.3 2832450
904.51 2033.3 4308497
1542.99 2033.3 4768540
1755.81 2033.3 3104506
1767.64 2033.3 2120407
1779.46 2033.3 5102512
1791.28 2033.3 1741440
1803.11 2033.3 176257
1814.93 2033.3 4862612
1826.75 2033.3 4924329
1838.58 2033.3 137754
1850.4 2033.3 3378293
1862.22 2033.3 4189073
1874.05 2033.3 2938712
1885.87 2033.3 3422791
1891.78 2027.4 3418048
1879.96 2027.4 3838174
1868.14 2027.4 1050380
1856.31 2027.4 1359848
1844.49 2027.4 4281128
1832.67 2027.4 4985394
1820.84 2027.4 3781865
1809.02 2027.4 3853294
1797.19 2027.4 4998549
1785.37 2027.4 689789
1773.55 2027.4 1964444
1761.72 2027.4 1979946
1749.9 2027.4 5256161
1596.19 2027.4 4848025
910.422 2027.4 1794866
898.598 2027.4 3342834
886.774 2027.4 4892555
874.95 2027.4 3994682
863.127 2027.4 3933025
851.303 2027.4 430186
839.479 2027.4 2076022
827.656 2027.4 4563075
815.832 2027.4 1425687
804.009 2027.4 4226379
792.185 2027.4 2076005
780.361 2027.4 5031189
768.538 2027.4 2565756
614.83 2027.4 891804
768.538 173.215 3001519
780.361 173.215 673954
792.185 173.215 3996450
804.009 173.215 2841906
815.832 173.215 46599
827.656 173.215 535488
839.479 173.215 1605783
851.303 173.215 1535651
863.127 173.215 2895567
874.95 173.215 1204644
886.774 173.215 1350718
898.598 173.215 4645379
910.422 173.215 518240
1749.9 173.215 3575979
1761.72 173.215 2337903
1773.55 173.215 167709
1785.37 173.215 829045
1797.19 173.215 3765172
1809.02 173.215 11453
1820.84 173.215 3970054
1832.67 173.215 2572976
1844.49 173.215 4359134
1856.31 173.215 2995415
1868.14 173.215 781626
1879.96 173.215 539122
1891.78 173.215 5089950
1885.87 167.31 1032226
1874.05 167.31 5233573
1862.22 167.31 4498486
1850.4 167.31 7859
1838.58 167.31 2724260
1826.75 167.31 2014760
1814.93 167.31 3383878
1803.11 167.31 5274185
1791.28 167.31 4709404
1779.46 167.31 956314
1767.64 167.31 4138806
1755.81 167.31 2452436
904.51 167.31 3889132
892.686 167.31 1068917
880.862 167.31 2026117
869.039 167.31 4297458
857.215 167.31 3991226
845.391 167.31 828217
833.568 167.31 5148344
821.744 167.31 5098084
809.92 167.31 3141707
798.097 167.31 2337983
786.273 167.31 2671065
774.45 167.31 637247
668.037 167.309 3701517
1649.4 167.309 3364620
1891.78 161.405 3756135
1879.96 161.405 4615834
1868.14 161.405 506410
1856.31 161.405 3179488
1844.49 161.405 5045916
1832.67 161.405 1814923
1820.84 161.405 3075069
1809.02 161.405 4010019
1797.19 161.405 5448092
1785.37 161.405 2694661
1773.55 161.405 1929481
1761.72 161.405 1371907
1749.9 161.405 4286666
910.422 161.405 4593325
898.598 161.405 4542951
886.774 161.405 5140149
874.95 161.405 2429660
863.127 161.405 3783553
851.303 161.405 1064393
839.479 161.405 3243574
827.656 161.405 1159045
815.832 161.405 3809074
804.009 161.405 2499857
792.185 161.405 2227637
780.361 161.405 3389561
768.538 161.405 185330
508.417 161.404 4885696
721.243 161.404 4216480
1489.78 161.404 4247143
1702.61 161.404 4825955
1885.87 155.5 3901906
1874.05 155.5 272406
1862.22 155.5 2004563
1850.4 155.5 4990951
1838.58 155.5 1743987
1826.75 155.5 2844380
1814.93 155.5 4294207
1803.11 155.5 4862101
1791.28 155.5 2491758
1779.46 155.5 1172451
1767.64 155.5 4327780
1755.81 155.5 1789101
904.51 155.5 1816554
892.686 155.5 199566
880.862 155.5 1844237
869.039 155.5 3355160
857.215 155.5 4058742
845.391 155.5 1730255
833.568 155.5 3699839
821.744 155.5 5161167
809.92 155.5 3664357
798.097 155.5 3804918
786.273 155.5 2725906
774.45 155.5 2061235
561.624 155.499 5259354
1542.99 155.499 2868799
1891.78 149.595 2140196
1879.96 149.595 2771771
1868.14 149.595 3805048
1856.31 149.595 5195648
1844.49 149.595 1475936
1832.67 149.595 3162315
1820.84 149.595 4676974
1809.02 149.595 1433780
1797.19 149.595 4086021
1785.37 149.595 4922138
1773.55 149.595 3540706
1761.72 149.595 3386405
1749.9 149.595 1183637
910.422 149.595 2568069
898.598 149.595 725200
886.774 149.595 1863227
874.95 149.595 2573631
863.127 149.595 25232
851.303 149.595 2696570
839.479 149.595 4199127
827.656 149.595 4235850
815.832 149.595 4854196
804.009 149.595 1512568
792.185 149.595 2037700
780.361 149.595 967523
768.538 149.595 2415198
614.83 149.594 567861
1596.19 149.594 356613
1882.92 2048.06 136521
1871.09 2048.06 5215628
1859.27 2048.06 5422191
1847.45 2048.06 1768595
1835.62 2048.06 87051
1823.8 2048.06 4807732
1811.97 2048.06 3099332
1800.15 2048.06 889737
1788.33 2048.06 5402974
1776.5 2048.06 2828591
1764.68 2048.06 3443595
1752.86 2048.06 2176961
1729.21 2048.06 565877
1717.39 2048.06 5109531
1670.09 2048.06 3176129
1658.27 2048.06 4696299
1646.44 2048.06 1727536
1634.62 2048.06 72334
1610.97 2048.06 1797317
1599.15 2048.06 3655640
1563.68 2048.06 4656841
1551.85 2048.06 3509969
1540.03 2048.06 4334596
1528.21 2048.06 1736770
1516.38 2048.06 1598177
1504.56 2048.06 2089617
1492.74 2048.06 2084314
901.554 2048.06 1575989
889.73 2048.06 2244825
877.906 2048.06 5177020
866.083 2048.06 2412777
854.259 2048.06 3331542
842.435 2048.06 1655858
830.612 2048.06 918201
818.788 2048.06 4000284
806.964 2048.06 86008
795.141 2048.06 4912367
783.317 2048.06 4020204
771.494 2048.06 3598514
747.846 2048.06 3216952
736.022 2048.06 3404928
688.728 2048.06 2954440
676.904 2048.06 12997
665.081 2048.06 1290988
653.257 2048.06 4573964
629.609 2048.06 1842570
617.786 2048.06 1088338
582.315 2048.06 237766
570.491 2048.06 2873596
558.668 2048.06 1935456
546.844 2048.06 4835445
535.02 2048.06 2982330
523.196 2048.06 620242
511.373 2048.06 997349
517.285 2042.16 4000054
529.108 2042.16 1733792
576.403 2042.16 706693
588.227 2042.16 3078801
600.05 2042.16 3190133
623.698 2042.16 4414620
635.521 2042.16 1955236
647.345 2042.16 788784
706.463 2042.16 1713584
718.287 2042.16 2696601
777.405 2042.16 4650595
789.229 2042.16 1804550
801.053 2042.16 2421960
812.876 2042.16 2764063
824.7 2042.16 3315805
836.524 2042.16 977728
848.347 2042.16 1695590
860.171 2042.16 760972
871.994 2042.16 4278783
883.818 2042.16 2882006
895.642 2042.16 439378
907.466 2042.16 1850662
1498.65 2042.16 1200877
1510.47 2042.16 4585560
1557.77 2042.16 4524170
1569.59 2042.16 2764772
1581.41 2042.16 2409835
1605.06 2042.16 2262921
1616.89 2042.16 2962258
1628.71 2042.16 2452239
1687.83 2042.16 2542209
1699.65 2042.16 497323
1758.77 2042.16 1838806
1770.59 2042.16 1811288
1782.42 2042.16 787016
1794.24 2042.16 1924174
1806.06 2042.16 5398407
1817.89 2042.16 782159
1829.71 2042.16 2941318
1841.53 2042.16 2547635
1853.36 2042.16 4177216
1865.18 2042.16 11265
1877.01 2042.16 1039697
1888.83 2042.16 348190
1882.92 2036.25 5110210
1871.09 2036.25 3446310
1859.27 2036.25 4825373
1847.45 2036.25 3911047
1835.62 2036.25 3510621
1823.8 2036.25 5143497
1811.97 2036.25 2580085
1800.15 2036.25 3875145
1788.33 2036.25 4650257
1776.5 2036.25 4121222
1764.68 2036.25 4080222
1752.86 2036.25 4703743
1705.56 2036.25 382430
1693.74 2036.25 1858305
1681.92 2036.25 4599762
1658.27 2036.25 389294
1646.44 2036.25 1392250
1634.62 2036.25 5162015
1551.85 2036.25 1282312
1540.03 2036.25 4293810
1528.21 2036.25 2707871
1504.56 2036.25 1547796
901.554 2036.25 4689721
889.73 2036.25 3701042
877.906 2036.25 934948
866.083 2036.25 2607286
854.259 2036.25 3804754
842.435 2036.25 1888240
830.612 2036.25 88660
818.788 2036.25 3321626
806.964 2036.25 3402770
795.141 2036.25 5349366
783.317 2036.25 700747
771.494 2036.25 2426869
724.199 2036.25 1238195
712.375 2036.25 1284262
700.551 2036.25 5385568
676.904 2036.25 2795111
665.081 2036.25 589998
653.257 2036.25 3673241
570.491 2036.25 1276900
558.668 2036.25 1271552
546.844 2036.25 3751451
523.196 2036.25 5342950
505.461 2030.35 1780354
517.285 2030.35 596314
529.108 2030.35 3023864
540.932 2030.35 958229
552.756 2030.35 1276292
576.403 2030.35 5102716
588.227 2030.35 5244802
600.05 2030.35 250443
611.874 2030.35 1307165
623.698 2030.35 924999
635.521 2030.35 60291
647.345 2030.35 180907
659.169 2030.35 1176590
694.64 2030.35 1728814
706.463 2030.35 747001
718.287 2030.35 2726332
730.111 2030.35 971382
741.934 2030.35 2957235
777.405 2030.35 4438667
789.229 2030.35 508811
801.053 2030.35 4047604
812.876 2030.35 2943825
824.7 2030.35 5098927
836.524 2030.35 3042282
848.347 2030.35 3013183
860.171 2030.35 4818276
871.994 2030.35 1215383
883.818 2030.35 1162036
895.642 2030.35 1502120
907.466 2030.35 4993171
1486.82 2030.35 2527661
1498.65 2030.35 1899575
1510.47 2030.35 3840920
1522.3 2030.35 2939801
1534.12 2030.35 3036954
1557.77 2030.35 3341003
1569.59 2030.35 1524403
1581.41 2030.35 927891
1593.24 2030.35 2683544
1605.06 2030.35 2155613
1616.89 2030.35 3297424
1628.71 2030.35 1606311
1640.53 2030.35 3879325
1676.0 2030.35 1645014
1687.83 2030.35 2999227
1699.65 2030.35 1643787
1711.47 2030.35 1853894
1723.3 2030.35 4017970
1758.77 2030.35 3291718
1770.59 2030.35 5183879
1782.42 2030.35 833734
1794.24 2030.35 1891663
1806.06 2030.35 2686899
1817.89 2030.35 787798
1829.71 2030.35 4093733
1841.53 2030.35 5394111
1853.36 2030.35 2344662
1865.18 2030.35 3915716
1877.01 2030.35 5222361
1888.83 2030.35 4440190
1882.92 170.262 2980792
1871.09 170.262 4149144
1859.27 170.262 2168149
1847.45 170.262 2517186
1835.62 170.262 490039
1823.8 170.262 1992625
1811.97 170.262 2912012
1800.15 170.262 1171384
1788.33 170.262 227012
1776.5 170.262 1077723
1764.68 170.262 4403699
1752.86 170.262 282911
901.554 170.262 5404936
889.73 170.262 2595454
877.906 170.262 4297126
866.083 170.262 4684229
854.259 170.262 4987392
842.435 170.262 3807489
830.612 170.262 1956015
818.788 170.262 816707
806.964 170.262 2526077
795.141 170.262 12034
783.317 170.262 2099502
771.494 170.262 3784936
511.373 170.261 2866742
523.196 170.261 3922228
535.02 170.261 2658522
546.844 170.261 2380582
558.668 170.261 4372956
570.491 170.261 2843969
582.315 170.261 12992
617.786 170.261 4691649
629.609 170.261 4510656
653.257 170.261 1263326
665.081 170.261 4794429
676.904 170.261 3374776
688.728 170.261 3799767
736.022 170.261 5175596
747.846 170.261 77858
1492.74 170.261 743782
1504.56 170.261 1288652
1516.38 170.261 4400268
1528.21 170.261 416776
1540.03 170.261 2954825
1551.85 170.261 3761593
1563.68 170.261 1163234
1599.15 170.261 382033
1610.97 170.261 3921102
1634.62 170.261 3499833
1646.44 170.261 1929342
1658.27 170.261 5407173
1670.09 170.261 3293243
1717.39 170.261 3485485
1729.21 170.261 2750561
1888.83 164.357 1727845
1877.01 164.357 2029982
1865.18 164.357 745711
1853.36 164.357 4494125
1841.53 164.357 834872
1829.71 164.357 2378644
1817.89 164.357 3206177
1806.06 164.357 4499811
1794.24 164.357 3147074
1782.42 164.357 1722656
1770.59 164.357 4469707
1758.77 164.357 3317558
907.466 164.357 923136
895.642 164.357 603316
883.818 164.357 1093232
871.994 164.357 322096
860.171 164.357 4085560
848.347 164.357 4612143
836.524 164.357 3863043
824.7 164.357 582465
812.876 164.357 3142170
801.053 164.357 5424367
789.229 164.357 2796617
777.405 164.357 521328
517.285 164.357 3700273
529.108 164.357 844702
576.403 164.357 4142730
588.227 164.357 3770920
600.05 164.357 755483
623.698 164.357 2499524
635.521 164.357 3081834
647.345 164.357 1781190
706.463 164.357 3104817
718.287 164.357 1997625
1498.65 164.357 4644869
1510.47 164.357 3573123
1557.77 164.357 3003028
1569.59 164.357 4616567
1581.41 164.357 1452684
1605.06 164.357 1552128
1616.89 164.357 4865873
1628.71 164.357 2496000
1687.83 164.357 3506450
1699.65 164.357 3529955
1882.92 158.452 3850736
1871.09 158.452 1750231
1859.27 158.452 3868265
1847.45 158.452 5181591
1835.62 158.452 3684506
1823.8 158.452 1748977
1811.97 158.452 2124461
1800.15 158.452 4912523
1788.33 158.452 4011850
1776.5 158.452 2869270
1764.68 158.452 4762084
1752.86 158.452 4805630
901.554 158.452 2814905
889.73 158.452 4489981
877.906 158.452 4953133
866.083 158.452 1703848
854.259 158.452 286907
842.435 158.452 629086
830.612 158.452 1056075
818.788 158.452 2958570
806.964 158.452 4449123
795.141 158.452 852303
783.317 158.452 43649
771.494 158.452 3541470
523.196 158.451 770179
546.844 158.451 4560001
558.668 158.451 5019665
570.491 158.451 1220035
653.257 158.451 283709
665.081 158.451 4982162
676.904 158.451 238763
700.551 158.451 263612
712.375 158.451 2960976
724.199 158.451 3802605
1504.56 158.451 2834618
1528.21 158.451 5304368
1540.03 158.451 583124
1551.85 158.451 2177410
1634.62 158.451 4664696
1646.44 158.451 2009470
1658.27 158.451 74938
1681.92 158.451 3637778
1693.74 158.451 3172185
1705.56 158.451 4158695
1888.83 152.547 3455188
1877.01 152.547 2165400
1865.18 152.547 504132
1853.36 152.547 4633156
1841.53 152.547 5445032
1829.71 152.547 3034148
1817.89 152.547 4210729
1806.06 152.547 2321212
1794.24 152.547 405070
1782.42 152.547 843159
1770.59 152.547 4662835
1758.77 152.547 2041701
907.466 152.547 644506
895.642 152.547 817350
883.818 152.547 2185611
871.994 152.547 1628307
860.171 152.547 4952294
848.347 152.547 3916857
836.524 152.547 4095175
824.7 152.547 1220282
812.876 152.547 3405364
801.053 152.547 331492
789.229 152.547 1431143
777.405 152.547 1044479
505.461 152.546 3785482
517.285 152.546 2357306
529.108 152.546 1382401
540.932 152.546 2499784
552.756 152.546 2574798
576.403 152.546 4286796
588.227 152.546 4101474
600.05 152.546 2576809
611.874 152.546 3195069
623.698 152.546 3258429
635.521 152.546 5296859
647.345 152.546 3888381
659.169 152.546 1978057
694.64 152.546 2084164
706.463 152.546 1552687
718.287 152.546 1189705
730.111 152.546 1649462
741.934 152.546 5402073
1486.82 152.546 4148663
1498.65 152.546 459642
1510.47 152.546 4675995
1522.3 152.546 3732684
1534.12 152.546 2684671
1557.77 152.546 1681620
1569.59 152.546 2985293
1581.41 152.546 4038774
1593.24 152.546 3857106
1605.06 152.546 1810586
1616.89 152.546 4146346
1628.71 152.546 3505933
1640.53 152.546 2687901
1676.0 152.546 5210193
1687.83 152.546 845828
1699.65 152.546 2916194
1711.47 152.546 340158
1723.3 152.546 4808291
1888.83 2048.06 2631725
1877.01 2048.06 2072722
1865.18 2048.06 669322
1853.36 2048.06 943359
1841.53 2048.06 5042974
1829.71 2048.06 4452925
1817.89 2048.06 2605114
1806.06 2048.06 5283207
1794.24 2048.06 4839487
1782.42 2048.06 3992473
1770.59 2048.06 2452897
1758.77 2048.06 59590
1723.3 2048.06 1345505
1711.47 2048.06 17041
1664.18 2048.06 4857197
1640.53 2048.06 4485588
1616.89 2048.06 3183083
1605.06 2048.06 153563
1569.59 2048.06 1765046
1557.77 2048.06 4340540
1534.12 2048.06 5128665
1522.3 2048.06 2466382
1510.47 2048.06 2550011
1498.65 2048.06 590191
907.466 2048.06 4778224
895.642 2048.06 3955222
883.818 2048.06 5368425
871.994 2048.06 995526
860.171 2048.06 4607289
848.347 2048.06 3251422
836.524 2048.06 3294802
824.7 2048.06 367006
812.876 2048.06 1362255
801.053 2048.06 3340433
789.229 2048.06 5099173
777.405 2048.06 3091364
741.934 2048.06 3028041
730.111 2048.06 937818
682.816 2048.06 1204218
659.169 2048.06 1644684
635.521 2048.06 4552586
623.698 2048.06 2181949
588.227 2048.06 1761805
576.403 2048.06 2733868
552.756 2048.06 2269475
540.932 2048.06 4592815
529.108 2048.06 669532
517.285 2048.06 3239373
511.373 2042.16 442460
523.196 2042.16 5106984
570.491 2042.16 1558357
582.315 2042.16 1852849
594.138 2042.16 2301022
629.609 2042.16 665886
641.433 2042.16 4798428
700.551 2042.16 1944954
712.375 2042.16 4293274
771.494 2042.16 1305035
783.317 2042.16 2769861
795.141 2042.16 501335
806.964 2042.16 2560791
818.788 2042.16 1342127
830.612 2042.16 3499581
842.435 2042.16 1933236
854.259 2042.16 3932354
866.083 2042.16 2046424
877.906 2042.16 4560891
889.73 2042.16 5392682
901.554 2042.16 2562359
1492.74 2042.16 1170530
1504.56 2042.16 4181222
1551.85 2042.16 4334854
1563.68 2042.16 167782
1575.5 2042.16 198673
1610.97 2042.16 4959376
1622.8 2042.16 121078
1681.92 2042.16 2088546
1693.74 2042.16 2324889
1752.86 2042.16 2586917
1764.68 2042.16 5327184
1776.5 2042.16 1268937
1788.33 2042.16 3592370
1800.15 2042.16 4672339
1811.97 2042.16 1586041
1823.8 2042.16 1989120
1835.62 2042.16 341879
1847.45 2042.16 4107198
1859.27 2042.16 4893403
1871.09 2042.16 2563930
1882.92 2042.16 2584102
1888.83 2036.25 939970
1877.01 2036.25 3315739
1865.18 2036.25 1694040
1853.36 2036.25 3838417
1841.53 2036.25 5452915
1829.71 2036.25 5307824
1817.89 2036.25 3997890
1806.06 2036.25 702894
1794.24 2036.25 1238748
1782.42 2036.25 1338662
1770.59 2036.25 711814
1758.77 2036.25 153730
1711.47 2036.25 5058798
1699.65 2036.25 87448
1687.83 2036.25 3576181
1652.36 2036.25 4816911
1640.53 2036.25 2287848
1557.77 2036.25 5282351
1545.94 2036.25 2286245
1534.12 2036.25 2493463
1498.65 2036.25 4081293
907.466 2036.25 3004823
895.642 2036.25 2010836
883.818 2036.25 3772453
871.994 2036.25 2050152
860.171 2036.25 667554
848.347 2036.25 2897024
836.524 2036.25 3956218
824.7 2036.25 4808855
812.876 2036.25 768853
801.053 2036.25 1244940
789.229 2036.25 2851813
777.405 2036.25 5446510
730.111 2036.25 4347835
718.287 2036.25 1310985
706.463 2036.25 4401334
670.992 2036.25 1009177
659.169 2036.25 4163166
576.403 2036.25 4634718
564.579 2036.25 1089493
552.756 2036.25 3837251
517.285 2036.25 2012052
511.373 2030.35 3890700
523.196 2030.35 1592125
546.844 2030.35 2824596
558.668 2030.35 4558519
582.315 2030.35 693584
605.962 2030.35 561291
629.609 2030.35 3447799
653.257 2030.35 590579
665.081 2030.35 817123
688.728 2030.35 2717864
700.551 2030.35 3714892
712.375 2030.35 2994206
724.199 2030.35 1685423
736.022 2030.35 1495793
747.846 2030.35 5146686
771.494 2030.35 1633711
783.317 2030.35 5402678
795.141 2030.35 3200893
806.964 2030.35 2899980
818.788 2030.35 600617
830.612 2030.35 318804
842.435 2030.35 2429624
854.259 2030.35 460817
866.083 2030.35 4985522
877.906 2030.35 4584653
889.73 2030.35 19383
901.554 2030.35 395844
1492.74 2030.35 3168406
1504.56 2030.35 2513462
1528.21 2030.35 3536953
1540.03 2030.35 2924713
1563.68 2030.35 1323341
1587.33 2030.35 5105075
1610.97 2030.35 1545953
1634.62 2030.35 5326904
1646.44 2030.35 4399097
1670.09 2030.35 4856073
1681.92 2030.35 5307706
1693.74 2030.35 603330
1705.56 2030.35 5251085
1717.39 2030.35 5114120
1729.21 2030.35 3207942
1752.86 2030.35 1857915
1764.68 2030.35 4436505
1776.5 2030.35 3508224
1788.33 2030.35 4713756
1800.15 2030.35 772921
1811.97 2030.35 5229747
1823.8 2030.35 3940401
1835.62 2030.35 2692595
1847.45 2030.35 5181111
1859.27 2030.35 1247414
1871.09 2030.35 3906304
1882.92 2030.35 2728105
1888.83 170.262 2208103
1877.01 170.262 4896839
1865.18 170.262 1568479
1853.36 170.262 5052740
1841.53 170.262 4154547
1829.71 170.262 4127944
1817.89 170.262 4513281
1806.06 170.262 3953636
1794.24 170.262 3453897
1782.42 170.262 947632
1770.59 170.262 2611461
1758.77 170.262 2015944
907.466 170.262 4756236
895.642 170.262 1963370
883.818 170.262 3407756
871.994 170.262 4276639
860.171 170.262 4205173
848.347 170.262 5367472
836.524 170.262 3054687
824.7 170.262 3268296
812.876 170.262 2925609
801.053 170.262 2636890
789.229 170.262 3633089
777.405 170.262 2746703
517.285 170.261 3344073
529.108 170.261 2029208
540.932 170.261 5014304
552.756 170.261 259826
576.403 170.261 2371474
588.227 170.261 3376604
623.698 170.261 274102
635.521 170.261 5013027
659.169 170.261 845264
682.816 170.261 4228231
730.111 170.261 1495401
741.934 170.261 1404316
1498.65 170.261 1532632
1510.47 170.261 1797613
1522.3 170.261 5334307
1534.12 170.261 1391465
1557.77 170.261 2073312
1569.59 170.261 2577210
1605.06 170.261 850862
1616.89 170.261 641609
1640.53 170.261 4335624
1664.18 170.261 764648
1711.47 170.261 5438081
1723.3 170.261 1964002
1882.92 164.357 748373
1871.09 164.357 2322930
1859.27 164.357 4916405
1847.45 164.357 2780661
1835.62 164.357 1391574
1823.8 164.357 1993927
1811.97 164.357 838650
1800.15 164.357 4134755
1788.33 164.357 1857839
1776.5 164.357 3552446
1764.68 164.357 2379156
1752.86 164.357 3515487
901.554 164.357 292889
889.73 164.357 5238165
877.906 164.357 1451838
866.083 164.357 492105
854.259 164.357 1071645
842.435 164.357 3850118
830.612 164.357 2808885
818.788 164.357 5064188
806.964 164.357 4143706
795.141 164.357 4753444
783.317 164.357 3297593
771.494 164.357 2722757
511.373 164.357 2894161
523.196 164.357 3702938
570.491 164.357 575602
582.315 164.357 1532764
594.138 164.357 573244
629.609 164.357 2360442
641.433 164.357 4720014
700.551 164.357 3405491
712.375 164.357 2880430
1492.74 164.357 68675
1504.56 164.357 2371022
1551.85 164.357 2791710
1563.68 164.357 3503281
1575.5 164.357 4760518
1610.97 164.357 401453
1622.8 164.357 4668412
1681.92 164.357 3639911
1693.74 164.357 4255218
1888.83 158.452 3759773
1877.01 158.452 298469
1865.18 158.452 2359274
1853.36 158.452 5037667
1841.53 158.452 3376388
1829.71 158.452 3902655
1817.89 158.452 2258999
1806.06 158.452 3089002
1794.24 158.452 4463605
1782.42 158.452 3585326
1770.59 158.452 710898
1758.77 158.452 1264296
907.466 158.452 3666900
895.642 158.452 361390
883.818 158.452 256688
871.994 158.452 2634869
860.171 158.452 354969
848.347 158.452 2520819
836.524 158.452 43407
824.7 158.452 3530225
812.876 158.452 2144652
801.053 158.452 874223
789.229 158.452 3612912
777.405 158.452 639001
517.285 158.451 1873522
552.756 158.451 4779896
564.579 158.451 665295
576.403 158.451 639461
659.169 158.451 163454
670.992 158.451 118104
706.463 158.451 1048791
718.287 158.451 5445658
730.111 158.451 4252991
1498.65 158.451 1774199
1534.12 158.451 1455061
1545.94 158.451 4243363
1557.77 158.451 2351873
1640.53 158.451 5235514
1652.36 158.451 4580848
1687.83 158.451 1237017
1699.65 158.451 4957195
1711.47 158.451 4875923
1882.92 152.547 1728820
1871.09 152.547 3323029
1859.27 152.547 309626
1847.45 152.547 3689951
1835.62 152.547 4790333
1823.8 152.547 1551851
1811.97 152.547 1562771
1800.15 152.547 2497156
1788.33 152.547 4422430
1776.5 152.547 1924046
1764.68 152.547 1462467
1752.86 152.547 1593887
901.554 152.547 1789820
889.73 152.547 1559998
877.906 152.547 964852
866.083 152.547 2326437
854.259 152.547 2418568
842.435 152.547 2219935
830.612 152.547 2935488
818.788 152.547 3984778
806.964 152.547 2522543
795.141 152.547 1214078
783.317 152.547 4801649
771.494 152.547 4220653
511.373 152.546 1112255
523.196 152.546 2714531
546.844 152.546 3182136
558.668 152.546 2031852
582.315 152.546 2854659
605.962 152.546 2810883
629.609 152.546 2176126
653.257 152.546 149486
665.081 152.546 2861437
688.728 152.546 3862769
700.551 152.546 656619
712.375 152.546 4043486
724.199 152.546 567880
736.022 152.546 3541959
747.846 152.546 1790141
1492.74 152.546 1991320
1504.56 152.546 1518468
1528.21 152.546 19063
1540.03 152.546 4307258
1563.68 152.546 4470898
1587.33 152.546 94243
1610.97 152.546 1867300
1634.62 152.546 4452280
1646.44 152.546 3721490
1670.09 152.546 174742
1681.92 152.546 3310078
1693.74 152.546 1246852
1705.56 152.546 3676727
1717.39 152.546 1850690
1729.21 152.546 3876786
1885.87 2051.02 930351
1874.05 2051.02 1597732
1862.22 2051.02 4005532
1850.4 2051.02 4564347
1838.58 2051.02 4000663
1826.75 2051.02 4600275
1814.93 2051.02 112650
1803.11 2051.02 3200240
1791.28 2051.02 4794946
1779.46 2051.02 2000001
1767.64 2051.02 543763
1755.81 2051.02 527233
904.51 2051.02 5272921
892.686 2051.02 866240
880.862 2051.02 2810205
869.039 2051.02 780671
857.215 2051.02 719313
845.391 2051.02 4123333
833.568 2051.02 2078570
821.744 2051.02 4918567
809.92 2051.02 4297671
798.097 2051.02 4560741
786.273 2051.02 3571736
774.45 2051.02 1088495
768.538 2045.11 426529
780.361 2045.11 4565671
792.185 2045.11 2473493
804.009 2045.11 4145546
815.832 2045.11 3775234
827.656 2045.11 1757977
839.479 2045.11 698541
851.303 2045.11 2200447
863.127 2045.11 458708
874.95 2045.11 3748915
886.774 2045.11 4009874
898.598 2045.11 4607693
910.422 2045.11 1587700
1749.9 2045.11 4124081
1761.72 2045.11 3407466
1773.55 2045.11 3056881
1785.37 2045.11 3260623
1797.19 2045.11 1892405
1809.02 2045.11 1087091
1820.84 2045.11 5137865
1832.67 2045.11 4938287
1844.49 2045.11 3370375
1856.31 2045.11 4359072
1868.14 2045.11 520651
1879.96 2045.11 1043715
1891.78 2045.11 2057457
1885.87 2039.21 1642424
1874.05 2039.21 2795146
1862.22 2039.21 3115671
1850.4 2039.21 1114057
1838.58 2039.21 140348
1826.75 2039.21 1722195
1814.93 2039.21 1544321
1803.11 2039.21 405919
1791.28 2039.21 140182
1779.46 2039.21 777412
1767.64 2039.21 4936943
1755.81 2039.21 2178853
904.51 2039.21 1623025
892.686 2039.21 4956458
880.862 2039.21 5413209
869.039 2039.21 3827000
857.215 2039.21 2128273
845.391 2039.21 2628115
833.568 2039.21 3209051
821.744 2039.21 2602409
809.92 2039.21 2367966
798.097 2039.21 948802
786.273 2039.21 3279368
774.45 2039.21 1833917
768.538 2033.3 3532601
780.361 2033.3 3360828
792.185 2033.3 3182708
804.009 2033.3 2264274
815.832 2033.3 3696140
827.656 2033.3 2467408
839.479 2033.3 5142222
851.303 2033.3 2216490
863.127 2033.3 4970997
874.95 2033.3 2127477
886.774 2033.3 1493907
898.598 2033.3 80611
910.422 2033.3 3961430
1749.9 2033.3 4610446
1761.72 2033.3 3654013
1773.55 2033.3 3880003
1785.37 2033.3 3915320
1797.19 2033.3 1830629
1809.02 2033.3 3970145
1820.84 2033.3 4744397
1832.67 2033.3 4159765
1844.49 2033.3 3102637
1856.31 2033.3 4913717
1868.14 2033.3 2287404
1879.96 2033.3 124266
1891.78 2033.3 2816048
1885.87 2027.4 2041871
1874.05 2027.4 1660696
1862.22 2027.4 2751987
1850.4 2027.4 2578255
1838.58 2027.4 2468098
1826.75 2027.4 31327
1814.93 2027.4 2193737
1803.11 2027.4 1397163
1791.28 2027.4 1296739
1779.46 2027.4 5151051
1767.64 2027.4 1044603
1755.81 2027.4 2366992
904.51 2027.4 59437
892.686 2027.4 4518920
880.862 2027.4 4938579
869.039 2027.4 3889111
857.215 2027.4 2155441
845.391 2027.4 2049409
833.568 2027.4 1380062
821.744 2027.4 4103225
809.92 2027.4 727543
798.097 2027.4 4299909
786.273 2027.4 2080865
774.45 2027.4 2633195
774.45 173.215 334012
786.273 173.215 5467968
798.097 173.215 3110142
809.92 173.215 1960860
821.744 173.215 2601118
833.568 173.215 5408386
845.391 173.215 2221867
857.215 173.215 632481
869.039 173.215 1090902
880.862 173.215 2728045
892.686 173.215 4082128
904.51 173.215 5184192
1755.81 173.215 5085843
1767.64 173.215 4889176
1779.46 173.215 2753398
1791.28 173.215 4461540
1803.11 173.215 5348940
1814.93 173.215 2913947
1826.75 173.215 4297855
1838.58 173.215 5304853
1850.4 173.215 2665165
1862.22 173.215 30325
1874.05 173.215 4986860
1885.87 173.215 3484814
1891.78 167.31 2998054
1879.96 167.31 2062986
1868.14 167.31 2654870
1856.31 167.31 3198779
1844.49 167.31 1982901
1832.67 167.31 4925551
1820.84 167.31 622674
1809.02 167.31 2113135
1797.19 167.31 1460972
1785.37 167.31 959009
1773.55 167.31 4602675
1761.72 167.31 5021355
1749.9 167.31 3779766
910.422 167.31 5166843
898.598 167.31 2337775
886.774 167.31 5214282
874.95 167.31 611873
863.127 167.31 5146525
851.303 167.31 3313672
839.479 167.31 3424732
827.656 167.31 3644429
815.832 167.31 2689182
804.009 167.31 3582886
792.185 167.31 3941080
780.361 167.31 3028587
768.538 167.31 1835141
774.45 161.405 2177788
786.273 161.405 4152443
798.097 161.405 3493210
809.92 161.405 3266486
821.744 161.405 5353044
833.568 161.405 5237413
845.391 161.405 5301728
857.215 161.405 1107200
869.039 161.405 1674256
880.862 161.405 3414581
892.686 161.405 1087995
904.51 161.405 4712298
1755.81 161.405 897693
1767.64 161.405 1697049
1779.46 161.405 5110222
1791.28 161.405 4776593
1803.11 161.405 2894737
1814.93 161.405 5459539
1826.75 161.405 2974827
1838.58 161.405 723699
1850.4 161.405 3774535
1862.22 161.405 1880190
1874.05 161.405 5134746
1885.87 161.405 3712253
1891.78 155.5 2267225
1879.96 155.5 1865804
1868.14 155.5 2362159
1856.31 155.5 3900161
1844.49 155.5 1677122
1832.67 155.5 1806886
1820.84 155.5 89738
1809.02 155.5 5155494
1797.19 155.5 4078631
1785.37 155.5 996689
1773.55 155.5 5116543
1761.72 155.5 3552098
1749.9 155.5 2789722
910.422 155.5 684335
898.598 155.5 660263
886.774 155.5 403852
874.95 155.5 4180303
863.127 155.5 4044780
851.303 155.5 759444
839.479 155.5 3456141
827.656 155.5 2119289
815.832 155.5 980873
804.009 155.5 2819700
792.185 155.5 4958768
780.361 155.5 4992992
768.538 155.5 108188
774.45 149.595 3451669
786.273 149.595 3232259
798.097 149.595 644719
809.92 149.595 4175245
821.744 149.595 4692987
833.568 149.595 654792
845.391 149.595 84761
857.215 149.595 5186938
869.039 149.595 5188696
880.862 149.595 4854794
892.686 149.595 4964725
904.51 149.595 1095297
1755.81 149.595 4074581
1767.64 149.595 3609980
1779.46 149.595 5215787
1791.28 149.595 3130652
1803.11 149.595 4921551
1814.93 149.595 4204437
1826.75 149.595 4518379
1838.58 149.595 3888387
1850.4 149.595 4810697
1862.22 149.595 4690398
1874.05 149.595 3348081
1885.87 149.595 2794383
0.0 0.0 2075853
