# C:\Users\gielpa\PycharmProjects\Genetic-Algorithm\data-bak\fl417.tsp\data
1025.7 1971.3 302930
1161.67 1965.39 215190
1191.23 1959.49 78413
1167.59 1959.49 431624
1096.64 1959.49 210776
1102.56 1953.58 105309
1090.73 1953.58 266675
1019.79 1953.58 147551
1232.62 1941.77 212536
1043.44 1941.77 100007
1238.53 1935.87 375036
1167.59 1935.87 473622
1132.11 1935.87 334819
1268.09 1929.96 118079
1244.44 1929.96 235395
1067.08 1929.96 165990
1179.41 1924.06 52543
1049.35 1924.06 201390
1037.53 1924.06 257440
1126.2 1918.15 303421
1090.73 1918.15 349201
984.319 1918.15 350486
1327.2 1906.34 117618
1031.61 1906.34 309869
996.143 1906.34 250094
1049.35 1900.44 263018
1185.32 1894.53 435375
1114.38 1894.53 443358
1315.38 1882.72 91135
1291.73 1882.72 226505
1078.91 1882.72 70505
1013.88 1876.82 19769
1735.12 1746.91 3053
741.934 1746.91 257396
1729.21 1741.0 298875
736.022 1741.0 133288
1522.3 1723.29 410712
529.108 1723.29 8292
1185.32 1646.52 364750
1569.59 1522.52 166787
576.403 1522.52 45445
1149.85 1445.75 138766
617.786 1445.75 420114
1031.61 1422.13 387089
1108.47 1416.22 9467
753.758 1416.22 115989
1031.61 1410.32 432077
594.138 1410.32 408656
759.67 1398.51 29246
605.962 1398.51 329868
753.758 1274.5 423879
659.169 1250.88 353852
1268.09 1244.98 32612
594.138 1244.98 72198
611.874 1227.26 97175
1279.91 1221.36 446153
659.169 1156.4 264145
1226.7 1002.87 176477
1149.85 996.967 333723
1610.97 973.347 328625
1037.53 802.101 290660
1315.38 796.196 447425
1114.38 796.196 82628
1090.73 796.196 70569
1274.0 790.29 438719
1132.11 790.29 182548
1108.47 790.29 256753
1013.88 790.29 140090
1268.09 784.386 463640
1114.38 784.386 434054
1031.61 784.386 116257
1664.18 778.481 320496
1238.53 778.481 63719
1096.64 778.481 313288
1049.35 778.481 6004
978.407 778.481 405423
1232.62 772.576 343373
1185.32 772.576 60573
1078.91 772.576 443094
1055.26 772.576 422210
1019.79 772.576 401229
1214.88 766.67 15673
1191.23 766.67 352806
1167.59 766.67 416638
1084.82 766.67 262087
1073.0 766.67 231127
1232.62 760.765 221116
1161.67 760.765 350884
1262.18 754.861 417279
1250.35 754.861 308931
1179.41 754.861 420117
1025.7 754.861 337405
1268.09 748.955 298005
1244.44 748.955 92
1173.5 748.955 365621
1132.11 743.05 319863
1120.29 743.05 329355
1019.79 725.335 48793
996.143 725.335 178758
1037.53 719.43 404647
1002.05 719.43 170096
1173.5 559.994 206489
1610.97 548.184 271281
1173.5 548.184 452809
1220.79 536.374 317382
1628.71 2048.06 273406
1628.71 2036.25 309055
1616.89 2048.06 210720
1616.89 2036.25 306601
1605.06 2048.06 247878
1605.06 2036.25 280596
1593.24 2048.06 301960
1593.24 2036.25 103329
1581.41 2048.06 436961
1581.41 2036.25 487805
1569.59 2048.06 234220
1569.59 2036.25 235990
1557.77 2048.06 465702
1557.77 2036.25 117048
1545.94 2048.06 463395
1545.94 2036.25 377857
1534.12 2048.06 455818
1534.12 2036.25 413468
1522.3 2048.06 110222
1522.3 2036.25 439149
1510.47 2048.06 222445
1510.47 2036.25 60596
1498.65 2048.06 110177
1498.65 2036.25 24237
1622.8 2042.16 200643
1622.8 2030.35 117998
1610.97 2042.16 313165
1610.97 2030.35 374694
1599.15 2042.16 45057
1599.15 2030.35 370120
1587.33 2042.16 1269
1587.33 2030.35 141158
1575.5 2042.16 462950
1575.5 2030.35 334709
1563.68 2042.16 36240
1563.68 2030.35 399702
1551.85 2042.16 259726
1551.85 2030.35 44382
1540.03 2042.16 50750
1540.03 2030.35 306646
1528.21 2042.16 321879
1528.21 2030.35 186536
1516.38 2042.16 473783
1516.38 2030.35 65576
1504.56 2042.16 407812
1504.56 2030.35 383044
1492.74 2042.16 235667
1492.74 2030.35 24879
647.346 2048.06 121973
647.346 2036.25 90456
635.522 2048.06 67047
635.522 2036.25 374143
623.699 2048.06 352267
623.699 2036.25 184848
611.875 2048.06 412594
611.875 2036.25 332947
600.051 2048.06 258427
600.051 2036.25 4847
588.228 2048.06 405336
588.228 2036.25 193012
576.404 2048.06 177071
576.404 2036.25 240212
564.581 2048.06 431965
564.581 2036.25 426537
552.757 2048.06 418704
552.757 2036.25 303800
540.933 2048.06 194067
540.933 2036.25 323454
529.109 2048.06 118247
529.109 2036.25 458838
517.286 2048.06 118387
517.286 2036.25 113499
641.434 2042.16 156257
641.434 2030.35 166065
629.611 2042.16 252409
629.611 2030.35 209781
617.787 2042.16 25825
617.787 2030.35 442522
605.963 2042.16 14310
605.963 2030.35 363611
594.14 2042.16 477709
594.14 2030.35 14081
582.316 2042.16 184963
582.316 2030.35 297183
570.492 2042.16 157273
570.492 2030.35 284841
558.669 2042.16 156604
558.669 2030.35 469932
546.845 2042.16 122951
546.845 2030.35 128378
535.022 2042.16 24545
535.022 2030.35 472442
523.198 2042.16 340518
523.198 2030.35 419302
511.374 2042.16 451188
511.374 2030.35 151755
1628.71 170.262 221833
1628.71 158.452 214539
1616.89 170.262 145331
1616.89 158.452 46008
1605.06 170.262 361527
1605.06 158.452 133633
1593.24 170.262 166195
1593.24 158.452 452428
1581.41 170.262 385628
1581.41 158.452 161840
1569.59 170.262 311529
1569.59 158.452 432514
1557.77 170.262 13516
1557.77 158.452 13552
1545.94 170.262 212223
1545.94 158.452 113432
1534.12 170.262 252048
1534.12 158.452 46400
1522.3 170.262 440692
1522.3 158.452 275279
1510.47 170.262 201786
1510.47 158.452 332722
1498.65 170.262 340588
1498.65 158.452 476431
1622.8 164.357 473659
1622.8 152.547 429882
1610.97 164.357 365914
1610.97 152.547 47259
1599.15 164.357 186258
1599.15 152.547 402316
1587.33 164.357 427540
1587.33 152.547 299013
1575.5 164.357 282341
1575.5 152.547 169596
1563.68 164.357 352861
1563.68 152.547 323716
1551.85 164.357 110177
1551.85 152.547 214953
1540.03 164.357 140389
1540.03 152.547 381182
1528.21 164.357 149525
1528.21 152.547 248301
1516.38 164.357 348102
1516.38 152.547 321952
1504.56 164.357 82694
1504.56 152.547 297327
1492.74 164.357 188145
1492.74 152.547 32404
647.346 170.262 462420
647.346 158.452 426516
635.522 170.262 215504
635.522 158.452 460407
623.699 170.262 231604
623.699 158.452 124238
611.875 170.262 401586
611.875 158.452 226111
600.051 170.262 151799
600.051 158.452 295218
588.228 170.262 289468
588.228 158.452 94687
576.404 170.262 89210
576.404 158.452 335495
564.581 170.262 232930
564.581 158.452 369724
552.757 170.262 79832
552.757 158.452 477277
540.933 170.262 50568
540.933 158.452 132670
529.109 170.262 166210
529.109 158.452 114344
517.286 170.262 313067
517.286 158.452 67694
641.434 164.357 419795
641.434 152.547 434969
629.611 164.357 380237
629.611 152.547 53933
617.787 164.357 409796
617.787 152.547 466502
605.963 164.357 75253
605.963 152.547 258358
594.14 164.357 141467
594.14 152.547 200070
582.316 164.357 190040
582.316 152.547 418075
570.492 164.357 376169
570.492 152.547 397916
558.669 164.357 154176
558.669 152.547 345685
546.845 164.357 342887
546.845 152.547 182227
535.022 164.357 153313
535.022 152.547 205992
523.198 164.357 197078
523.198 152.547 157476
511.374 164.357 283073
511.374 152.547 149952
1888.83 2048.06 342177
1877.01 2048.06 355448
1853.36 2048.06 453294
1841.54 2048.06 457223
1829.71 2048.06 159394
1782.42 2048.06 144179
1746.95 2048.06 284836
1723.3 2048.06 367607
1711.47 2048.06 318432
1676.0 2048.06 190506
1652.36 2048.06 336700
907.466 2048.06 336259
895.642 2048.06 84841
871.994 2048.06 133241
860.171 2048.06 300589
848.347 2048.06 476978
801.053 2048.06 203108
765.581 2048.06 64171
741.934 2048.06 265291
730.111 2048.06 201939
694.64 2048.06 226771
670.992 2048.06 448038
1871.09 2042.16 158016
1800.15 2042.16 297341
1776.51 2042.16 15956
1752.86 2042.16 148371
889.73 2042.16 341329
818.788 2042.16 414407
795.141 2042.16 236099
771.494 2042.16 193749
1877.01 2036.25 432895
1853.36 2036.25 120338
1841.54 2036.25 33036
1746.95 2036.25 285933
1723.3 2036.25 237755
1699.65 2036.25 427227
895.642 2036.25 367862
871.994 2036.25 263751
860.171 2036.25 485001
765.581 2036.25 295525
741.934 2036.25 422514
718.287 2036.25 431180
1894.74 2030.35 445319
1871.09 2030.35 65782
1859.27 2030.35 23967
1823.8 2030.35 25552
1811.98 2030.35 474508
1800.15 2030.35 291572
1776.51 2030.35 154334
1764.68 2030.35 459753
1752.86 2030.35 127824
913.377 2030.35 294994
889.73 2030.35 21278
877.906 2030.35 62508
842.435 2030.35 176807
830.612 2030.35 325683
818.788 2030.35 373034
795.141 2030.35 322959
783.317 2030.35 126023
771.494 2030.35 36635
1888.83 170.261 256385
1877.01 170.261 383275
1853.36 170.261 255692
1841.54 170.261 219882
1829.71 170.261 133902
1782.42 170.261 99370
1746.95 170.261 60308
1723.3 170.261 436090
1711.47 170.261 472070
1676.0 170.261 445440
1652.36 170.261 419840
907.466 170.261 466185
895.642 170.261 375003
871.994 170.261 131222
860.171 170.261 115497
848.347 170.261 469201
801.053 170.261 453699
765.581 170.261 125198
741.934 170.261 257921
730.111 170.261 92697
694.64 170.261 448584
670.992 170.261 18275
1871.09 164.357 364952
1800.15 164.357 76572
1776.51 164.357 476572
1752.86 164.357 193177
889.73 164.357 460566
818.788 164.357 24116
795.141 164.357 277634
771.494 164.357 460377
1877.01 158.451 316869
1853.36 158.451 332067
1841.54 158.451 17095
1746.95 158.451 19315
1723.3 158.451 231795
1699.65 158.451 428635
895.642 158.451 400761
871.994 158.451 51400
860.171 158.451 34768
765.581 158.451 383037
741.934 158.451 39824
718.287 158.451 274800
1894.74 152.546 221373
1871.09 152.546 444411
1859.27 152.546 294937
1823.8 152.546 243650
1811.98 152.546 245632
1800.15 152.546 272485
1776.51 152.546 431676
1764.68 152.546 340185
1752.86 152.546 141532
913.377 152.546 352355
889.73 152.546 278461
877.906 152.546 277397
842.435 152.546 144626
830.612 152.546 180560
818.788 152.546 315564
795.141 152.546 146107
783.317 152.546 415393
771.494 152.546 177627
