# C:\Users\gielpa\PycharmProjects\Genetic-Algorithm\data-bak\fnl4461.tsp\data
5639.0 6909.0 4594298
5652.0 6142.0 656467
5654.0 6101.0 6109025
5659.0 6910.0 6107253
5659.0 6920.0 11141402
5661.0 6182.0 6238446
5663.0 6830.0 11085937
5669.0 6213.0 11039383
5670.0 6425.0 6476181
5671.0 6870.0 9092652
5673.0 6132.0 2250068
5682.0 6840.0 10128108
5690.0 6891.0 10395777
5694.0 6801.0 7369800
5698.0 6265.0 506406
5698.0 6952.0 8572874
5701.0 6184.0 3107121
5701.0 6407.0 2188435
5712.0 6154.0 10288321
5716.0 6296.0 9331784
5720.0 6438.0 917972
5722.0 6397.0 719135
5722.0 6873.0 1965654
5730.0 6458.0 4929127
5731.0 6893.0 10750521
5736.0 6317.0 1534093
5737.0 6064.0 6220911
5738.0 6034.0 10955151
5738.0 6267.0 8534897
5740.0 5984.0 4877216
5741.0 6206.0 2826037
5741.0 6418.0 6460540
5744.0 6368.0 7285248
5744.0 6823.0 3331289
5746.0 6783.0 6884816
5748.0 6490.0 7615019
5748.0 6965.0 5319536
5749.0 6944.0 11760357
5750.0 6227.0 3312900
5756.0 6308.0 2012451
5758.0 6733.0 4049804
5761.0 6440.0 794954
5762.0 6187.0 7154300
5763.0 6389.0 5004431
5774.0 6127.0 2134046
5776.0 6319.0 9235190
5776.0 6774.0 6573922
5777.0 6289.0 6690142
5779.0 6026.0 810477
5780.0 6916.0 5118599
5783.0 6168.0 5389757
5784.0 6137.0 3613788
5788.0 6744.0 2329335
5789.0 6249.0 3953138
5790.0 5996.0 8127151
5797.0 6077.0 10479291
5799.0 6482.0 8557018
5799.0 6957.0 2833061
5800.0 6472.0 5939282
5802.0 6411.0 8695654
5804.0 6836.0 5503657
5805.0 6350.0 1178588
5806.0 6563.0 10413586
5808.0 6047.0 7600989
5810.0 6229.0 476832
5813.0 6159.0 4315418
5817.0 6311.0 6971764
5818.0 6988.0 10880637
5820.0 6472.0 1067244
5822.0 6200.0 3786472
5822.0 6432.0 7189516
5822.0 6877.0 7408538
5825.0 6594.0 1663101
5827.0 6089.0 10736225
5829.0 6726.0 11710103
5833.0 6392.0 275381
5833.0 6635.0 8845273
5838.0 6281.0 1564581
5840.0 6948.0 728332
5841.0 6686.0 11030332
5842.0 6665.0 6956205
5844.0 6160.0 10259286
5846.0 6807.0 2298463
5847.0 6544.0 10287308
5847.0 6999.0 6842171
5848.0 6049.0 11509176
5850.0 6251.0 8311301
5851.0 6919.0 11188435
5853.0 6413.0 4472242
5855.0 6120.0 4388539
5859.0 6272.0 7298896
5860.0 6009.0 6800287
5860.0 6484.0 9773391
5861.0 6687.0 5278698
5863.0 6869.0 8334180
5864.0 6616.0 9279590
5867.0 6090.0 2325889
5867.0 7010.0 9357587
5872.0 6909.0 831620
5873.0 6171.0 11616550
5874.0 6151.0 8340198
5876.0 6333.0 7912682
5878.0 6768.0 2853214
5879.0 6738.0 7209768
5879.0 6970.0 3545083
5884.0 6394.0 2329074
5890.0 6253.0 10133973
5890.0 6718.0 5206907
5891.0 6000.0 4256870
5892.0 6668.0 7596825
5893.0 6880.0 9531706
5895.0 6840.0 7024042
5896.0 6122.0 8474811
5897.0 6324.0 2259217
5898.0 6304.0 2501861
5900.0 6496.0 1452070
5902.0 5971.0 8726905
5902.0 6911.0 11721453
5905.0 6365.0 11276571
5905.0 6618.0 7603246
5906.0 7042.0 5108808
5908.0 6759.0 1924730
5908.0 7002.0 6033915
5909.0 6042.0 8945655
5910.0 6264.0 9961513
5911.0 6941.0 7800807
5912.0 6456.0 18044
5913.0 6891.0 5216359
5914.0 6163.0 850857
5917.0 6568.0 10268386
5920.0 6022.0 7329544
5928.0 6083.0 3257419
5932.0 6225.0 2232598
5939.0 6983.0 3507120
5940.0 6275.0 7373037
5940.0 6953.0 9727627
5941.0 6245.0 1029155
5944.0 6185.0 6180419
5945.0 5922.0 6000134
5945.0 6144.0 7579130
5946.0 6367.0 303091
5947.0 7034.0 87285
5949.0 6296.0 7194684
5949.0 6529.0 628908
5953.0 6195.0 770828
5956.0 6832.0 6370551
5957.0 6114.0 11730756
5959.0 6064.0 11262151
5961.0 6479.0 8658313
5961.0 6944.0 8764455
5962.0 6923.0 11290465
5963.0 6438.0 3222350
5963.0 6671.0 4513107
5964.0 6418.0 2484757
5964.0 6651.0 10024910
5965.0 7095.0 7389221
5966.0 6610.0 3234611
5968.0 7025.0 5042460
5973.0 6894.0 2676617
5975.0 6388.0 11350523
5975.0 6398.0 11026133
5977.0 5873.0 8223581
5977.0 6803.0 2351248
5978.0 6783.0 6311304
5980.0 6742.0 1526494
5981.0 6712.0 9752685
5981.0 6945.0 753423
5982.0 6004.0 708290
5984.0 5964.0 8982068
5984.0 7117.0 1505141
5986.0 6844.0 2975038
5986.0 7076.0 2231363
5989.0 5833.0 9906159
5990.0 6975.0 3479720
5991.0 6247.0 9432019
5997.0 5884.0 7475205
5997.0 7036.0 10555546
5998.0 6096.0 469698
6004.0 5965.0 5017984
6009.0 6996.0 7828494
6010.0 6289.0 9090252
6011.0 6723.0 2932234
6012.0 6926.0 11326124
6015.0 6178.0 7783152
6016.0 6147.0 6862929
6017.0 6360.0 3193843
6019.0 5854.0 3825291
6019.0 6552.0 11821753
6019.0 7007.0 7560084
6020.0 6977.0 1463592
6023.0 6906.0 6399400
6024.0 6663.0 1286055
6025.0 5935.0 9900115
6026.0 6603.0 152635
6028.0 6107.0 8107887
6029.0 6785.0 2718164
6031.0 6047.0 4536986
6031.0 6259.0 9470705
6033.0 6229.0 8350856
6034.0 6209.0 10418649
6035.0 6168.0 5189536
6036.0 7078.0 1118245
6041.0 5805.0 377874
6041.0 6502.0 4670531
6041.0 6735.0 9258419
6042.0 6017.0 8327847
6042.0 6472.0 11082227
6045.0 6179.0 3726896
6046.0 5916.0 8464566
6046.0 6856.0 8829310
6052.0 6938.0 2282595
6054.0 6200.0 1610108
6055.0 6422.0 3832994
6058.0 6351.0 8303896
6060.0 6058.0 2564026
6060.0 6523.0 5068604
6062.0 6483.0 7507275
6063.0 6453.0 5482280
6065.0 5957.0 5539726
6065.0 6645.0 118653
6068.0 6817.0 2969570
6070.0 6999.0 5734774
6071.0 6736.0 6071408
6074.0 6666.0 4761821
6076.0 6403.0 6095599
6076.0 6615.0 8688451
6076.0 7090.0 5840582
6077.0 6372.0 6289074
6077.0 9153.0 4646115
6078.0 5887.0 3942114
6078.0 6110.0 8711648
6080.0 5847.0 4471151
6081.0 5817.0 8859703
6081.0 6969.0 6925306
6082.0 5796.0 3880027
6085.0 6423.0 617641
6086.0 6868.0 2254456
6087.0 6150.0 2797393
6088.0 6130.0 1419148
6089.0 6322.0 8182475
6090.0 6777.0 8453830
6093.0 6474.0 28906
6094.0 5989.0 6448465
6097.0 7071.0 11705457
6098.0 6808.0 9805210
6102.0 6950.0 1726119
6105.0 6424.0 6773324
6106.0 6394.0 3761804
6106.0 7102.0 2757075
6108.0 5899.0 10347788
6109.0 6091.0 10467583
6110.0 7011.0 10260871
6111.0 6050.0 5040822
6111.0 6293.0 7282634
6114.0 5767.0 5924506
6114.0 5990.0 1995452
6115.0 6667.0 9942027
6116.0 6637.0 4694271
6116.0 9195.0 5492299
6117.0 6607.0 10348875
6118.0 9144.0 4223323
6120.0 5859.0 1052736
6120.0 6536.0 6247437
6121.0 6759.0 1729750
6122.0 6506.0 7539687
6123.0 6253.0 11403152
6123.0 6708.0 1342902
6124.0 7608.0 5840032
6126.0 5940.0 3289938
6126.0 6172.0 7108227
6127.0 6850.0 719088
6128.0 7527.0 9913699
6131.0 6991.0 3012943
6133.0 6951.0 8203114
6134.0 5758.0 3737518
6135.0 6901.0 10483647
6135.0 9206.0 8773404
6136.0 7103.0 4129572
6139.0 6335.0 4459906
6141.0 6072.0 4848932
6141.0 6304.0 7834831
6141.0 9064.0 5928084
6142.0 6042.0 5432176
6142.0 7659.0 8729701
6143.0 6476.0 1772146
6143.0 7639.0 267121
6145.0 9671.0 396364
6146.0 5708.0 4058006
6146.0 7579.0 3937005
6147.0 5931.0 3197058
6147.0 6628.0 4247252
6147.0 7073.0 3717461
6148.0 6841.0 10366812
6149.0 7498.0 1045160
6150.0 6325.0 2439832
6150.0 6548.0 11333912
6151.0 5840.0 171904
6153.0 5800.0 4145496
6154.0 6689.0 3564800
6154.0 7144.0 10585613
6155.0 5982.0 8786169
6156.0 7346.0 4628166
6158.0 5901.0 4992859
6158.0 9601.0 9768086
6159.0 5648.0 2394559
6159.0 6113.0 1164639
6160.0 6791.0 7604679
6161.0 6295.0 4214223
6161.0 7468.0 6369495
6162.0 6508.0 9838677
6164.0 6457.0 7250879
6166.0 6892.0 3410581
6166.0 7114.0 11773429
6167.0 7327.0 9590646
6169.0 7034.0 11341046
6172.0 6053.0 753025
6172.0 6973.0 8307055
6173.0 9258.0 1547800
6174.0 6458.0 7684578
6174.0 7165.0 185753
6176.0 5730.0 7030033
6176.0 5962.0 6967449
6176.0 7580.0 416840
6176.0 9662.0 6767455
6177.0 6862.0 1547058
6177.0 7550.0 3371972
6177.0 9167.0 6779337
6180.0 6802.0 9204725
6181.0 5841.0 2962227
6181.0 7459.0 3697830
6182.0 6519.0 993095
6182.0 6751.0 2218314
6183.0 9046.0 1391834
6184.0 5781.0 9800507
6185.0 6903.0 9288889
6185.0 8520.0 4617639
6186.0 6428.0 1131517
6187.0 6397.0 1497748
6189.0 6590.0 5395027
6189.0 7277.0 10565165
6190.0 5862.0 2226409
6190.0 6327.0 1181396
6190.0 6559.0 2020321
6190.0 9562.0 5800602
6191.0 7237.0 51515
6193.0 6964.0 5732292
6193.0 7661.0 8103240
6196.0 6651.0 6800302
6196.0 9198.0 1563705
6199.0 5670.0 11499637
6199.0 7055.0 2336653
6200.0 7500.0 2911827
6201.0 6782.0 3927431
6201.0 9320.0 6357231
6202.0 7450.0 9072500
6204.0 6247.0 2279093
6204.0 7409.0 7683619
6204.0 9724.0 2693302
6206.0 9674.0 9495413
6207.0 6166.0 6400656
6208.0 6853.0 9294205
6209.0 8441.0 2340470
6209.0 9361.0 8090849
6210.0 5863.0 45963
6210.0 9108.0 51769
6211.0 7005.0 10816786
6212.0 6297.0 5726963
6213.0 5802.0 1026253
6213.0 6955.0 1802410
6215.0 5984.0 7468469
6215.0 6692.0 9414961
6215.0 7602.0 4875088
6217.0 5701.0 1079580
6217.0 5944.0 6770946
6217.0 7329.0 9295766
6217.0 7571.0 1515237
6218.0 6621.0 4992776
6218.0 7531.0 5659332
6219.0 5903.0 3551786
6219.0 9604.0 9254491
6223.0 6490.0 1390450
6224.0 7643.0 7181624
6225.0 8532.0 4924452
6225.0 9230.0 8675598
6227.0 7107.0 7089496
6228.0 9159.0 6101419
6232.0 9068.0 1554267
6233.0 5803.0 9409751
6233.0 7431.0 10358369
6234.0 5793.0 6337430
6234.0 6723.0 6287619
6234.0 6935.0 5911578
6235.0 6460.0 7273732
6236.0 6430.0 9482901
6236.0 7138.0 4177433
6238.0 6390.0 11620848
6239.0 6834.0 1088627
6239.0 7057.0 5445838
6239.0 7522.0 6468011
6240.0 9807.0 9904020
6241.0 5854.0 1701023
6241.0 6774.0 8116657
6241.0 9089.0 161298
6245.0 6218.0 5926635
6245.0 8553.0 5273163
6245.0 8998.0 8568949
6246.0 7360.0 10981562
6247.0 9190.0 232093
6248.0 8483.0 9607582
6249.0 5672.0 1410177
6249.0 6137.0 4148850
6249.0 6380.0 8355194
6250.0 6582.0 7489571
6250.0 9362.0 5431779
6250.0 9595.0 10834762
6251.0 6552.0 8608187
6251.0 7017.0 9749642
6252.0 8392.0 1199342
6253.0 6047.0 5575964
6253.0 6279.0 1718972
6254.0 6249.0 11593560
6256.0 5966.0 9202744
6256.0 6663.0 1731842
6256.0 9686.0 2980260
6257.0 6411.0 10162541
6258.0 6623.0 2279020
6258.0 7563.0 11800793
6259.0 5915.0 8882020
6259.0 8463.0 5993251
6262.0 6997.0 6559220
6262.0 9535.0 963282
6262.0 9545.0 5917032
6263.0 6057.0 3803190
6263.0 9050.0 1958346
6266.0 6219.0 8897760
6266.0 7604.0 7254884
6267.0 5946.0 3478942
6269.0 9838.0 6379779
6270.0 7038.0 8552797
6270.0 7513.0 7596408
6270.0 9596.0 9166181
6272.0 5835.0 7396393
6272.0 9768.0 9116661
6273.0 8363.0 2276731
6273.0 9293.0 139226
6274.0 6715.0 3088546
6275.0 5997.0 8157741
6276.0 6907.0 7477109
6277.0 6199.0 5868419
6277.0 7119.0 3356989
6277.0 7342.0 9696455
6277.0 8979.0 1360365
6277.0 9424.0 666962
6278.0 5694.0 2479322
6278.0 9182.0 1152952
6280.0 6584.0 8215768
6280.0 7271.0 3398133
6280.0 9141.0 9560535
6281.0 6341.0 6644446
6282.0 7463.0 157787
6282.0 8393.0 10691143
6283.0 7433.0 10090891
6283.0 9061.0 2542432
6285.0 8565.0 3559365
6285.0 9010.0 4210680
6285.0 9253.0 49003
6286.0 6675.0 622393
6287.0 8515.0 7597969
6287.0 9667.0 9666643
6288.0 6169.0 5735754
6288.0 7099.0 4529178
6289.0 5684.0 2132685
6289.0 6382.0 2090654
6289.0 8464.0 6531978
6291.0 6786.0 5584687
6292.0 6089.0 6847701
6292.0 6999.0 6349413
6293.0 7666.0 9604182
6294.0 6038.0 5524263
6295.0 6483.0 8292792
6295.0 8323.0 1624940
6295.0 9476.0 119462
6296.0 7605.0 4467675
6298.0 9415.0 7808152
6299.0 6150.0 2102846
6299.0 7535.0 10532071
6300.0 5887.0 8977877
6300.0 6817.0 5570445
6302.0 6534.0 7825598
6302.0 7242.0 10444338
6306.0 6443.0 7569312
6306.0 8991.0 7963937
6311.0 7040.0 5359251
6312.0 9325.0 3601616
6313.0 6757.0 2218793
6313.0 9527.0 9738482
6314.0 9284.0 2685308
6315.0 8567.0 1041082
6317.0 5968.0 6499686
6317.0 6191.0 8298857
6317.0 6888.0 7702396
6317.0 7353.0 1427879
6317.0 9436.0 8676383
6318.0 7556.0 4640427
6318.0 8263.0 6081945
6319.0 6383.0 2306368
6320.0 5898.0 3705839
6320.0 6595.0 4780245
6320.0 8445.0 3280753
6320.0 9143.0 11787432
6320.0 9841.0 413037
6321.0 6333.0 3836684
6322.0 7485.0 2676798
6322.0 9093.0 9035422
6323.0 6757.0 5996026
6323.0 6980.0 5487558
6323.0 8152.0 5640098
6324.0 6262.0 1483828
6324.0 8587.0 739062
6325.0 6717.0 2499486
6326.0 6222.0 5350406
6326.0 7607.0 2864603
6327.0 8294.0 137365
6328.0 7334.0 1399327
6329.0 6626.0 9537779
6329.0 7091.0 11803628
6331.0 6576.0 8734413
6331.0 9346.0 5054672
6332.0 7010.0 10837791
6332.0 9801.0 2429108
6333.0 9770.0 1889241
6334.0 8133.0 2776047
6334.0 8355.0 1408158
6335.0 9497.0 7213664
6338.0 5949.0 11550877
6338.0 6404.0 4179757
6339.0 5919.0 7921787
6339.0 6151.0 5874319
6339.0 9872.0 432648
6340.0 7536.0 6633832
6340.0 9619.0 9470592
6341.0 9589.0 10952499
6342.0 5868.0 4758358
6342.0 6556.0 1966738
6342.0 6778.0 7197666
6343.0 8143.0 7542586
6344.0 7193.0 11098766
6344.0 7668.0 2624270
6346.0 5990.0 1479985
6346.0 9478.0 9460156
6348.0 6415.0 7936377
6349.0 8952.0 11783293
6350.0 7072.0 1952465
6351.0 6819.0 6449363
6352.0 6324.0 11384719
6352.0 8416.0 6239558
6353.0 5829.0 1171209
6353.0 8609.0 8045146
6353.0 9316.0 1079779
6354.0 6041.0 3735911
6355.0 6961.0 10016986
6356.0 6688.0 4577829
6356.0 7386.0 4262221
6357.0 7143.0 6703633
6357.0 7375.0 656222
6357.0 7608.0 10975279
6357.0 8518.0 2895944
6357.0 8528.0 3924687
6358.0 8265.0 9668104
6358.0 9205.0 5967970
6359.0 8023.0 437445
6359.0 9165.0 7552223
6360.0 5900.0 8877207
6360.0 8922.0 6955031
6361.0 9357.0 1761869
6362.0 7264.0 109035
6362.0 8184.0 5695956
6362.0 9114.0 11234419
6364.0 7669.0 10729854
6365.0 6254.0 4887996
6367.0 8983.0 168093
6367.0 9216.0 8463240
6368.0 6891.0 9677748
6368.0 9438.0 3896293
6369.0 6628.0 8565943
6370.0 6365.0 11165301
6370.0 7063.0 9105338
6370.0 7770.0 10780748
6371.0 8427.0 3002893
6373.0 7235.0 3989282
6373.0 7467.0 944204
6373.0 9075.0 9518123
6375.0 9044.0 7237146
6376.0 8327.0 2222883
6376.0 9712.0 4279546
6377.0 6921.0 5078260
6377.0 7376.0 6052438
6378.0 6183.0 4231678
6380.0 6153.0 6517386
6380.0 7993.0 11028351
6380.0 8458.0 1243102
6380.0 9398.0 66974
6380.0 9621.0 9405398
6381.0 5900.0 9192838
6381.0 6345.0 7447905
6381.0 6598.0 11163294
6382.0 7720.0 2228671
6382.0 7963.0 4167394
6383.0 7013.0 9610318
6384.0 9540.0 436182
6385.0 8115.0 83304
6386.0 7852.0 78136
6389.0 8944.0 9427078
6392.0 6093.0 964884
6392.0 6113.0 8036332
6392.0 6326.0 7633792
6392.0 6791.0 7164290
6393.0 5850.0 1309027
6393.0 9328.0 7774000
6393.0 9793.0 5417662
6395.0 6275.0 7514122
6395.0 7650.0 9297277
6395.0 9055.0 2144823
6396.0 8338.0 4442101
6396.0 8570.0 6051438
6396.0 9480.0 4697610
6397.0 6912.0 11026626
6397.0 8540.0 2933546
6398.0 7124.0 4868146
6399.0 8479.0 2737352
6399.0 9652.0 7741780
6400.0 6609.0 8390090
6400.0 9167.0 9648657
6401.0 7276.0 5146029
6401.0 9834.0 5163500
6402.0 6569.0 10388644
6402.0 9126.0 4360807
6404.0 6053.0 1504830
6404.0 6993.0 5966480
6404.0 7913.0 2828119
6406.0 6478.0 8770487
6406.0 6720.0 5827533
6407.0 6225.0 3301708
6407.0 7620.0 10017345
6407.0 8065.0 3575301
6407.0 9005.0 8541360
6408.0 5972.0 2170652
6408.0 7357.0 11286513
6408.0 7833.0 1975707
6408.0 8288.0 3439327
6409.0 7095.0 4847424
6410.0 7772.0 4564856
6411.0 6822.0 5349511
6411.0 7519.0 4372989
6412.0 8429.0 1697259
6414.0 6751.0 10793493
6414.0 7226.0 10526223
6415.0 5811.0 5018581
6415.0 7196.0 4864946
6415.0 7418.0 4649114
6416.0 8096.0 5318411
6416.0 9491.0 8213413
6418.0 8510.0 11503966
6419.0 6175.0 1446843
6420.0 9855.0 5378483
6423.0 7712.0 1454019
6424.0 6307.0 5405726
6424.0 8389.0 4343212
6425.0 7894.0 9992542
6426.0 9714.0 6194926
6427.0 6236.0 5724568
6427.0 9229.0 5895719
6429.0 7803.0 9066143
6431.0 6135.0 794411
6431.0 9370.0 4415723
6431.0 9613.0 641288
6432.0 5882.0 4339557
6432.0 6802.0 10403092
6433.0 6095.0 7892906
6433.0 7025.0 10595531
6434.0 9320.0 9601030
6437.0 7146.0 761640
6438.0 6914.0 3351935
6438.0 7369.0 9943382
6438.0 8066.0 10758578
6438.0 9674.0 9198052
6439.0 5954.0 3110389
6439.0 6419.0 11414682
6439.0 8279.0 11625644
6439.0 8966.0 6942496
6440.0 8006.0 2490031
6441.0 6368.0 11706850
6441.0 6611.0 2322882
6441.0 9846.0 8606603
6442.0 7743.0 9171765
6442.0 7966.0 7362990
6442.0 8208.0 8208143
6442.0 9128.0 6150114
6443.0 5863.0 11555214
6443.0 8168.0 7616730
6443.0 9108.0 3661570
6446.0 8582.0 5421151
6447.0 6004.0 5722261
6448.0 7127.0 4811094
6448.0 8532.0 5999441
6448.0 8997.0 11124695
6450.0 7561.0 827423
6450.0 8239.0 11656995
6450.0 9401.0 6486852
6452.0 6813.0 6341572
6453.0 7026.0 7953414
6453.0 7491.0 11228852
6454.0 6308.0 11756393
6454.0 8623.0 10265667
6455.0 6520.0 3031496
6456.0 6035.0 9369026
6456.0 6268.0 5096858
6456.0 8340.0 6618799
6457.0 6692.0 2454835
6457.0 7855.0 2582200
6457.0 8553.0 7504344
6458.0 6450.0 7036125
6458.0 7612.0 2685711
6459.0 6885.0 5456576
6459.0 8280.0 10207992
6460.0 5924.0 6456295
6460.0 7329.0 7821064
6461.0 7067.0 3023217
6464.0 9321.0 3446449
6465.0 5823.0 2442939
6465.0 6986.0 10597893
6466.0 6733.0 9083689
6466.0 7188.0 475151
6466.0 9513.0 2543349
6467.0 6470.0 1036713
6469.0 8502.0 757509
6470.0 6622.0 4642362
6471.0 6137.0 5311213
6471.0 6835.0 8402218
6472.0 7744.0 7173179
6472.0 9605.0 4795554
6473.0 6562.0 3930573
6475.0 9534.0 7821259
6477.0 6936.0 3033734
6477.0 7168.0 9560227
6477.0 7401.0 6403401
6477.0 8088.0 10498425
6479.0 6188.0 10009813
6479.0 7118.0 5415120
6479.0 7826.0 3926996
6480.0 7330.0 717888
6481.0 6855.0 6245136
6481.0 8240.0 3754276
6482.0 8432.0 8229741
6482.0 8897.0 4866015
6483.0 8190.0 6029414
6484.0 5844.0 3266986
6484.0 6309.0 1783513
6484.0 7229.0 7555455
6484.0 7694.0 7382895
6485.0 6512.0 1062231
6485.0 9302.0 8150870
6486.0 8119.0 3143392
6488.0 6906.0 4148272
6488.0 7614.0 3839796
6488.0 8999.0 11007204
6488.0 9241.0 7666035
6488.0 9454.0 10554404
6491.0 6380.0 325946
6492.0 7513.0 8238952
6493.0 6108.0 9722398
6493.0 9575.0 5038295
6494.0 9788.0 10981231
6496.0 6037.0 7399437
6496.0 6047.0 1431292
6496.0 8585.0 3369488
6497.0 6472.0 9674215
6498.0 6684.0 8577953
6498.0 8544.0 11680193
6499.0 5976.0 117848
6499.0 8514.0 3956455
6500.0 7341.0 5788411
6500.0 7806.0 557711
6500.0 8029.0 773143
6501.0 9394.0 2310164
6503.0 5886.0 3273212
6503.0 9343.0 8049815
6504.0 6775.0 10105249
6506.0 9050.0 9380082
6506.0 9283.0 4381922
6507.0 7645.0 9170666
6507.0 9717.0 10100917
6510.0 6169.0 3246908
6510.0 6422.0 7082876
6510.0 9192.0 9539840
6511.0 5936.0 1392732
6511.0 6846.0 4015404
6511.0 8464.0 5720278
6512.0 6129.0 4011519
6512.0 7069.0 7888412
6513.0 7028.0 11745015
6513.0 8424.0 1865758
6514.0 6088.0 4919080
6514.0 6553.0 1787480
6514.0 7008.0 8791291
6514.0 7948.0 2480755
6514.0 9101.0 5852670
6515.0 6523.0 4741792
6515.0 7453.0 6452526
6516.0 7898.0 11370750
6516.0 8585.0 262568
6517.0 5795.0 8379504
6517.0 8565.0 7782541
6518.0 6928.0 1738306
6518.0 8313.0 587557
6519.0 6442.0 11204620
6519.0 9667.0 1741542
6520.0 5957.0 4327366
6521.0 8929.0 11381795
6522.0 7757.0 2986691
6523.0 6109.0 443990
6525.0 6291.0 253856
6525.0 7686.0 6385598
6526.0 9526.0 11606464
6527.0 6716.0 3014794
6527.0 7181.0 6054203
6528.0 5998.0 8292616
6528.0 6240.0 10972855
6528.0 7626.0 9907442
6528.0 7848.0 6538560
6529.0 5735.0 4627008
6529.0 5755.0 10724792
6529.0 6898.0 4228563
6529.0 8980.0 5819246
6530.0 7575.0 1247608
6530.0 9648.0 6753813
6531.0 9860.0 8960527
6532.0 5907.0 1246704
6532.0 6827.0 3200432
6532.0 8212.0 3267541
6533.0 9132.0 5865890
6533.0 9597.0 2291348
6535.0 6989.0 5385099
6535.0 8384.0 4947441
6536.0 5806.0 5259902
6538.0 8091.0 11489956
6540.0 6656.0 4581685
6540.0 7808.0 3670603
6541.0 6393.0 2661187
6541.0 7090.0 6005776
6541.0 7323.0 9302707
6542.0 6605.0 4280219
6543.0 6352.0 5273583
6544.0 7485.0 1788245
6545.0 9557.0 8278706
6546.0 8142.0 4655071
6546.0 9759.0 2212452
6548.0 6009.0 7977945
6548.0 9244.0 2057126
6549.0 5979.0 10060308
6550.0 8051.0 2000318
6551.0 5928.0 7334715
6551.0 9173.0 2757525
6552.0 8456.0 6391924
6553.0 6575.0 9311469
6553.0 7980.0 9654377
6554.0 8173.0 311554
6554.0 8880.0 1731437
6555.0 5847.0 4106232
6555.0 6070.0 4962631
6555.0 9325.0 8456425
6556.0 9052.0 6890571
6558.0 6464.0 2761270
6559.0 5757.0 3291908
6559.0 6687.0 11760003
6559.0 6899.0 8765827
6560.0 6191.0 8372448
6561.0 9871.0 9326593
6561.0 9881.0 7343797
6562.0 7758.0 9460052
6563.0 6808.0 11734953
6565.0 7465.0 3998638
6565.0 7708.0 3386743
6565.0 8395.0 8944010
6565.0 8618.0 8386144
6566.0 6525.0 9186076
6566.0 6748.0 8785845
6566.0 6980.0 224095
6566.0 9528.0 5447219
6567.0 6252.0 2795645
6567.0 8578.0 10834106
6567.0 8820.0 11773339
6568.0 6930.0 1787100
6568.0 8315.0 8242224
6569.0 7152.0 9346140
6569.0 9457.0 4563790
6570.0 6434.0 5617470
6572.0 7082.0 9594274
6572.0 7314.0 11628496
6572.0 8012.0 6491502
6573.0 5889.0 8358299
6573.0 7041.0 10090241
6573.0 7516.0 3214783
6573.0 9134.0 10910061
6573.0 9609.0 10938829
6574.0 7253.0 6947007
6574.0 9569.0 7608159
6575.0 9316.0 9517935
6576.0 7921.0 3538788
6577.0 6960.0 5949252
6577.0 7203.0 9987478
6577.0 7880.0 1966655
6578.0 6020.0 7127846
6578.0 7638.0 3861538
6578.0 9255.0 1993183
6579.0 6212.0 9647300
6580.0 7345.0 6251246
6580.0 8285.0 8133296
6581.0 5950.0 6295835
6581.0 7790.0 8982651
6581.0 9640.0 9042832
6582.0 6162.0 7981649
6583.0 6354.0 1205626
6583.0 9144.0 5366773
6583.0 9842.0 1601952
6584.0 6566.0 7611281
6584.0 8417.0 8463524
6585.0 7001.0 6098348
6587.0 6728.0 6131235
6587.0 8589.0 1286111
6588.0 7396.0 5206636
6589.0 5758.0 4820704
6589.0 9003.0 3073432
6590.0 7578.0 5389382
6590.0 7820.0 3615197
6590.0 9205.0 8121379
6591.0 6405.0 11536734
6591.0 6880.0 2176342
6591.0 8023.0 7991216
6596.0 6304.0 8939840
6596.0 8619.0 3589857
6596.0 8832.0 9072583
6596.0 9297.0 311990
6597.0 5809.0 3867825
6597.0 7659.0 5969800
6597.0 9752.0 4499329
6599.0 6456.0 6473512
6599.0 6678.0 3100270
6599.0 7851.0 8584765
6599.0 9701.0 3719322
6600.0 6436.0 2533935
6600.0 6901.0 761556
6600.0 8518.0 5416758
6601.0 6638.0 9616991
6602.0 6153.0 63305
6602.0 7093.0 9425936
6602.0 8235.0 2360472
6604.0 7740.0 6996994
6605.0 8640.0 1730612
6605.0 8872.0 1575134
6605.0 9792.0 5635089
6606.0 8377.0 4588127
6607.0 6497.0 10040251
6607.0 8134.0 6756598
6608.0 6244.0 9330442
6608.0 7417.0 3414979
6608.0 8104.0 10394753
6609.0 5991.0 164395
6609.0 8317.0 5017681
6611.0 7336.0 4743238
6612.0 7781.0 4453063
6612.0 9621.0 11724640
6613.0 6598.0 9472443
6613.0 7983.0 1939045
6614.0 7730.0 8855457
6615.0 6083.0 11814777
6615.0 6548.0 6447951
6616.0 7458.0 5869072
6616.0 7923.0 9756079
6617.0 6275.0 4539508
6617.0 6730.0 4844018
6617.0 7892.0 3350626
6617.0 9520.0 9225479
6618.0 6012.0 7028761
6619.0 8539.0 1935125
6620.0 6912.0 2309954
6620.0 7144.0 2293836
6620.0 7367.0 8168834
6620.0 7832.0 4859689
6621.0 6881.0 11414832
6621.0 8954.0 11172971
6622.0 6164.0 5135033
6622.0 7549.0 1306835
6622.0 8469.0 4204500
6622.0 9864.0 10260513
6623.0 6841.0 10898966
6623.0 7064.0 511952
6624.0 9369.0 7916773
6625.0 7256.0 10433752
6625.0 8631.0 5562517
6626.0 9075.0 8903816
6626.0 9308.0 9143926
6627.0 9278.0 6047253
6628.0 7873.0 381304
6630.0 6205.0 8018673
6631.0 8277.0 1561370
6631.0 9197.0 1149786
6632.0 9632.0 7602971
6634.0 8429.0 9130760
6635.0 6326.0 7670241
6635.0 9116.0 9016228
6635.0 9571.0 5349292
6636.0 6306.0 4001532
6636.0 8854.0 2589487
6637.0 6043.0 2544447
6637.0 8358.0 7674709
6638.0 6963.0 5784633
6638.0 7408.0 1148913
6638.0 9966.0 4499897
6639.0 9713.0 1841560
6640.0 7600.0 1941310
6640.0 8308.0 8797377
6640.0 8995.0 698857
6642.0 6852.0 5361227
6643.0 7994.0 2766213
6644.0 6124.0 10915682
6644.0 6357.0 2973892
6644.0 6812.0 6565603
6644.0 7044.0 7073333
6645.0 6326.0 9150160
6646.0 6761.0 1370547
6647.0 9531.0 6296566
6649.0 7631.0 5638564
6651.0 6428.0 5122407
6651.0 7125.0 8224831
6653.0 7773.0 1182351
6653.0 8470.0 7323592
6654.0 7510.0 6762209
6654.0 7752.0 10096234
6654.0 8895.0 1568129
6655.0 8652.0 3467760
6657.0 6742.0 1755760
6657.0 7682.0 4745629
6657.0 8612.0 7207865
6659.0 6711.0 2648067
6660.0 9916.0 4921748
6661.0 6651.0 9473161
6661.0 8511.0 11403892
6663.0 6610.0 3464592
6663.0 6843.0 9048071
6663.0 7308.0 462821
6663.0 9633.0 5054669
6664.0 7278.0 7459664
6664.0 8430.0 10932386
6664.0 9370.0 9195851
6665.0 7712.0 7621748
6666.0 9775.0 5442996
6667.0 6995.0 39955
6667.0 8147.0 8569782
6667.0 9997.0 2080871
6668.0 6489.0 8405719
6669.0 6004.0 10963202
6669.0 8562.0 7950921
6669.0 9259.0 3838528
6670.0 6216.0 4045219
6670.0 6459.0 9934378
6670.0 7146.0 5657815
6670.0 9472.0 4787383
6670.0 9684.0 7749019
6671.0 7581.0 3740245
6672.0 8956.0 10716614
6673.0 8238.0 229942
6674.0 7046.0 4850583
6674.0 7521.0 4913431
6674.0 9826.0 2097527
6675.0 6793.0 3854987
6676.0 8623.0 11734275
6677.0 6065.0 5062978
6677.0 7440.0 3557017
6677.0 7905.0 1469639
6678.0 6035.0 6115269
6678.0 6732.0 5999621
6678.0 9058.0 1239855
6680.0 7834.0 4557187
6681.0 6894.0 1547144
6682.0 6176.0 530873
6683.0 9169.0 2390520
6684.0 7299.0 7390858
6685.0 6581.0 52647
6685.0 8886.0 3694520
6688.0 6278.0 3780878
6688.0 8825.0 5644719
6689.0 6005.0 4938221
6689.0 7178.0 3545186
6689.0 9725.0 1814659
6690.0 7845.0 586287
6691.0 7370.0 8512055
6691.0 8512.0 2620571
6691.0 9442.0 2656852
6692.0 7794.0 6290714
6692.0 8967.0 5068812
6693.0 8239.0 4516301
6693.0 8694.0 1987922
6694.0 7511.0 6497658
6695.0 6804.0 7380734
6696.0 8856.0 4680275
6697.0 7916.0 4778348
6700.0 6683.0 11418033
6700.0 8310.0 8035803
6701.0 7593.0 7980345
6704.0 6137.0 5409916
6704.0 7765.0 10993096
6704.0 8442.0 11655793
6704.0 8917.0 1590212
6705.0 6107.0 3832336
6705.0 7047.0 6226982
6706.0 6087.0 10073643
6706.0 10019.0 4178196
6707.0 8624.0 1501907
6708.0 9049.0 11735379
6709.0 7866.0 8264721
6710.0 8543.0 10271504
6711.0 7138.0 6713766
6711.0 9918.0 120652
6712.0 6410.0 6577830
6712.0 7108.0 10728987
6713.0 5935.0 9759052
6713.0 9635.0 4213010
6715.0 6117.0 1568410
6715.0 9595.0 3699743
6716.0 6562.0 5398395
6716.0 7017.0 8654590
6716.0 9342.0 7473351
6717.0 6754.0 6423513
6717.0 8382.0 2366545
6718.0 6037.0 4878962
6718.0 7209.0 1155391
6718.0 8827.0 3351891
6720.0 6229.0 1958672
6720.0 6471.0 1951964
6720.0 7169.0 4775579
6720.0 8786.0 5853917
6720.0 9484.0 5328894
6721.0 8999.0 8014142
6722.0 8736.0 9594819
6723.0 7088.0 7642639
6723.0 9403.0 1592614
6724.0 7078.0 6801406
6725.0 5895.0 4427482
6725.0 6350.0 2972253
6726.0 7948.0 8736524
6727.0 6300.0 8019327
6727.0 7240.0 4959213
6727.0 7685.0 9469765
6727.0 9788.0 2364375
6729.0 7644.0 9076840
6729.0 7887.0 9874761
6730.0 8554.0 3997352
6731.0 6452.0 9556043
6731.0 6906.0 433713
6732.0 5956.0 3903658
6733.0 6158.0 4539124
6733.0 7331.0 5296319
6733.0 9171.0 2950403
6734.0 6138.0 2622853
6734.0 7058.0 6802926
6734.0 9151.0 42789
6734.0 9838.0 758952
6736.0 7261.0 6025749
6737.0 6543.0 2722754
6737.0 7473.0 3421534
6738.0 6058.0 1414459
6738.0 6967.0 3943715
6738.0 9283.0 5275909
6739.0 6502.0 1543392
6739.0 9727.0 511803
6740.0 6705.0 1201127
6740.0 6937.0 1377596
6740.0 7857.0 11755937
6742.0 6199.0 2863519
6742.0 7817.0 5560941
6743.0 8252.0 7296519
6744.0 8009.0 5139228
6745.0 7504.0 11738356
6746.0 6786.0 1093580
6746.0 7018.0 8281655
6746.0 9101.0 3694585
6746.0 10041.0 10452926
6748.0 8363.0 11397753
6748.0 9061.0 9870956
6749.0 7190.0 4671224
6749.0 7645.0 3510215
6749.0 9040.0 393480
6750.0 6250.0 7733824
6751.0 7140.0 7019443
6751.0 8535.0 10107384
6752.0 6655.0 11305970
6752.0 7110.0 8426026
6752.0 7585.0 10049368
6752.0 9425.0 10032009
6753.0 6857.0 7574595
6753.0 9647.0 10745546
6754.0 9859.0 6267318
6755.0 5886.0 63205
6756.0 7959.0 7488002
6756.0 8889.0 6972992
6756.0 9354.0 2428585
6757.0 6999.0 3752850
6757.0 7696.0 609236
6757.0 9779.0 10686645
6758.0 6756.0 10211960
6759.0 8121.0 773546
6760.0 6473.0 4200543
6760.0 8778.0 9618076
6760.0 9253.0 2928788
6762.0 9213.0 11046711
6764.0 5927.0 1623721
6764.0 6837.0 1049177
6764.0 7080.0 5170849
6764.0 8930.0 10252
6764.0 9627.0 6351000
6765.0 7282.0 6085563
6766.0 9577.0 5108076
6767.0 7929.0 4623549
6769.0 6271.0 5109870
6769.0 7191.0 10355056
6769.0 7434.0 6353267
6770.0 6939.0 5850165
6770.0 7869.0 8114893
6770.0 8324.0 10358864
6773.0 8728.0 7417781
6774.0 6160.0 11154910
6774.0 9395.0 10572281
6776.0 7960.0 3063242
6777.0 6322.0 8445367
6777.0 7020.0 619888
6777.0 7485.0 2509821
6777.0 8860.0 5357063
6778.0 5837.0 993461
6779.0 8354.0 5334233
6780.0 9962.0 3271931
6781.0 8779.0 417441
6782.0 9669.0 1720826
6783.0 7343.0 232084
6783.0 7798.0 9117175
6783.0 8274.0 11209940
6783.0 8486.0 8997389
6784.0 7556.0 8949037
6785.0 6595.0 2377369
6785.0 9153.0 10204404
6786.0 8658.0 1896249
6786.0 9345.0 10976906
6786.0 9810.0 3267473
6787.0 7708.0 10149573
6788.0 6060.0 3007475
6788.0 9072.0 4336763
6789.0 6040.0 5324293
6790.0 6009.0 1808459
6790.0 7415.0 2031591
6790.0 8567.0 9489326
6791.0 6697.0 6280679
6791.0 7162.0 1133834
6791.0 8547.0 9726801
6792.0 5979.0 10310960
6792.0 9912.0 3444542
6794.0 7324.0 9327413
6795.0 6141.0 10702461
6797.0 6545.0 9850568
6797.0 8396.0 318155
6798.0 7920.0 2424890
6799.0 7435.0 1561686
6799.0 8588.0 1082963
6800.0 7648.0 11044462
6800.0 8113.0 11455050
6800.0 8790.0 6817520
6800.0 9720.0 9693818
6801.0 9467.0 3826947
6802.0 6434.0 1102964
6802.0 6899.0 8006059
6803.0 6657.0 9890147
6804.0 5939.0 799650
6804.0 6617.0 9576836
6805.0 6131.0 5697286
6805.0 7991.0 7220644
6805.0 8922.0 430907
6806.0 7051.0 530559
6806.0 7274.0 2527319
6807.0 9114.0 8313456
6807.0 10034.0 7991928
6808.0 6303.0 6083801
6808.0 7223.0 7283383
6809.0 7203.0 1899072
6809.0 9296.0 1562162
6810.0 6718.0 8294649
6810.0 8345.0 10272335
6810.0 9023.0 8402470
6812.0 7132.0 11096794
6813.0 6182.0 711026
6815.0 5899.0 268539
6815.0 6152.0 1269390
6815.0 6364.0 1929940
6817.0 7476.0 726956
6819.0 9761.0 4375653
6819.0 9984.0 7632153
6821.0 7618.0 11562418
6822.0 8750.0 5673941
6822.0 8983.0 9889068
6824.0 5940.0 5852052
6824.0 9873.0 11415474
6825.0 8690.0 343634
6826.0 7962.0 3293486
6826.0 9135.0 2831542
6827.0 5859.0 6801548
6827.0 6557.0 10332875
6827.0 7032.0 11256464
6827.0 8174.0 2911102
6828.0 6769.0 3375770
6828.0 7012.0 11692836
6828.0 8629.0 8321239
6829.0 6294.0 1272228
6829.0 7902.0 4629093
6829.0 8124.0 7171363
6829.0 8377.0 7031489
6829.0 8832.0 8883864
6830.0 7416.0 5284768
6830.0 8801.0 9520467
6831.0 6466.0 7874459
6833.0 7588.0 10744425
6833.0 8053.0 10189300
6833.0 9661.0 4352716
6834.0 7548.0 10240638
6835.0 7305.0 10267052
6835.0 9610.0 9375093
6835.0 9843.0 2105867
6836.0 6123.0 1794704
6836.0 8215.0 1408097
6836.0 8893.0 10618829
6838.0 9085.0 10877233
6838.0 9560.0 7460101
6839.0 6527.0 8248448
6840.0 6254.0 11166509
6840.0 9044.0 3497807
6841.0 9934.0 5953298
6842.0 8771.0 8823201
6843.0 7356.0 9100411
6843.0 8276.0 11266822
6843.0 8519.0 1775865
6843.0 9904.0 1444231
6844.0 8013.0 3464763
6844.0 8478.0 8436402
6845.0 5921.0 738551
6845.0 6143.0 1852947
6845.0 9388.0 2587372
6846.0 7751.0 3916642
6846.0 8216.0 1515887
6846.0 8681.0 7398959
6847.0 6093.0 3423724
6847.0 7953.0 10157766
6848.0 7013.0 864606
6848.0 7710.0 858232
6848.0 10015.0 7331936
6849.0 6052.0 1740777
6849.0 8378.0 4493444
6850.0 6487.0 11800325
6850.0 8570.0 6173816
6851.0 6002.0 8534737
6852.0 6689.0 1316098
6852.0 7599.0 5160963
6852.0 7619.0 1483451
6852.0 7842.0 950321
6853.0 8752.0 3065212
6854.0 5951.0 9695123
6854.0 9874.0 396143
6855.0 7316.0 10431709
6855.0 8934.0 3818063
6856.0 6831.0 426208
6856.0 7064.0 3436137
6856.0 7519.0 8629257
6857.0 6336.0 1877776
6857.0 6801.0 6207069
6857.0 9338.0 10500007
6858.0 6305.0 373433
6858.0 7478.0 3454033
6859.0 6528.0 10642922
6860.0 6740.0 692969
6862.0 9237.0 10405205
6863.0 6205.0 641780
6863.0 6670.0 11490926
6864.0 8257.0 4329856
6864.0 8499.0 4746883
6864.0 8712.0 3588640
6866.0 9834.0 4584260
6867.0 6579.0 4414385
6867.0 7034.0 1550328
6867.0 7266.0 3297652
6868.0 9784.0 2538011
6870.0 7671.0 1767528
6872.0 7155.0 417898
6873.0 6903.0 2736758
6875.0 6397.0 2611716
6875.0 7085.0 2919822
6877.0 5882.0 4630990
6877.0 8419.0 7687499
6879.0 7216.0 2427504
6879.0 8146.0 9594051
6880.0 7894.0 10835656
6881.0 6246.0 10242420
6881.0 7408.0 9544731
6882.0 6448.0 2483080
6882.0 9471.0 10826084
6883.0 7590.0 10628958
6883.0 8743.0 3749815
6884.0 6408.0 2280274
6884.0 7803.0 9085418
6885.0 5922.0 5262329
6885.0 6610.0 7279436
6886.0 7762.0 2538459
6887.0 7035.0 3306824
6888.0 5862.0 8054891
6888.0 7237.0 11813890
6889.0 6539.0 6886039
6889.0 6762.0 3161219
6889.0 8834.0 9465441
6890.0 6277.0 4073764
6890.0 9512.0 2178235
6891.0 6954.0 6420511
6891.0 9026.0 11308273
6892.0 6469.0 4175965
6892.0 7166.0 3033536
6892.0 8541.0 8435666
6893.0 6216.0 6607217
6893.0 8056.0 4102038
6893.0 8986.0 6754633
6894.0 6418.0 1095896
6894.0 7348.0 5529745
6894.0 8278.0 10622541
6894.0 8956.0 10662129
6895.0 7540.0 4586716
6896.0 6135.0 4853512
6896.0 9158.0 2444264
6896.0 10078.0 11315320
6897.0 8885.0 3943660
6897.0 9583.0 2204837
6898.0 5862.0 10814460
6898.0 7470.0 4752848
6899.0 6985.0 791368
6899.0 7915.0 785722
6900.0 8127.0 8018460
6900.0 8370.0 9173312
6900.0 8592.0 5438055
6900.0 9987.0 784822
6901.0 6722.0 2221962
6902.0 9694.0 10920574
6903.0 5974.0 8156163
6904.0 8259.0 3537983
6904.0 9421.0 11522795
6904.0 9664.0 1679853
6906.0 7056.0 9421327
6906.0 9603.0 5690246
6907.0 6338.0 6472024
6907.0 6358.0 3197100
6907.0 7268.0 3608246
6908.0 7713.0 3201472
6908.0 8410.0 6836946
6909.0 6065.0 3140137
6909.0 10018.0 6808402
6910.0 6520.0 3274944
6912.0 8097.0 4315873
6913.0 6449.0 2330745
6913.0 6914.0 8023084
6913.0 7137.0 4103964
6914.0 9189.0 5863787
6915.0 6389.0 3927624
6915.0 6621.0 1685552
6915.0 6854.0 8175565
6916.0 8451.0 10378077
6917.0 6591.0 2515145
6917.0 7966.0 444293
6917.0 9119.0 3498957
6917.0 9826.0 4004182
6918.0 7026.0 8631006
6918.0 8178.0 10164116
6918.0 9331.0 6784955
6920.0 7208.0 1029936
6920.0 7430.0 7481704
6920.0 8825.0 3216344
6920.0 9513.0 2224120
6921.0 7885.0 3879662
6921.0 9260.0 5823797
6922.0 6005.0 3968303
6922.0 6227.0 7248392
6922.0 6692.0 5999352
6922.0 8330.0 7198670
6923.0 7380.0 4738716
6923.0 7845.0 4301345
6924.0 9897.0 6170990
6925.0 8027.0 6369632
6927.0 7744.0 9411830
6927.0 10069.0 10095615
6929.0 9776.0 2822394
6929.0 10009.0 7169746
6930.0 7673.0 925099
6931.0 7178.0 2734139
6931.0 9726.0 2838484
6934.0 7340.0 10779186
6935.0 5945.0 4445399
6935.0 6410.0 1513936
6935.0 7107.0 10593498
6935.0 8260.0 9299439
6936.0 7077.0 5380866
6936.0 8462.0 1416621
6937.0 5905.0 6943743
6937.0 6127.0 7767452
6937.0 7057.0 1378756
6939.0 7472.0 7423894
6939.0 9554.0 4430892
6940.0 8381.0 7422595
6941.0 6491.0 4791672
6941.0 7644.0 10662275
6942.0 6926.0 5611083
6942.0 8088.0 7906854
6943.0 8523.0 4057800
6945.0 6178.0 2170238
6945.0 8948.0 8352548
6946.0 6855.0 1635049
6947.0 7280.0 5639712
6948.0 6330.0 10124428
6948.0 6572.0 4931865
6948.0 9110.0 3918293
6949.0 7229.0 6451891
6950.0 6289.0 573698
6950.0 8604.0 11803387
6951.0 6259.0 7485171
6951.0 7654.0 3302129
6953.0 6229.0 198004
6953.0 6674.0 2865779
6953.0 8989.0 1838430
6954.0 7361.0 4374569
6955.0 6633.0 7496812
6955.0 8493.0 4858550
6955.0 9888.0 8171760
6956.0 8231.0 909967
6956.0 8706.0 4680219
6957.0 6370.0 9700840
6959.0 7695.0 6945693
6960.0 6057.0 1500264
6960.0 8837.0 2269064
6961.0 6957.0 6691928
6962.0 6482.0 2940552
6962.0 7867.0 4872487
6962.0 9960.0 1060113
6964.0 9212.0 4343201
6966.0 6846.0 5290065
6967.0 6128.0 10258722
6967.0 7513.0 6671302
6967.0 7978.0 2424129
6967.0 9849.0 3562082
6968.0 8201.0 11566530
6968.0 8666.0 10310180
6969.0 8393.0 1937537
6972.0 7412.0 1529924
6973.0 5987.0 9301612
6973.0 7625.0 7474965
6973.0 8070.0 2734645
6974.0 7129.0 921277
6975.0 7342.0 10387408
6975.0 9414.0 4091018
6976.0 7787.0 6334063
6976.0 8929.0 2294702
6976.0 9172.0 1346076
6977.0 7291.0 4206870
6980.0 6988.0 10815502
6980.0 8151.0 2307711
6980.0 9778.0 2192171
6981.0 8131.0 5943283
6981.0 9283.0 480571
6982.0 6948.0 3975088
6983.0 9708.0 11295772
6984.0 8282.0 2257829
6984.0 8990.0 8282341
6986.0 7555.0 6273467
6987.0 7059.0 617860
6988.0 6584.0 7628483
6988.0 7039.0 7301186
6988.0 8192.0 3045470
6989.0 6776.0 4096844
6989.0 7019.0 5408716
6989.0 8646.0 6896738
6989.0 9334.0 8296421
6990.0 6524.0 3147651
6990.0 8606.0 8638920
6992.0 7191.0 10656273
6992.0 9041.0 5246312
6993.0 6241.0 10022652
6993.0 8778.0 10667441
6993.0 9698.0 507301
6994.0 5968.0 9605945
6994.0 6433.0 6508299
6994.0 8060.0 4699433
6995.0 6413.0 11166280
6995.0 9900.0 8569618
6997.0 5907.0 8248917
6997.0 9142.0 4717408
6998.0 5887.0 10970182
6998.0 7747.0 1810809
6999.0 7242.0 5013778
6999.0 7939.0 6018245
7000.0 7697.0 884753
7001.0 8829.0 8476158
7002.0 7646.0 7085300
7002.0 8566.0 9383075
7003.0 8091.0 10954145
7004.0 7141.0 5700650
7005.0 7818.0 10529775
7006.0 6170.0 8763914
7007.0 6373.0 6862168
7007.0 9395.0 189021
7008.0 7505.0 5806998
7008.0 9830.0 8260426
7009.0 7727.0 2420758
7009.0 8415.0 6740960
7009.0 8870.0 9090714
7010.0 6535.0 5073891
7010.0 7455.0 1590024
7010.0 8152.0 7943767
7010.0 10002.0 5356325
7011.0 7899.0 7820722
7011.0 8132.0 1396399
7012.0 6494.0 4761382
7012.0 6949.0 9610692
7012.0 8344.0 9430808
7013.0 6696.0 9262848
7013.0 7616.0 8936997
7013.0 9942.0 5837308
7014.0 6666.0 5123875
7014.0 9466.0 5954998
7015.0 6878.0 1286778
7015.0 9436.0 9682540
7016.0 6626.0 1295348
7016.0 7566.0 5527598
7016.0 8021.0 5499571
7017.0 6141.0 7494073
7017.0 6373.0 3481698
7017.0 7303.0 6870126
7018.0 8446.0 10785100
7019.0 7960.0 9875649
7020.0 9083.0 6928976
7021.0 7667.0 9279690
7021.0 9538.0 529744
7022.0 8587.0 10992453
7022.0 8800.0 636978
7023.0 7172.0 10789070
7024.0 8759.0 9143810
7025.0 6202.0 8704811
7025.0 6889.0 2012311
7025.0 8274.0 8971856
7026.0 7789.0 8658182
7026.0 8476.0 7074523
7026.0 8709.0 9365746
7027.0 5908.0 7130571
7027.0 7526.0 6187366
7027.0 8224.0 9497314
7030.0 7243.0 9424019
7031.0 6060.0 2734407
7031.0 6748.0 5822953
7031.0 7223.0 2828333
7032.0 6263.0 5813217
7032.0 6970.0 10575455
7033.0 8315.0 5154023
7034.0 5990.0 582206
7034.0 6455.0 10337107
7034.0 8537.0 2884144
7034.0 9225.0 370037
7035.0 7132.0 6037268
7037.0 8932.0 6709605
7037.0 9852.0 2448722
7038.0 6586.0 7348147
7039.0 6111.0 8251400
7039.0 9346.0 228782
7040.0 6313.0 1913899
7040.0 6778.0 5433670
7041.0 9771.0 9881260
7042.0 8113.0 8904806
7042.0 8346.0 11609126
7042.0 9276.0 2691915
7042.0 9731.0 7128895
7043.0 6020.0 8000323
7043.0 6485.0 10053867
7045.0 7365.0 9417473
7046.0 7325.0 5005979
7046.0 7800.0 5655416
7046.0 9417.0 2312474
7046.0 9882.0 9184379
7048.0 7062.0 374200
7048.0 7982.0 6358059
7048.0 8679.0 6749287
7049.0 6334.0 4790176
7049.0 9579.0 9788348
7049.0 10034.0 10326135
7050.0 7931.0 6830552
7052.0 8589.0 2652786
7052.0 9519.0 6020328
7053.0 6931.0 10433345
7053.0 7638.0 9060177
7053.0 7861.0 9393342
7054.0 6223.0 3220551
7054.0 8993.0 8270075
7055.0 5970.0 6054240
7055.0 8508.0 2675647
7055.0 9913.0 8751133
7057.0 6617.0 630296
7057.0 8245.0 3262542
7058.0 6132.0 820824
7058.0 8437.0 1115326
7059.0 7275.0 1260399
7059.0 8195.0 10378356
7060.0 8407.0 10855407
7061.0 6072.0 2407924
7061.0 6294.0 637018
7061.0 6517.0 1062291
7061.0 6759.0 3343802
7062.0 6264.0 5089805
7063.0 7396.0 6457025
7063.0 9256.0 9852123
7064.0 7609.0 3204289
7065.0 6891.0 3769920
7065.0 8063.0 5259696
7065.0 8741.0 10705528
7065.0 9681.0 2468250
7066.0 5951.0 3481608
7067.0 8013.0 4174039
7067.0 9398.0 8309402
7068.0 7750.0 1630391
7069.0 9813.0 2610199
7070.0 7700.0 10387907
7070.0 8872.0 2748982
7071.0 6062.0 7369833
7071.0 7225.0 11781080
7072.0 8812.0 189444
7072.0 9752.0 10180279
7073.0 6012.0 3590867
7073.0 9024.0 8198673
7073.0 10187.0 2838303
7074.0 9924.0 2451238
7075.0 6669.0 9691292
7075.0 8761.0 849596
7077.0 6153.0 1322357
7077.0 6386.0 1687316
7077.0 6861.0 4719249
7077.0 7538.0 1564653
7077.0 10106.0 10627326
7078.0 5901.0 7033381
7078.0 6831.0 7481127
7078.0 9843.0 5779948
7079.0 9126.0 1291690
7080.0 6548.0 355833
7080.0 9095.0 8749902
7081.0 6993.0 9931847
7082.0 7427.0 8924351
7082.0 9065.0 10665370
7082.0 9298.0 7661130
7084.0 5992.0 5245331
7084.0 6467.0 10345752
7084.0 7154.0 277105
7085.0 5972.0 8635931
7085.0 6679.0 2288346
7085.0 7377.0 848528
7085.0 8287.0 2347871
7086.0 7802.0 9978056
7086.0 8499.0 2798001
7086.0 9187.0 1474429
7088.0 9379.0 9614314
7089.0 6578.0 10380309
7089.0 9581.0 8962454
7090.0 6083.0 2352540
7090.0 7013.0 4742278
7090.0 7488.0 10223687
7092.0 6740.0 1689472
7092.0 9996.0 4840457
7094.0 6235.0 5477377
7094.0 8550.0 5533114
7094.0 9945.0 11546500
7096.0 6660.0 8106442
7097.0 8934.0 5300235
7097.0 9642.0 10241455
7098.0 8227.0 3854688
7099.0 8904.0 3806970
7099.0 10057.0 6312550
7100.0 6791.0 6362614
7100.0 9329.0 2350721
7101.0 5841.0 2382320
7101.0 6306.0 11426475
7102.0 6983.0 9119013
7102.0 7913.0 7108876
7102.0 9753.0 9979181
7103.0 7428.0 4294750
7104.0 6013.0 10304049
7104.0 7165.0 5121262
7104.0 9005.0 10161379
7106.0 6185.0 9596248
7107.0 6862.0 5860432
7107.0 7317.0 11570459
7108.0 6610.0 5061426
7109.0 8672.0 5751596
7110.0 8652.0 634248
7111.0 5841.0 1295959
7111.0 6761.0 3555876
7111.0 10017.0 7756012
7112.0 8136.0 991706
7112.0 8824.0 4200323
7113.0 9511.0 5704626
7114.0 6933.0 3222590
7114.0 7631.0 4579811
7114.0 7853.0 6147148
7115.0 6671.0 11001494
7115.0 8066.0 2123384
7116.0 10138.0 754875
7117.0 6640.0 4819291
7117.0 8480.0 9609206
7117.0 8945.0 7104623
7118.0 7530.0 8463009
7119.0 6125.0 4259352
7119.0 7287.0 4956980
7121.0 6549.0 2292052
7121.0 7702.0 10464366
7121.0 9795.0 8330547
7122.0 6064.0 9789626
7123.0 6044.0 10583995
7123.0 7197.0 10885823
7124.0 6711.0 9653612
7124.0 7156.0 7175872
7125.0 9471.0 3547977
7126.0 5963.0 5524533
7126.0 9198.0 3392169
7127.0 6863.0 4264024
7129.0 6813.0 11494285
7129.0 7278.0 11225640
7130.0 5883.0 8918252
7130.0 9118.0 9443646
7131.0 8157.0 7569000
7132.0 6297.0 11622165
7132.0 6985.0 3776277
7132.0 9290.0 7434283
7132.0 9522.0 3261396
7134.0 6944.0 8460058
7134.0 8562.0 7574243
7134.0 9714.0 6336242
7135.0 6216.0 8973469
7135.0 8542.0 1707765
7136.0 7116.0 1060643
7136.0 8279.0 7367415
7137.0 5933.0 35216
7137.0 6631.0 2068926
7138.0 7773.0 3714792
7138.0 8006.0 95990
7138.0 8926.0 4608738
7138.0 9159.0 307074
7138.0 9391.0 5283503
7139.0 6601.0 1744509
7140.0 6328.0 8644974
7140.0 7025.0 6747962
7140.0 8643.0 351330
7142.0 6753.0 7613095
7142.0 7905.0 71741
7142.0 8613.0 7184849
7143.0 6045.0 7136335
7143.0 6500.0 11766001
7143.0 8805.0 6928151
7146.0 6894.0 5552946
7146.0 8987.0 2260434
7147.0 6399.0 3311479
7147.0 6642.0 3139670
7149.0 6834.0 9933226
7149.0 7531.0 3513902
7149.0 8219.0 8757849
7151.0 5853.0 11649492
7151.0 7238.0 9067203
7152.0 7926.0 7137138
7152.0 8158.0 2274748
7152.0 10241.0 723210
7154.0 6248.0 5799495
7154.0 7643.0 7393335
7154.0 10180.0 7366277
7155.0 7380.0 2091872
7156.0 7592.0 8358143
7156.0 8522.0 5577066
7156.0 8745.0 8063316
7157.0 6187.0 4750487
7158.0 7077.0 10688385
7158.0 8472.0 10965960
7158.0 8694.0 10620838
7159.0 6592.0 10327316
7159.0 8907.0 153727
7160.0 7724.0 614617
7160.0 8432.0 1671124
7161.0 6551.0 3802987
7161.0 9786.0 3323695
7163.0 5813.0 6227385
7163.0 7198.0 9205962
7163.0 7906.0 10493263
7164.0 6723.0 1571800
7164.0 8341.0 9867388
7164.0 9261.0 367847
7169.0 9837.0 3607812
7170.0 7269.0 7430286
7171.0 6319.0 3410341
7172.0 9999.0 8024275
7173.0 9059.0 5019035
7174.0 8806.0 4414962
7174.0 9736.0 10761101
7175.0 6228.0 8778483
7175.0 6936.0 5364322
7175.0 9484.0 4823525
7176.0 6451.0 4033382
7176.0 7128.0 3296471
7177.0 6886.0 6450379
7177.0 7351.0 4085687
7177.0 7795.0 5343052
7177.0 9898.0 6462875
7180.0 8432.0 8634997
7180.0 10293.0 3947025
7181.0 6785.0 5058124
7185.0 9929.0 8808483
7186.0 8069.0 7252527
7186.0 9211.0 11468145
7187.0 8261.0 7257385
7187.0 9656.0 1715546
7188.0 6168.0 7744538
7188.0 8473.0 3878199
7190.0 9363.0 9833401
7191.0 9808.0 9468694
7194.0 8110.0 9011439
7195.0 5997.0 4113331
7195.0 9009.0 2313714
7197.0 6664.0 1762344
7197.0 7351.0 1699455
7197.0 9424.0 368815
7198.0 7321.0 532912
7198.0 7554.0 4839029
7198.0 8494.0 6916484
7198.0 10334.0 10654850
7199.0 9859.0 5765189
7199.0 10081.0 1117505
7200.0 7978.0 3216357
7200.0 8201.0 1950019
7201.0 8413.0 1753309
7201.0 9101.0 2591045
7202.0 5855.0 6164016
7202.0 7705.0 9481598
7202.0 9556.0 7860941
7202.0 10021.0 6188165
7204.0 5805.0 4902007
7204.0 8353.0 474394
7205.0 6462.0 5811945
7205.0 6937.0 3485949
7205.0 8787.0 9062495
7205.0 9707.0 2166827
7205.0 10182.0 2651975
7206.0 6209.0 5167247
7206.0 6675.0 5450437
7207.0 6877.0 10315281
7207.0 8969.0 3533401
7208.0 8939.0 6805307
7209.0 7069.0 9044242
7209.0 7766.0 10566945
7210.0 6119.0 6508772
7210.0 8676.0 4120827
7210.0 9131.0 1843400
7210.0 9839.0 3978364
7211.0 6796.0 10424540
7211.0 8869.0 10734393
7212.0 7473.0 3127979
7212.0 8626.0 5193351
7212.0 10243.0 4874385
7213.0 6058.0 11729975
7213.0 6988.0 7607475
7213.0 7211.0 3577246
7214.0 6270.0 10439201
7214.0 8575.0 11044217
7215.0 7160.0 2303091
7215.0 7868.0 7799106
7216.0 6685.0 3805762
7216.0 8313.0 10038245
7217.0 7595.0 5712089
7217.0 8515.0 9631024
7218.0 6402.0 5543109
7218.0 6645.0 4748178
7218.0 8727.0 6951294
7219.0 5917.0 9164228
7221.0 7039.0 5125033
7224.0 6493.0 10707373
7224.0 7656.0 10737003
7225.0 6706.0 9072443
7226.0 6231.0 2560241
7226.0 6443.0 4761939
7226.0 9688.0 10904562
7227.0 6665.0 6288862
7227.0 7353.0 7690307
7227.0 9213.0 43863
7228.0 8263.0 3224635
7229.0 7545.0 7959503
7230.0 7282.0 6028403
7231.0 6332.0 4623191
7233.0 7687.0 9011303
7234.0 6736.0 5706978
7234.0 10194.0 6722545
7235.0 6939.0 5103721
7235.0 8799.0 1297191
7236.0 6908.0 10696041
7236.0 8303.0 7153052
7236.0 9244.0 11263753
7237.0 8506.0 6554895
7238.0 6170.0 11143626
7239.0 6838.0 4479905
7239.0 8000.0 1814928
7239.0 9385.0 3092187
7240.0 8688.0 6188771
7240.0 8900.0 4866049
7241.0 6120.0 310327
7241.0 8425.0 8721505
7242.0 6545.0 11457847
7242.0 7717.0 9260137
7242.0 8162.0 5931363
7242.0 9790.0 6071126
7242.0 10255.0 5516340
7243.0 9315.0 2283509
7244.0 6282.0 9139627
7245.0 8092.0 4665032
7246.0 7839.0 10048270
7246.0 8536.0 11809216
7246.0 9477.0 3643193
7247.0 5969.0 10069631
7247.0 7121.0 5094918
7247.0 8284.0 10329942
7249.0 7323.0 6435969
7250.0 7071.0 8097977
7250.0 7283.0 1683776
7250.0 7758.0 9408344
7250.0 9133.0 7090071
7250.0 9366.0 1440765
7250.0 9608.0 2717517
7251.0 6353.0 8360971
7251.0 6585.0 5491119
7252.0 7243.0 9595697
7252.0 7930.0 4974205
7252.0 9558.0 4454667
7254.0 6980.0 1077241
7254.0 8365.0 4707253
7254.0 9052.0 4245332
7254.0 9982.0 3210289
7255.0 6009.0 2025193
7255.0 6717.0 2747343
7255.0 8557.0 11803157
7256.0 8769.0 5582345
7258.0 7344.0 895368
7258.0 8264.0 1806090
7259.0 9871.0 608745
7260.0 7981.0 11339153
7260.0 8214.0 11699866
7261.0 9811.0 5086171
7262.0 10033.0 7376120
7263.0 7233.0 10164217
7264.0 6273.0 6288086
7265.0 6242.0 1103110
7265.0 6495.0 3169011
7265.0 6950.0 7216777
7265.0 8103.0 8414089
7266.0 7395.0 10817121
7266.0 7627.0 11474283
7266.0 10175.0 11113197
7268.0 6424.0 9717209
7269.0 7314.0 11649164
7269.0 8719.0 11332830
7269.0 10337.0 5444007
7270.0 6607.0 7873307
7270.0 8002.0 781292
7271.0 6121.0 176929
7271.0 7264.0 5310588
7271.0 10276.0 3435478
7272.0 6091.0 8039117
7272.0 7021.0 4949094
7273.0 6303.0 1773051
7273.0 8851.0 5171786
7273.0 9073.0 2125542
7274.0 7446.0 1318791
7274.0 8588.0 3951616
7275.0 6030.0 3026053
7275.0 8801.0 7911804
7275.0 9255.0 633403
7277.0 8053.0 1381776
7278.0 6192.0 20511
7279.0 5930.0 4177450
7280.0 6132.0 723730
7280.0 6597.0 4393140
7280.0 8214.0 5572451
7282.0 6799.0 6780264
7282.0 8417.0 7999053
7283.0 7224.0 10891755
7283.0 8629.0 10357663
7284.0 9519.0 5848769
7284.0 9761.0 10405611
7285.0 7416.0 10724420
7285.0 7871.0 9522856
7286.0 9711.0 5898814
7287.0 5758.0 6985465
7287.0 5970.0 11436889
7287.0 7598.0 6820442
7287.0 8993.0 11318543
7288.0 6415.0 10960450
7288.0 8508.0 5989959
7288.0 8740.0 3216234
7288.0 9195.0 1298045
7288.0 9671.0 5882584
7289.0 8023.0 6386599
7289.0 9640.0 2657074
7290.0 9165.0 5153792
7290.0 10085.0 5017998
7291.0 9125.0 6617303
7292.0 5859.0 7754995
7293.0 6537.0 602821
7293.0 6992.0 5220836
7293.0 7244.0 399885
7293.0 8154.0 11509904
7294.0 5829.0 9986475
7295.0 5809.0 90150
7295.0 7659.0 10068270
7296.0 7639.0 10442853
7296.0 9954.0 5168433
7296.0 10399.0 6337414
7297.0 7133.0 6416755
7297.0 9449.0 10484620
7298.0 6193.0 7413644
7298.0 6658.0 1714735
7298.0 9206.0 6349848
7298.0 10369.0 695875
7299.0 7801.0 10409229
7299.0 8953.0 6559339
7300.0 9853.0 1118224
7301.0 5890.0 6553582
7301.0 8448.0 3198683
7302.0 8175.0 7470280
7302.0 10268.0 9903907
7303.0 8852.0 3929439
7304.0 8610.0 4134581
7304.0 9297.0 8348812
7306.0 6709.0 9030566
7306.0 10177.0 10027325
7307.0 7376.0 6554686
7310.0 6143.0 9281293
7310.0 7083.0 10640627
7310.0 7306.0 1475823
7311.0 7508.0 1333305
7311.0 7741.0 8441777
7312.0 6335.0 2570473
7312.0 8661.0 5069879
7312.0 9105.0 1553920
7313.0 7690.0 1897284
7313.0 7943.0 951241
7314.0 6052.0 8152571
7314.0 6750.0 7253229
7316.0 8570.0 11423346
7317.0 5759.0 9479885
7318.0 9904.0 4864697
7319.0 6861.0 8227427
7320.0 5931.0 4581267
7320.0 6619.0 5973490
7321.0 6831.0 11414647
7321.0 9601.0 1360269
7322.0 6811.0 1927625
7323.0 6781.0 11225856
7323.0 8388.0 11388173
7323.0 8408.0 4556131
7323.0 10248.0 7548195
7324.0 6285.0 7382798
7324.0 6993.0 1707820
7326.0 6943.0 1028889
7326.0 9713.0 27803
7326.0 10188.0 1882029
7327.0 9935.0 2417510
7328.0 6660.0 5764402
7328.0 7600.0 6584997
7329.0 5952.0 9068105
7330.0 8004.0 9545618
7330.0 8227.0 2426734
7330.0 8247.0 3619009
7332.0 6569.0 8674871
7332.0 7044.0 10800751
7332.0 7276.0 6580952
7336.0 6488.0 2809726
7336.0 8328.0 2558601
7336.0 8793.0 3615332
7337.0 6225.0 2959085
7338.0 6438.0 6309304
7339.0 8500.0 7312129
7339.0 8965.0 1156909
7339.0 9663.0 134292
7340.0 8692.0 5105243
7340.0 10320.0 7588164
7341.0 5892.0 3615494
7342.0 9127.0 3035971
7343.0 6771.0 8756390
7344.0 7449.0 2712724
7344.0 7681.0 1253323
7345.0 5801.0 2692745
7345.0 7894.0 3767513
7346.0 6256.0 2238053
7346.0 9269.0 892391
7346.0 9966.0 6045030
7348.0 7823.0 11718629
7349.0 6175.0 10917508
7349.0 7348.0 4825418
7349.0 7813.0 11050976
7349.0 8733.0 972219
7349.0 10118.0 11535616
7350.0 5700.0 5418631
7350.0 7318.0 9005161
7350.0 7773.0 9516111
7350.0 9178.0 380987
7352.0 5650.0 5128282
7352.0 7500.0 5006046
7352.0 7965.0 3210444
7352.0 8662.0 11276604
7353.0 6084.0 1970648
7353.0 7247.0 4632611
7353.0 10037.0 11443797
7354.0 6297.0 2976864
7354.0 8855.0 4664444
7354.0 9774.0 6246617
7355.0 6034.0 8740450
7355.0 8359.0 8992848
7355.0 8602.0 8489591
7356.0 6721.0 6210545
7357.0 7389.0 11254959
7357.0 8309.0 477812
7358.0 5751.0 8704344
7358.0 5973.0 5135121
7359.0 5943.0 106284
7359.0 9431.0 7276088
7360.0 6863.0 9713382
7360.0 7096.0 3712887
7363.0 6317.0 5305940
7363.0 9563.0 10660073
7364.0 7005.0 4787805
7365.0 10210.0 10648713
7366.0 6267.0 9445496
7367.0 6469.0 3079033
7367.0 6924.0 8730266
7367.0 9017.0 3026934
7367.0 9947.0 6465577
7367.0 10159.0 3498647
7368.0 6682.0 10834270
7369.0 9199.0 8091286
7369.0 10351.0 8916186
7370.0 7551.0 11431531
7370.0 10331.0 7761900
7372.0 6358.0 8212212
7372.0 6591.0 6841
7372.0 9593.0 4780867
7372.0 10281.0 7117943
7374.0 9088.0 6715768
7374.0 9320.0 2657455
7375.0 9533.0 4229402
7376.0 6722.0 9950755
7377.0 5995.0 1977983
7377.0 6015.0 246034
7377.0 6237.0 3436804
7377.0 6702.0 5203006
7377.0 10392.0 451221
7378.0 7369.0 6707472
7379.0 6197.0 9625562
7379.0 6652.0 9443814
7379.0 6894.0 4562361
7379.0 7127.0 5556617
7380.0 6632.0 11550968
7380.0 6864.0 10142709
7380.0 8259.0 2350407
7380.0 8937.0 9319180
7380.0 9412.0 8079195
7381.0 7066.0 1369034
7381.0 7299.0 4127813
7382.0 8209.0 3869008
7383.0 9119.0 6555531
7383.0 9806.0 2062406
7384.0 6763.0 11289648
7384.0 8158.0 4626783
7385.0 6045.0 8641513
7386.0 5803.0 733696
7386.0 9968.0 5220386
7387.0 6480.0 5557535
7387.0 7168.0 10276921
7390.0 7087.0 4951645
7390.0 8725.0 2826493
7390.0 10100.0 9317471
7391.0 5914.0 7149019
7391.0 6612.0 6460263
7392.0 7744.0 10869280
7392.0 8897.0 4185911
7393.0 8411.0 2994446
7393.0 8644.0 8651435
7394.0 6541.0 5343797
7395.0 7208.0 3168115
7397.0 6925.0 3621305
7397.0 7856.0 11443452
7397.0 9008.0 4401332
7398.0 5975.0 2739933
7398.0 6218.0 6850956
7398.0 8311.0 4672590
7398.0 10150.0 6656918
7399.0 6430.0 2577798
7399.0 8978.0 6253895
7399.0 9665.0 215385
7400.0 6400.0 997501
7400.0 6632.0 11143334
7401.0 7765.0 5012394
7401.0 8230.0 6500687
7401.0 10312.0 11257001
7402.0 6127.0 6265396
7403.0 10272.0 9789967
7404.0 7462.0 4394446
7404.0 9089.0 11754658
7404.0 10242.0 2573415
7405.0 6976.0 2085436
7406.0 6501.0 2488793
7406.0 7431.0 9148619
7409.0 8503.0 7448583
7409.0 9201.0 1313435
7410.0 6168.0 6343756
7410.0 7806.0 7268967
7410.0 9878.0 1538711
7411.0 6855.0 2782995
7411.0 8463.0 7855223
7412.0 7280.0 127595
7412.0 9373.0 11440538
7413.0 6097.0 6224869
7413.0 6572.0 11738471
7413.0 9575.0 11080425
7414.0 7240.0 11438820
7416.0 8129.0 6752834
7416.0 9049.0 8474684
7416.0 9514.0 11710780
7416.0 10212.0 5637644
7417.0 6006.0 852299
7418.0 6694.0 1951001
7419.0 7129.0 8107571
7421.0 6391.0 8276442
7421.0 7543.0 8946286
7421.0 9636.0 7086789
7423.0 6340.0 3320938
7423.0 6795.0 2101634
7423.0 7038.0 399127
7423.0 7958.0 4556409
7423.0 8433.0 6175473
7424.0 7705.0 574214
7424.0 10020.0 719467
7425.0 6522.0 3585637
7426.0 6037.0 9256522
7426.0 8362.0 10287594
7426.0 8595.0 4960788
7427.0 6714.0 9127510
7427.0 7634.0 8774790
7427.0 8787.0 10177480
7428.0 7392.0 6963836
7429.0 6664.0 9524884
7430.0 5936.0 9584156
7431.0 7999.0 6737789
7431.0 8019.0 8743188
7432.0 9151.0 3025660
7433.0 8656.0 5668507
7434.0 6310.0 797358
7434.0 9798.0 6229277
7435.0 7463.0 6806091
7436.0 6958.0 5900120
7436.0 9738.0 9986085
7437.0 6937.0 10389624
7438.0 7847.0 7172521
7438.0 8312.0 9332405
7438.0 8767.0 1800808
7438.0 10172.0 5166144
7439.0 7584.0 10208531
7439.0 9910.0 3726085
7440.0 6644.0 10102509
7441.0 7312.0 6467715
7442.0 6594.0 7171888
7442.0 7534.0 9790498
7443.0 7726.0 11512165
7444.0 5856.0 5404128
7444.0 8181.0 10779703
7445.0 6078.0 2900618
7445.0 7908.0 2726720
7446.0 6736.0 2288535
7447.0 6250.0 11346038
7447.0 6483.0 2326509
7448.0 8080.0 1610529
7449.0 5967.0 7931569
7449.0 9445.0 3377183
7450.0 8262.0 6658483
7451.0 8717.0 9973074
7451.0 9172.0 2649665
7452.0 5897.0 5485570
7452.0 10072.0 11403464
7454.0 7029.0 1675106
7454.0 7484.0 9456414
7455.0 9081.0 9366371
7456.0 6049.0 10504875
7456.0 10214.0 6552561
7459.0 6210.0 1466346
7462.0 6615.0 1177205
7462.0 6837.0 9700637
7462.0 8455.0 9817949
7464.0 7252.0 3127706
7465.0 8617.0 3253590
7466.0 6504.0 1275519
7466.0 8364.0 519219
7467.0 6949.0 6239506
7467.0 7181.0 821604
7468.0 8789.0 241871
7469.0 6433.0 7850799
7471.0 6858.0 2688496
7472.0 6140.0 10063366
7472.0 9618.0 2918127
7473.0 7980.0 2344364
7474.0 8405.0 7849830
7475.0 6080.0 7987377
7475.0 6777.0 5178539
7475.0 7697.0 6018105
7475.0 9325.0 1031464
7476.0 7212.0 10187048
7476.0 7444.0 7094737
7477.0 6039.0 11199544
7477.0 9962.0 3278025
7478.0 6009.0 2073708
7478.0 6474.0 7772521
7478.0 7627.0 1694153
7478.0 8082.0 2645032
7478.0 9012.0 8364371
7478.0 9709.0 7973697
7479.0 6211.0 11434778
7479.0 6686.0 4309465
7479.0 7596.0 5860598
7480.0 6889.0 10070743
7480.0 9436.0 7631651
7481.0 8719.0 3401479
7482.0 9851.0 1125725
7483.0 6353.0 8877544
7483.0 6575.0 5824767
7483.0 7040.0 1920886
7483.0 9356.0 10351688
7483.0 10296.0 10451710
7484.0 7263.0 8890215
7485.0 6545.0 2476160
7485.0 7000.0 4095435
7485.0 8153.0 9952871
7486.0 6292.0 11023481
7487.0 8567.0 791411
7487.0 9507.0 1706100
7489.0 6919.0 3242847
7489.0 7142.0 5954249
7489.0 9912.0 7894183
7490.0 6667.0 6593160
7490.0 7112.0 3980748
7490.0 8962.0 2003064
7490.0 9669.0 3360968
7493.0 6818.0 9593052
7493.0 8679.0 314466
7494.0 9578.0 8613651
7494.0 10033.0 10843414
7498.0 6232.0 2809892
7498.0 7870.0 10037233
7499.0 8315.0 454485
7499.0 9225.0 8595648
7500.0 10125.0 355126
7501.0 6394.0 6875603
7501.0 8254.0 3220102
7502.0 6839.0 8940349
7502.0 9397.0 4103206
7503.0 7062.0 10204599
7503.0 7739.0 11535825
7503.0 8214.0 4453155
7503.0 8912.0 1507789
7504.0 6576.0 1912999
7504.0 7961.0 1390015
7504.0 8426.0 2813955
7506.0 6061.0 4772463
7506.0 8831.0 11359235
7507.0 6263.0 141530
7507.0 7416.0 6622969
7507.0 9983.0 328384
7508.0 6708.0 4831890
7508.0 6951.0 3581850
7508.0 9033.0 9631919
7508.0 9953.0 11167274
7509.0 8538.0 1497714
7510.0 10145.0 6069505
7511.0 7790.0 1763690
7511.0 9650.0 2848328
7512.0 6607.0 10190573
7512.0 7537.0 9037958
7512.0 8932.0 10232435
7514.0 6344.0 10922051
7514.0 9114.0 1993837
7514.0 9802.0 526351
7515.0 7466.0 3839352
7515.0 8164.0 6670547
7515.0 9084.0 3734189
7517.0 9519.0 3585341
7518.0 6243.0 7416713
7518.0 8336.0 6244706
7519.0 6001.0 6229930
7519.0 6911.0 566851
7519.0 7153.0 1287263
7519.0 7851.0 10603045
7519.0 9468.0 10883252
7520.0 8043.0 5096169
7522.0 9863.0 10816906
7522.0 10318.0 2498845
7523.0 7760.0 960765
7524.0 6810.0 9095111
7524.0 7265.0 11752347
7524.0 9357.0 3629598
7525.0 7942.0 762729
7526.0 6992.0 8308517
7527.0 7194.0 6999146
7528.0 8094.0 6367807
7529.0 10389.0 617326
7530.0 8286.0 108709
7530.0 8529.0 3056487
7531.0 6183.0 1873856
7531.0 6416.0 2934941
7531.0 6638.0 2710072
7532.0 5931.0 7641977
7532.0 8013.0 7130704
7533.0 7073.0 10446768
7535.0 6315.0 2868992
7535.0 9570.0 4443293
7535.0 10258.0 8615526
7537.0 7670.0 442685
7539.0 6224.0 3037472
7539.0 9004.0 748146
7542.0 8701.0 10575171
7542.0 10096.0 1304356
7543.0 8226.0 8512160
7544.0 7033.0 1249290
7544.0 7731.0 11423626
7545.0 6780.0 8822316
7545.0 8186.0 3455143
7546.0 6760.0 11575068
7546.0 8145.0 5944706
7546.0 9995.0 7869121
7547.0 6285.0 8248702
7547.0 9753.0 8466764
7549.0 9935.0 10999991
7550.0 8984.0 2022168
7550.0 9682.0 3082157
7550.0 10147.0 1696053
7551.0 5952.0 6219861
7551.0 6872.0 5024994
7552.0 8024.0 7359371
7552.0 8469.0 9775873
7552.0 10339.0 7705322
7553.0 6376.0 11375350
7553.0 10309.0 10267133
7554.0 8894.0 11402333
7554.0 9834.0 9929672
7555.0 6103.0 3890612
7555.0 7488.0 10083993
7555.0 8631.0 9145918
7556.0 6083.0 11023793
7556.0 7236.0 6142203
7556.0 8611.0 1826225
7557.0 6518.0 5628384
7557.0 8833.0 9626902
7558.0 6710.0 4189452
7561.0 6660.0 9231762
7561.0 7357.0 10601208
7562.0 9642.0 8396879
7563.0 6609.0 2748021
7563.0 9157.0 11528840
7564.0 6811.0 6411637
7565.0 7711.0 1956039
7565.0 9116.0 10583650
7565.0 9582.0 10609766
7566.0 8379.0 5265835
7566.0 10249.0 9190747
7567.0 7903.0 4510222
7568.0 7196.0 9758812
7568.0 9491.0 5389704
7569.0 6003.0 1745133
7569.0 7155.0 11731827
7569.0 8096.0 529259
7569.0 9248.0 5810994
7569.0 9703.0 2852856
7569.0 10168.0 1210967
7570.0 6448.0 5272684
7572.0 6175.0 5489482
7572.0 7782.0 7685284
7572.0 8955.0 7827608
7572.0 9420.0 2441479
7572.0 9875.0 3304019
7573.0 8460.0 8205716
7573.0 8682.0 4316906
7574.0 7520.0 1637482
7574.0 8197.0 5437787
7575.0 9804.0 1223065
7576.0 9087.0 11003764
7577.0 6276.0 3550249
7577.0 9531.0 6097855
7578.0 7641.0 3091818
7579.0 7853.0 9230823
7579.0 8551.0 6104427
7580.0 6913.0 3896606
7580.0 8763.0 845182
7581.0 8278.0 88571
7582.0 7318.0 645442
7582.0 8723.0 8665707
7583.0 9380.0 4089938
7584.0 6135.0 9685239
7585.0 6570.0 3455648
7585.0 8420.0 8597798
7587.0 6762.0 4884027
7587.0 7439.0 9443705
7588.0 6044.0 5237868
7588.0 6964.0 5669477
7589.0 6479.0 5663485
7589.0 7389.0 2902440
7590.0 6904.0 11697221
7590.0 9006.0 9716434
7592.0 6873.0 10136950
7592.0 7561.0 4497338
7592.0 9178.0 11485561
7593.0 8006.0 9317794
7594.0 7045.0 6768738
7595.0 6105.0 928450
7595.0 8653.0 9566457
7595.0 8885.0 9617960
7596.0 8633.0 9271115
7597.0 7682.0 3009234
7597.0 8612.0 543370
7598.0 6257.0 7310636
7598.0 9270.0 4170363
7598.0 9502.0 11474202
7600.0 8077.0 2648174
7600.0 9462.0 5355851
7600.0 9704.0 8089686
7601.0 7581.0 10992960
7601.0 10372.0 7798835
7602.0 7106.0 8056534
7602.0 8259.0 7866263
7604.0 8218.0 2220824
7604.0 9846.0 692862
7605.0 6338.0 3913365
7606.0 9331.0 2451989
7607.0 6288.0 9663439
7607.0 6985.0 5254661
7607.0 7460.0 1395656
7607.0 8835.0 4330246
7607.0 9533.0 4349162
7611.0 7814.0 10138175
7611.0 8522.0 1477507
7613.0 5924.0 5838463
7613.0 6621.0 11495255
7613.0 6854.0 7022833
7614.0 7056.0 9572758
7615.0 6793.0 8013169
7615.0 7724.0 2007087
7615.0 10049.0 3267699
7616.0 6318.0 1908552
7617.0 6763.0 680397
7617.0 7228.0 2451920
7618.0 6510.0 3669863
7618.0 8118.0 5186743
7618.0 9978.0 9030264
7619.0 8330.0 2032735
7620.0 7845.0 8759615
7620.0 10160.0 10778050
7624.0 6137.0 8641722
7625.0 7269.0 9181267
7625.0 8654.0 1068566
7626.0 7936.0 1990811
7626.0 8169.0 5043425
7626.0 9099.0 2176435
7627.0 6076.0 7987481
7628.0 6268.0 3887310
7628.0 8361.0 6803017
7629.0 6248.0 9692004
7629.0 9038.0 8844710
7630.0 6450.0 5841237
7630.0 6693.0 8592942
7630.0 6915.0 6837509
7632.0 7350.0 8251898
7632.0 10130.0 6222048
7633.0 6400.0 11195120
7633.0 8007.0 7197681
7633.0 9170.0 792749
7633.0 9413.0 3945213
7634.0 9382.0 560755
7634.0 10312.0 1643947
7635.0 6339.0 5654111
7635.0 9817.0 10467739
7635.0 10505.0 7416952
7636.0 6087.0 4000353
7636.0 9564.0 9052416
7636.0 9797.0 8011189
7637.0 7007.0 1790307
7638.0 7896.0 6251361
7639.0 6016.0 6065856
7639.0 7654.0 7105877
7639.0 7886.0 6148832
7639.0 8099.0 11225239
7640.0 6704.0 2538571
7640.0 7148.0 2260289
7640.0 9939.0 1389741
7642.0 7118.0 7817810
7642.0 9656.0 7860919
7642.0 10576.0 6125719
7644.0 6370.0 8403480
7644.0 6603.0 540427
7644.0 10545.0 7309389
7646.0 7482.0 3510934
7646.0 8170.0 7186367
7646.0 10262.0 9117303
7648.0 6522.0 4183164
7648.0 7432.0 2890564
7649.0 8807.0 2976820
7650.0 7614.0 10495089
7650.0 9019.0 8201082
7650.0 10182.0 5874704
7651.0 5976.0 10846396
7652.0 6886.0 5284910
7653.0 6168.0 11105094
7653.0 7786.0 6893495
7653.0 8241.0 9723939
7653.0 8473.0 8191031
7654.0 7523.0 6311990
7654.0 8453.0 436992
7654.0 9151.0 1108582
7654.0 9393.0 2132417
7655.0 10061.0 10161945
7656.0 9333.0 712178
7657.0 7240.0 11210531
7658.0 6057.0 6884517
7658.0 9302.0 50033
7659.0 8120.0 6372409
7659.0 8342.0 3234243
7659.0 9505.0 2764409
7659.0 9727.0 387251
7660.0 6229.0 3831061
7660.0 6462.0 2279070
7660.0 6937.0 6583288
7661.0 8302.0 10891012
7662.0 6432.0 3120135
7663.0 8716.0 2178068
7663.0 9879.0 10675809
7664.0 8221.0 5059001
7665.0 6351.0 4309723
7665.0 6816.0 5641872
7665.0 8676.0 6335339
7665.0 10294.0 3531913
7667.0 6078.0 613055
7667.0 6765.0 6661556
7667.0 9081.0 11643660
7668.0 7453.0 8490357
7669.0 7180.0 4309864
7669.0 8585.0 10982592
7671.0 6907.0 8771642
7672.0 8747.0 6935806
7672.0 9677.0 5925564
7675.0 7291.0 4820298
7676.0 7029.0 10143506
7676.0 8879.0 17721
7677.0 6088.0 520635
7677.0 6998.0 7261031
7677.0 7928.0 1687657
7678.0 8151.0 8708816
7680.0 7858.0 3418702
7680.0 8100.0 2599574
7680.0 9030.0 10877243
7681.0 5977.0 5108814
7682.0 9202.0 626991
7684.0 6149.0 662476
7684.0 6847.0 1655036
7685.0 7059.0 6181659
7685.0 8212.0 3868598
7686.0 6574.0 5458354
7686.0 9567.0 8195948
7687.0 6786.0 10908832
7688.0 6301.0 4441973
7689.0 6726.0 2039332
7690.0 6018.0 5597650
7690.0 9486.0 6434562
7691.0 6463.0 1791416
7691.0 6686.0 2680014
7691.0 9466.0 8203190
7692.0 8273.0 4142195
7692.0 9900.0 3234680
7693.0 7333.0 11792355
7693.0 8495.0 7786327
7693.0 8718.0 2813454
7693.0 8728.0 10315806
7693.0 8950.0 6098962
7693.0 9415.0 5974874
7694.0 7545.0 11334298
7695.0 8910.0 9989364
7695.0 9365.0 514759
7696.0 7262.0 10357755
7696.0 7505.0 8503797
7696.0 8415.0 6918039
7696.0 9122.0 11062189
7696.0 10032.0 5725449
7696.0 10497.0 1167790
7698.0 7909.0 8219120
7698.0 9992.0 5314857
7699.0 6039.0 5829508
7699.0 8354.0 1326628
7699.0 8587.0 2672009
7699.0 10437.0 8484785
7700.0 7181.0 11683979
7700.0 7626.0 5721657
7700.0 10194.0 6223225
7700.0 10406.0 2228881
7701.0 8769.0 6247688
7702.0 6191.0 11079810
7702.0 8293.0 3198979
7704.0 7768.0 7463149
7704.0 9163.0 11222536
7704.0 9861.0 3218634
7705.0 6595.0 6526643
7706.0 7738.0 5289314
7706.0 9810.0 7799200
7707.0 7697.0 9146241
7707.0 7950.0 6043696
7708.0 6525.0 7089498
7708.0 6757.0 7775386
7708.0 9295.0 10577829
7709.0 6959.0 1851432
7709.0 8830.0 3357344
7710.0 10407.0 6006455
7711.0 6221.0 8537432
7712.0 7121.0 347756
7713.0 6424.0 6589794
7713.0 6636.0 11131695
7714.0 10326.0 10776370
7715.0 8213.0 9446548
7715.0 8678.0 10610698
7716.0 8426.0 4560122
7717.0 6090.0 663664
7718.0 6303.0 1071847
7719.0 6737.0 7830394
7719.0 6980.0 7077119
7719.0 7425.0 7394064
7720.0 6485.0 8950780
7720.0 8577.0 4226378
7720.0 9265.0 11642236
7720.0 9952.0 3237380
7721.0 8537.0 9024413
7721.0 9002.0 10978291
7721.0 10154.0 3229873
7721.0 10620.0 8549004
7723.0 6869.0 6155514
7723.0 8042.0 2027890
7725.0 7061.0 7759929
7725.0 7294.0 1450825
7725.0 10084.0 2602317
7726.0 6808.0 6119420
7727.0 10266.0 2730969
7730.0 7183.0 1405411
7731.0 6242.0 7407756
7731.0 7395.0 6963620
7732.0 7365.0 4384427
7732.0 7840.0 11409863
7736.0 8194.0 5805180
7737.0 6779.0 4530789
7737.0 8406.0 837110
7737.0 8871.0 10571179
7739.0 6748.0 2186005
7739.0 7213.0 4171540
7739.0 7446.0 2533679
7740.0 9508.0 4054994
7740.0 9731.0 10876541
7741.0 6708.0 1543283
7741.0 6930.0 3985745
7741.0 10165.0 321099
7744.0 8942.0 9506407
7745.0 6607.0 8026409
7745.0 9145.0 3737888
7745.0 9610.0 5480917
7747.0 6567.0 4050741
7747.0 7709.0 1591347
7747.0 10024.0 762741
7747.0 10499.0 965658
7748.0 9539.0 6592985
7749.0 6294.0 6993073
7749.0 7669.0 672993
7749.0 8144.0 11363200
7749.0 9296.0 7631775
7750.0 10429.0 7116242
7752.0 6446.0 7341272
7752.0 8761.0 9349716
7752.0 10621.0 1724515
7753.0 7800.0 10621500
7753.0 7821.0 3105360
7753.0 8053.0 6533702
7753.0 8508.0 4869043
7754.0 8023.0 4165279
7754.0 8720.0 7231771
7754.0 9650.0 8413924
7754.0 9883.0 7789169
7755.0 6142.0 1074946
7755.0 6375.0 7423593
7756.0 7052.0 4148675
7758.0 7002.0 422313
7758.0 9084.0 7662171
7759.0 6527.0 6936006
7759.0 9064.0 6101931
7760.0 6264.0 3842202
7760.0 8801.0 10133710
7762.0 6668.0 8499509
7762.0 8296.0 4719391
7762.0 9004.0 4936034
7762.0 9226.0 5296570
7765.0 9843.0 5472484
7766.0 7275.0 10737984
7766.0 7973.0 7448246
7766.0 9823.0 5543647
7767.0 10268.0 8791742
7769.0 6972.0 3072228
7770.0 6022.0 3734431
7770.0 7184.0 9253232
7770.0 7649.0 8551042
7770.0 7882.0 6770421
7770.0 10197.0 1361409
7771.0 8084.0 2734528
7771.0 9014.0 11197393
7772.0 6922.0 4707
7772.0 9924.0 11056082
7773.0 6194.0 6126918
7773.0 7114.0 951035
7774.0 7336.0 99156
7775.0 10329.0 7970177
7778.0 6538.0 8609887
7779.0 9763.0 8132303
7779.0 9985.0 11626072
7779.0 10450.0 2853280
7780.0 6487.0 6271494
7780.0 8590.0 8785028
7781.0 8327.0 10522668
7781.0 8802.0 7534149
7782.0 7610.0 8325209
7782.0 10380.0 1458290
7784.0 8267.0 2703429
7784.0 9874.0 10609118
7785.0 8236.0 2393797
7785.0 10562.0 8974186
7786.0 6124.0 2294787
7786.0 7519.0 3927801
7787.0 7721.0 5107660
7787.0 9116.0 1233539
7787.0 9338.0 10205876
7788.0 6073.0 426385
7789.0 7458.0 8447410
7789.0 9076.0 213160
7789.0 9531.0 8061526
7790.0 6265.0 6239995
7790.0 7650.0 1004229
7791.0 6943.0 2962753
7791.0 9258.0 1795437
7792.0 6457.0 10217688
7792.0 8065.0 9468077
7792.0 10633.0 3071953
7794.0 6872.0 1216287
7794.0 7802.0 6743695
7794.0 10107.0 6090758
7795.0 6164.0 1183352
7795.0 6619.0 2404965
7796.0 6832.0 9590470
7796.0 8682.0 2406591
7796.0 10542.0 661622
7797.0 8884.0 6159569
7797.0 9592.0 6140855
7798.0 7236.0 1936194
7799.0 6761.0 9029796
7799.0 8389.0 92404
7799.0 8834.0 1185447
7801.0 6246.0 7707138
7802.0 5993.0 8563385
7802.0 7378.0 5195185
7803.0 9208.0 7330197
7803.0 10613.0 522276
7804.0 6650.0 1313842
7805.0 5922.0 6733373
7806.0 8450.0 6581209
7807.0 7975.0 5427919
7807.0 8429.0 5800420
7808.0 8642.0 7200019
7808.0 9794.0 3914779
7809.0 7681.0 10324588
7809.0 10229.0 4894532
7810.0 6741.0 1454191
7810.0 7206.0 1183308
7810.0 9279.0 10552807
7810.0 10431.0 6013490
7810.0 10674.0 10807239
7811.0 6024.0 4708248
7812.0 7853.0 9176580
7812.0 9006.0 11256080
7813.0 7126.0 351514
7813.0 8531.0 1862362
7814.0 8025.0 4812126
7814.0 9431.0 10919034
7816.0 8693.0 6632990
7817.0 6105.0 11566751
7817.0 7045.0 7439275
7817.0 10290.0 4275233
7818.0 9330.0 6171382
7819.0 6529.0 1854393
7819.0 9542.0 6235462
7819.0 10240.0 8628251
7820.0 6044.0 7109887
7820.0 6964.0 7546677
7820.0 10209.0 3661131
7823.0 7591.0 11078050
7824.0 6408.0 5810441
7824.0 8734.0 4180381
7824.0 8956.0 4930507
7824.0 9653.0 6084928
7826.0 6135.0 4596513
7826.0 6378.0 7891071
7826.0 6611.0 11401201
7826.0 10068.0 7617545
7828.0 7723.0 1434952
7828.0 7935.0 7418597
7830.0 7197.0 198240
7831.0 9957.0 5502608
7832.0 6459.0 3770616
7832.0 6924.0 9457462
7833.0 6207.0 8521188
7834.0 5954.0 1320566
7834.0 10351.0 5085871
7835.0 6864.0 10805060
7835.0 8471.0 10210699
7835.0 9866.0 1671054
7836.0 7521.0 1107984
7836.0 8916.0 5715423
7836.0 9856.0 8530529
7837.0 7036.0 495984
7837.0 7966.0 10646853
7837.0 8663.0 3287115
7837.0 10048.0 7660682
7838.0 9806.0 6502615
7838.0 10503.0 7558316
7839.0 6298.0 11048219
7839.0 8855.0 8640752
7840.0 8603.0 11756265
7840.0 9300.0 4239659
7840.0 10675.0 570138
7841.0 8118.0 7020798
7841.0 9280.0 8216144
7843.0 6905.0 6092061
7843.0 8057.0 1127422
7844.0 8512.0 7131932
7847.0 9371.0 9227282
7848.0 8421.0 5745801
7849.0 6066.0 1211709
7851.0 6733.0 1469313
7851.0 7643.0 7354655
7851.0 8805.0 6300814
7851.0 9503.0 6030984
7851.0 9736.0 7433714
7852.0 6238.0 2569187
7852.0 6703.0 5584418
7853.0 7845.0 2558711
7854.0 7582.0 8874544
7854.0 9200.0 6016612
7854.0 9675.0 10711230
7855.0 7795.0 6707490
7855.0 8027.0 8855505
7856.0 6147.0 9280468
7856.0 7067.0 8421622
7856.0 7764.0 8831991
7856.0 10322.0 4274241
7857.0 7279.0 9266311
7857.0 9604.0 2401313
7859.0 6996.0 11653195
7859.0 8866.0 7714557
7860.0 6289.0 9411917
7860.0 7441.0 2528049
7860.0 8149.0 521258
7861.0 8573.0 3264109
7861.0 9049.0 9404560
7862.0 7158.0 8065382
7862.0 8098.0 9846838
7862.0 9251.0 4755404
7862.0 10403.0 6673906
7863.0 6683.0 4853016
7864.0 6188.0 10015170
7865.0 6410.0 2161743
7865.0 6643.0 10002894
7865.0 7108.0 7888811
7865.0 8725.0 5386083
7866.0 9625.0 124015
7867.0 6370.0 5448484
7867.0 6592.0 2219244
7868.0 8877.0 9794218
7869.0 7229.0 10475728
7869.0 7927.0 2585918
7869.0 8169.0 1394171
7870.0 7684.0 2901970
7871.0 8816.0 8322306
7872.0 9494.0 5193276
7872.0 9939.0 9729186
7873.0 8533.0 6359419
7873.0 8766.0 10310352
7874.0 9211.0 2778961
7874.0 9443.0 3606084
7875.0 9878.0 3224635
7875.0 10576.0 9733443
7876.0 7998.0 7880434
7877.0 6582.0 10042904
7877.0 7513.0 8563354
7877.0 9140.0 4203317
7878.0 6795.0 978246
7878.0 7957.0 11580523
7878.0 9575.0 7148266
7878.0 9818.0 199894
7879.0 9332.0 11258529
7880.0 6532.0 8908196
7881.0 6027.0 4424364
7881.0 8584.0 322633
7884.0 7826.0 2697728
7884.0 8524.0 7173918
7885.0 8039.0 2463712
7886.0 8706.0 10763013
7887.0 6361.0 7385927
7887.0 9373.0 9286169
7889.0 6310.0 8687653
7889.0 7928.0 8778009
7890.0 6067.0 3751221
7890.0 7463.0 2670674
7890.0 7907.0 2376727
7891.0 6725.0 11726418
7892.0 6472.0 3105800
7892.0 7402.0 266512
7892.0 10415.0 9727085
7893.0 6927.0 11285876
7894.0 6209.0 3938438
7896.0 8474.0 6397712
7896.0 10334.0 9898178
7897.0 6604.0 5707987
7897.0 7069.0 1107133
7897.0 8454.0 6888302
7899.0 6098.0 8607523
7900.0 8150.0 6892195
7900.0 10011.0 5582657
7902.0 8787.0 4211970
7902.0 9718.0 7912700
7902.0 9960.0 210480
7903.0 7625.0 5943190
7904.0 7837.0 321299
7905.0 6644.0 10571783
7906.0 6159.0 7735310
7906.0 6624.0 5673645
7906.0 10324.0 671592
7907.0 7767.0 4970933
7907.0 10072.0 5853808
7909.0 9111.0 7837548
7909.0 9566.0 1321498
7910.0 6291.0 11215162
7911.0 8121.0 8275705
7911.0 9758.0 10923625
7912.0 6493.0 2240042
7912.0 8565.0 5092283
7913.0 7393.0 4440798
7913.0 10395.0 4827699
7914.0 7373.0 8989598
7914.0 9910.0 3833382
7915.0 8040.0 404939
7915.0 8970.0 4252667
7915.0 10345.0 3186478
7917.0 6827.0 9406390
7918.0 6584.0 8867395
7918.0 7979.0 5792237
7918.0 8424.0 5694755
7918.0 9819.0 5810644
7919.0 7484.0 11583172
7919.0 9334.0 4396053
7920.0 6311.0 2833426
7920.0 10477.0 3152602
7921.0 7444.0 1251289
7921.0 9294.0 3473095
7923.0 6928.0 7153502
7923.0 8081.0 10953993
7924.0 9456.0 9857724
7924.0 9688.0 477290
7925.0 7353.0 3111882
7925.0 7808.0 2513283
7925.0 9890.0 4562568
7926.0 8940.0 11798748
7926.0 9405.0 3284581
7926.0 9648.0 9772662
7927.0 7060.0 8256561
7928.0 8677.0 4115987
7929.0 10032.0 10504914
7930.0 6079.0 8217194
7930.0 6544.0 10541150
7930.0 8849.0 7795594
7931.0 6969.0 3171504
7931.0 7667.0 7376982
7932.0 6716.0 11759532
7932.0 8799.0 5523168
7932.0 9507.0 7615832
7934.0 7131.0 6238712
7934.0 9234.0 2724179
7935.0 6191.0 2701334
7935.0 6423.0 6793379
7935.0 9193.0 395135
7936.0 7566.0 4294933
7937.0 9153.0 3439269
7937.0 9851.0 8534361
7938.0 6353.0 6520388
7938.0 7283.0 7605232
7938.0 7970.0 3956699
7938.0 10528.0 2421843
7940.0 6777.0 2633692
7940.0 7232.0 10831083
7940.0 9790.0 9375310
7944.0 6221.0 8346701
7945.0 6879.0 7760799
7946.0 8021.0 4042851
7947.0 7526.0 6164409
7947.0 10073.0 2430575
7949.0 6323.0 2813398
7951.0 6990.0 10852737
7952.0 6262.0 8105733
7952.0 6505.0 9202742
7952.0 8577.0 6778124
7952.0 9730.0 6041814
7953.0 6464.0 11472872
7953.0 9012.0 10483314
7954.0 9932.0 8889458
7955.0 9204.0 10480997
7958.0 9134.0 6109932
7959.0 8426.0 189590
7959.0 8891.0 3995536
7959.0 10509.0 519486
7961.0 6050.0 6456588
7961.0 7456.0 8208729
7961.0 9538.0 465837
7962.0 7890.0 2621342
7963.0 9255.0 5907474
7963.0 9710.0 6467015
7964.0 6687.0 4616305
7964.0 8527.0 3638236
7965.0 8052.0 9464729
7965.0 10590.0 809691
7966.0 6859.0 10505193
7966.0 7800.0 4351910
7966.0 9174.0 10540113
7966.0 9872.0 6278085
7967.0 6384.0 2397400
7967.0 7769.0 4849927
7967.0 8002.0 5515355
7967.0 9387.0 1935521
7971.0 6526.0 1412954
7971.0 6758.0 11172275
7971.0 7689.0 9367375
7971.0 8133.0 9963456
7972.0 7416.0 6992761
7973.0 6253.0 3071021
7973.0 7183.0 4590117
7974.0 6920.0 111323
7975.0 8295.0 8982078
7975.0 9448.0 8375686
7976.0 7578.0 5414972
7978.0 6354.0 8945712
7978.0 9145.0 2219566
7979.0 6809.0 5589483
7982.0 7659.0 11267311
7983.0 7163.0 10480870
7983.0 7396.0 4582799
7983.0 7871.0 3246852
7983.0 8104.0 7772426
7984.0 6466.0 9276419
7984.0 10398.0 98269
7985.0 6193.0 10431391
7986.0 6648.0 10816517
7986.0 7103.0 5566833
7986.0 7335.0 6786732
7986.0 10105.0 9036768
7988.0 8690.0 2837621
7989.0 6122.0 11068483
7989.0 6567.0 3428281
7990.0 7245.0 469787
7990.0 7932.0 2847193
7991.0 9064.0 10790996
7992.0 9287.0 10410120
7993.0 6941.0 5167957
7994.0 9014.0 8123121
7995.0 8529.0 4918263
7996.0 8043.0 11671526
7996.0 8721.0 398350
7996.0 8953.0 6061529
7996.0 10348.0 11687529
7998.0 6608.0 1307501
7998.0 7285.0 4071234
7998.0 10531.0 9120766
7999.0 9348.0 1171307
7999.0 9580.0 11005536
8000.0 6315.0 2267942
8000.0 6547.0 3426564
8001.0 7700.0 3284554
8001.0 8842.0 9291536
8002.0 6729.0 7213782
8002.0 6962.0 9968045
8002.0 8822.0 10048269
8004.0 8094.0 5828164
8004.0 9924.0 4986311
8005.0 8762.0 7465573
8006.0 6881.0 5335832
8006.0 7569.0 307541
8007.0 8004.0 7748072
8007.0 8479.0 9891560
8007.0 9176.0 10131406
8008.0 6831.0 9622728
8008.0 8448.0 10792291
8009.0 9116.0 4383475
8010.0 6336.0 7725531
8010.0 7256.0 1595144
8010.0 8175.0 2072946
8011.0 7933.0 6411741
8012.0 6275.0 1695534
8012.0 7893.0 4199577
8013.0 6497.0 5899097
8013.0 9490.0 2430211
8015.0 6437.0 6077552
8016.0 7812.0 2233258
8016.0 9429.0 726715
8016.0 10349.0 222099
8017.0 9874.0 4158403
8017.0 10572.0 3528414
8019.0 9834.0 5626417
8020.0 6781.0 3326883
8020.0 9349.0 3238594
8021.0 8146.0 11462390
8022.0 8125.0 10553736
8022.0 8601.0 6270949
8022.0 9763.0 514278
8024.0 7155.0 9178407
8026.0 6650.0 3657268
8026.0 7347.0 10186509
8026.0 8035.0 7967200
8026.0 9197.0 7815717
8027.0 6407.0 5705555
8027.0 9400.0 3671645
8027.0 10330.0 9727908
8028.0 7074.0 2596741
8028.0 7297.0 11534165
8029.0 7519.0 338800
8029.0 10299.0 3410408
8030.0 7954.0 7547111
8030.0 9561.0 9385615
8031.0 6316.0 11051492
8031.0 7004.0 10963966
8031.0 10016.0 11161574
8032.0 9056.0 11195213
8033.0 6721.0 8570516
8033.0 7196.0 1524676
8033.0 7661.0 820643
8033.0 8813.0 6367372
8034.0 6923.0 11498408
8034.0 6943.0 5979641
8034.0 7398.0 9974621
8034.0 9016.0 2365772
8035.0 6438.0 4585664
8036.0 6883.0 7998595
8036.0 10118.0 31924
8036.0 10350.0 9389725
8036.0 10370.0 8603655
8037.0 7782.0 4800418
8038.0 6145.0 3532321
8039.0 6357.0 2268321
8039.0 8662.0 7376328
8039.0 10067.0 10394832
8040.0 6569.0 5847417
8040.0 6802.0 11541277
8040.0 7722.0 3808479
8041.0 9087.0 7344253
8042.0 7904.0 3143865
8043.0 6499.0 9311464
8044.0 7166.0 578695
8044.0 9481.0 5726321
8044.0 9956.0 613188
8045.0 6216.0 5912547
8045.0 7601.0 8853477
8045.0 9451.0 6401454
8045.0 9683.0 10354176
8047.0 7571.0 6730325
8047.0 8015.0 10151543
8047.0 8723.0 5087734
8049.0 6600.0 2360142
8049.0 9128.0 10919289
8049.0 9593.0 7426630
8050.0 10270.0 7561954
8051.0 8167.0 10982113
8054.0 6701.0 10153547
8055.0 7136.0 10378930
8056.0 6883.0 1381175
8056.0 9199.0 9255152
8058.0 6621.0 8530722
8058.0 6843.0 4742408
8061.0 7480.0 6364185
8061.0 8400.0 2931329
8062.0 6297.0 11404170
8063.0 7652.0 3874220
8065.0 9462.0 2104154
8066.0 6439.0 2893759
8066.0 7116.0 529377
8067.0 6651.0 1079434
8067.0 8481.0 8965705
8068.0 9391.0 10541567
8068.0 10089.0 3813213
8068.0 10331.0 5192584
8069.0 8684.0 5238778
8070.0 8421.0 10697820
8071.0 7248.0 11134456
8071.0 8633.0 8271193
8071.0 9321.0 125563
8071.0 9563.0 6070904
8071.0 9796.0 4871331
8072.0 9988.0 4275171
8073.0 6733.0 2133161
8073.0 9523.0 2329518
8074.0 6490.0 1750808
8076.0 8057.0 10326818
8077.0 6187.0 1815787
8077.0 7329.0 2549773
8077.0 8037.0 3224154
8077.0 9887.0 5920221
8079.0 8451.0 8385254
8080.0 6339.0 7177962
8080.0 6814.0 4616200
8081.0 8876.0 77902
8081.0 9099.0 8895628
8082.0 8138.0 160534
8084.0 8573.0 8524576
8084.0 9260.0 9797475
8085.0 6450.0 10591602
8085.0 9008.0 5282543
8085.0 9705.0 8228624
8085.0 9928.0 6731904
8087.0 10110.0 11345472
8088.0 7775.0 2542181
8089.0 7057.0 6795571
8089.0 9139.0 9775088
8089.0 9847.0 11398054
8090.0 8654.0 5200339
8091.0 6319.0 1540421
8091.0 6551.0 502641
8091.0 6774.0 3066537
8091.0 7714.0 4141204
8091.0 10019.0 2645948
8092.0 6521.0 6778630
8092.0 6541.0 10302245
8092.0 7451.0 1078945
8092.0 9069.0 8050424
8095.0 6936.0 3221336
8096.0 8513.0 8147283
8096.0 9453.0 6360789
8098.0 8007.0 8572053
8098.0 8948.0 5600157
8098.0 9170.0 11388238
8100.0 7967.0 3417475
8103.0 6269.0 11444107
8103.0 8129.0 11200959
8103.0 8351.0 5691928
8103.0 8372.0 4164010
8104.0 6481.0 7903825
8104.0 7421.0 1201182
8104.0 9029.0 2143721
8105.0 6239.0 1171999
8107.0 9201.0 4926663
8108.0 8483.0 10380030
8108.0 9636.0 5918360
8109.0 6380.0 10137776
8109.0 6603.0 8178251
8112.0 9777.0 791543
8113.0 7209.0 9800199
8113.0 9070.0 1489397
8114.0 9727.0 1860309
8115.0 7392.0 5460192
8117.0 6876.0 6061644
8117.0 8049.0 10926653
8118.0 7796.0 10344234
8118.0 8716.0 8188223
8119.0 7068.0 4433692
8119.0 8928.0 2818933
8119.0 10081.0 2229422
8120.0 6815.0 4079060
8121.0 7260.0 2934990
8121.0 7958.0 7250533
8121.0 8403.0 11250919
8122.0 7928.0 1410410
8123.0 6987.0 5617920
8124.0 8575.0 5596557
8125.0 9940.0 8417083
8126.0 7139.0 5553054
8126.0 8069.0 11661338
8126.0 8534.0 8335467
8127.0 7352.0 6467438
8128.0 9404.0 11079792
8129.0 7756.0 10549835
8129.0 9161.0 3498451
8129.0 9849.0 77275
8131.0 6331.0 8144141
8132.0 8151.0 7377809
8133.0 7685.0 4878240
8133.0 8130.0 10490652
8134.0 6735.0 1593574
8134.0 8343.0 6244972
8135.0 6240.0 3167917
8135.0 6927.0 7994595
8135.0 8090.0 8773897
8136.0 6210.0 5301130
8136.0 8292.0 3755991
8136.0 9697.0 3216259
8137.0 6432.0 3265365
8137.0 8050.0 2507091
8138.0 7099.0 10070800
8138.0 7554.0 10263171
8139.0 8009.0 4577740
8141.0 7039.0 8656888
8141.0 9111.0 9870366
8142.0 6543.0 8356700
8142.0 8859.0 10611071
8142.0 10011.0 9921944
8145.0 8101.0 7146637
8145.0 9243.0 1020188
8145.0 9496.0 396659
8147.0 9668.0 8250035
8148.0 6877.0 1215037
8148.0 7322.0 3060186
8149.0 6160.0 4225396
8150.0 8667.0 10623109
8151.0 8889.0 2329612
8152.0 6311.0 1182769
8153.0 7221.0 3210268
8153.0 9304.0 6495124
8154.0 6493.0 11506403
8154.0 7879.0 2468636
8154.0 9516.0 3258719
8155.0 7626.0 1851791
8155.0 9264.0 6974670
8156.0 9011.0 5369360
8157.0 6655.0 2788555
8157.0 9901.0 10901731
8158.0 9415.0 9842318
8159.0 6393.0 2321165
8159.0 6837.0 9966916
8159.0 7778.0 11229665
8160.0 7292.0 5450933
8161.0 8425.0 8034212
8162.0 6787.0 8207170
8164.0 9982.0 9975707
8165.0 6716.0 5867335
8166.0 7151.0 1749360
8166.0 8304.0 11783358
8167.0 8061.0 7666899
8168.0 8728.0 7298231
8169.0 6626.0 4839593
8169.0 8466.0 9697730
8169.0 8931.0 4996236
8170.0 7990.0 2033531
8171.0 6575.0 1928256
8171.0 7040.0 283678
8172.0 7697.0 3423336
8172.0 8395.0 3541698
8172.0 9335.0 7071819
8173.0 7232.0 10347623
8174.0 6282.0 678424
8174.0 6504.0 8779124
8174.0 6747.0 536478
8174.0 6969.0 8115468
8174.0 8587.0 6830378
8174.0 9507.0 6637220
8176.0 6454.0 9563548
8176.0 6929.0 8368059
8176.0 8072.0 3431242
8178.0 8264.0 1851311
8179.0 9629.0 7071020
8180.0 7516.0 10060529
8181.0 9366.0 1359150
8181.0 10043.0 8344658
8182.0 8648.0 10647092
8183.0 7910.0 6722132
8183.0 8143.0 1353610
8184.0 7213.0 4486447
8185.0 8800.0 1439269
8186.0 8547.0 58177
8187.0 7354.0 7219690
8187.0 8517.0 9373565
8188.0 9437.0 8735152
8189.0 7557.0 3914354
8190.0 6374.0 8409357
8190.0 8679.0 9480880
8191.0 6586.0 9272295
8192.0 8173.0 10111537
8192.0 9103.0 11727386
8192.0 9791.0 11275089
8193.0 6526.0 9004698
8193.0 8851.0 5353922
8195.0 9255.0 979766
8196.0 9943.0 1526487
8198.0 7112.0 6647896
8198.0 8972.0 161079
8199.0 6637.0 1496443
8199.0 8012.0 6916410
8200.0 6829.0 7136925
8200.0 7304.0 3750732
8201.0 8437.0 11234816
8201.0 8892.0 238769
8202.0 6334.0 3505638
8202.0 7021.0 187714
8202.0 9559.0 2918797
8203.0 6304.0 7066619
8203.0 7466.0 11433437
8204.0 7668.0 3414371
8204.0 8366.0 11369405
8206.0 9013.0 2552395
8207.0 6900.0 8669445
8207.0 7598.0 6602880
8209.0 6405.0 9964607
8209.0 8487.0 6750573
8209.0 9650.0 9377304
8210.0 9145.0 10138883
8210.0 9387.0 11611830
8211.0 7739.0 11749246
8211.0 9124.0 8549886
8212.0 7497.0 4791673
8212.0 8174.0 8232422
8212.0 9579.0 3989893
8212.0 10034.0 4992186
8213.0 9074.0 5024242
8214.0 6516.0 1140365
8215.0 7184.0 2913165
8216.0 6941.0 3746397
8216.0 7851.0 9117639
8216.0 9711.0 2850792
8217.0 6688.0 659401
8217.0 7376.0 11706049
8218.0 8053.0 11480371
8219.0 6870.0 2207715
8219.0 7335.0 8991271
8219.0 9185.0 11049396
8220.0 6618.0 4114083
8220.0 8235.0 91278
8221.0 8205.0 10941956
8221.0 9822.0 9009916
8223.0 8397.0 8083910
8223.0 8852.0 9552405
8224.0 6749.0 4155828
8224.0 6972.0 380142
8225.0 6497.0 1406655
8225.0 8357.0 9385175
8227.0 8306.0 7928
8228.0 8974.0 229631
8229.0 8266.0 11096799
8229.0 8711.0 4023182
8230.0 7771.0 5461649
8231.0 6578.0 6908280
8231.0 6820.0 5919159
8238.0 6891.0 1013135
8238.0 7589.0 5375726
8238.0 7811.0 5697178
8238.0 9894.0 5475939
8241.0 8438.0 9379304
8242.0 6558.0 7177708
8242.0 7023.0 7744623
8243.0 6780.0 9231350
8243.0 8641.0 9754316
8243.0 9561.0 9450825
8243.0 9793.0 9321233
8243.0 10016.0 6599945
8244.0 7225.0 6249894
8244.0 7458.0 3943807
8244.0 9075.0 2686980
8245.0 6720.0 9901101
8245.0 6740.0 8502692
8245.0 7185.0 8364543
8245.0 9268.0 11800015
8246.0 6467.0 750497
8246.0 9035.0 3579110
8247.0 8075.0 7751631
8248.0 7367.0 3593477
8249.0 6407.0 1873601
8249.0 7559.0 4746285
8250.0 6609.0 9358531
8250.0 9632.0 2502363
8251.0 7984.0 3905457
8253.0 6326.0 1681987
8253.0 9328.0 9939296
8254.0 6518.0 3058013
8256.0 6943.0 2189859
8256.0 9015.0 8596553
8256.0 9490.0 10349195
8257.0 7610.0 2796911
8257.0 7853.0 8608981
8257.0 8318.0 5495001
8257.0 9703.0 776951
8259.0 8025.0 6179028
8260.0 7307.0 4398997
8260.0 8015.0 4604339
8260.0 9400.0 6902912
8261.0 6832.0 10198501
8261.0 8217.0 10453406
8262.0 9814.0 5559138
8264.0 6539.0 4563167
8264.0 7691.0 10524561
8264.0 8834.0 5344537
8265.0 6731.0 5677297
8265.0 7428.0 2270813
8265.0 8591.0 3052501
8266.0 7166.0 11022579
8266.0 8338.0 7013436
8267.0 6448.0 7920725
8267.0 8551.0 1602341
8269.0 8500.0 4373363
8269.0 8955.0 3869755
8270.0 8702.0 6008146
8271.0 9137.0 10775161
8272.0 6812.0 1017653
8272.0 7045.0 5917205
8272.0 7277.0 2661884
8273.0 8642.0 2180034
8273.0 9107.0 4402400
8274.0 8854.0 11682524
8275.0 6974.0 6451897
8275.0 8126.0 4035934
8275.0 9976.0 2395729
8276.0 6479.0 8159626
8278.0 9451.0 328140
8279.0 8036.0 7805849
8279.0 8278.0 2104527
8279.0 9188.0 5730804
8281.0 6378.0 8539724
8281.0 7075.0 7413233
8282.0 9360.0 283166
8283.0 7712.0 5752485
8284.0 8147.0 10674816
8284.0 9077.0 4076700
8285.0 9512.0 1312036
8287.0 6924.0 598121
8287.0 8541.0 10501584
8287.0 8784.0 6768381
8288.0 8299.0 3506083
8289.0 6418.0 2633849
8289.0 7116.0 7274423
8290.0 9401.0 2538350
8292.0 6590.0 1992069
8293.0 6560.0 9604239
8293.0 7955.0 5487089
8293.0 8410.0 5164163
8295.0 7662.0 9633888
8295.0 9300.0 8416625
8296.0 7420.0 1288544
8296.0 8582.0 80143
8297.0 7157.0 3412719
8297.0 9239.0 6116780
8298.0 9694.0 5272507
8298.0 9927.0 11351360
8299.0 8047.0 2829885
8299.0 8512.0 9942001
8303.0 7016.0 6502490
8303.0 8886.0 1038740
8304.0 6298.0 10307952
8304.0 9553.0 549305
8305.0 6975.0 6017446
8305.0 7895.0 2572730
8305.0 8128.0 1363359
8308.0 6672.0 4039641
8308.0 7602.0 11619694
8308.0 8755.0 7548458
8309.0 9675.0 3440301
8310.0 9644.0 8828244
8311.0 7774.0 11821252
8311.0 8927.0 2987010
8313.0 6804.0 10176800
8313.0 7259.0 8849558
8313.0 9331.0 8458145
8314.0 8634.0 7058609
8315.0 8371.0 5710498
8317.0 9018.0 7979016
8318.0 6915.0 3825223
8318.0 8310.0 3248239
8318.0 9463.0 696827
8319.0 7117.0 8794136
8319.0 9887.0 5091870
8320.0 6865.0 7097877
8320.0 8250.0 10034425
8321.0 9160.0 7178603
8322.0 9129.0 3016900
8323.0 7027.0 2942431
8323.0 7947.0 2858447
8323.0 8654.0 9255399
8324.0 6531.0 3006825
8324.0 6764.0 709214
8324.0 7694.0 452486
8325.0 9069.0 399958
8326.0 8816.0 4367206
8328.0 6451.0 5895228
8329.0 8523.0 11596280
8329.0 8735.0 7934274
8331.0 6390.0 11244350
8331.0 8705.0 8838774
8332.0 7280.0 6037494
8333.0 7502.0 572561
8333.0 8190.0 11026324
8333.0 9352.0 1915585
8334.0 6784.0 10807801
8334.0 8867.0 1487257
8336.0 9271.0 6420041
8337.0 6481.0 8782876
8340.0 8958.0 11659390
8342.0 6815.0 3597713
8342.0 8685.0 7197271
8342.0 9605.0 6551237
8343.0 6340.0 8733094
8344.0 9100.0 9518698
8345.0 6300.0 1282391
8345.0 6997.0 4889226
8345.0 8847.0 638793
8346.0 8807.0 10853975
8347.0 7179.0 2613198
8347.0 8322.0 7130745
8348.0 7614.0 7840613
8348.0 9929.0 10846000
8349.0 7816.0 688244
8350.0 8029.0 1620012
8350.0 9424.0 1781873
8351.0 7553.0 5357053
8352.0 9838.0 9876444
8353.0 7958.0 7133612
8355.0 7918.0 4326995
8355.0 8140.0 11603345
8356.0 6745.0 2817683
8357.0 7402.0 651129
8357.0 8110.0 10741974
8357.0 9040.0 11141769
8358.0 8777.0 2188490
8359.0 7139.0 2010331
8359.0 9919.0 10294105
8361.0 8241.0 24609
8362.0 7766.0 2770817
8363.0 8888.0 8471708
8364.0 7251.0 391466
8365.0 8373.0 10656901
8366.0 7655.0 7119065
8367.0 6472.0 1967201
8369.0 9222.0 5098197
8371.0 6382.0 9029928
8371.0 7312.0 11650263
8371.0 8484.0 4760644
8372.0 6372.0 11411891
8372.0 7069.0 5428419
8372.0 8444.0 11690747
8374.0 6331.0 113313
8374.0 8646.0 11475899
8378.0 7393.0 1997702
8379.0 7595.0 9565955
8379.0 8070.0 8620106
8379.0 8758.0 1164669
8380.0 6877.0 554018
8380.0 7110.0 7015555
8380.0 9900.0 8919266
8381.0 9162.0 11603631
8382.0 9375.0 204380
8385.0 6756.0 6699960
8386.0 9284.0 4481673
8387.0 7868.0 6577824
8388.0 9243.0 2944600
8388.0 9486.0 1849352
8389.0 6898.0 8438
8390.0 8040.0 10642664
8392.0 6848.0 8950028
8393.0 6362.0 4370561
8393.0 6575.0 1415118
8393.0 7050.0 2091958
8393.0 8657.0 605116
8393.0 8890.0 4981959
8395.0 6544.0 10189974
8395.0 7009.0 11422094
8395.0 7222.0 4595069
8395.0 7454.0 11431004
8395.0 9314.0 7022848
8396.0 7202.0 3803790
8396.0 8597.0 1205236
8397.0 8122.0 4452112
8398.0 7171.0 5730720
8399.0 6454.0 9320201
8399.0 6666.0 5291976
8399.0 7131.0 7564918
8400.0 8283.0 4194670
8400.0 8516.0 4795573
8400.0 9669.0 1267187
8401.0 6636.0 8150207
8401.0 7798.0 9211770
8401.0 8718.0 11537432
8401.0 9648.0 4803658
8403.0 7273.0 4183790
8403.0 9830.0 350769
8405.0 9315.0 5341347
8406.0 6525.0 3735384
8407.0 6727.0 502581
8408.0 6697.0 10759785
8408.0 6929.0 2832333
8409.0 8992.0 5232260
8409.0 9224.0 8175401
8410.0 7344.0 10169421
8412.0 8223.0 6958109
8413.0 9598.0 10880620
8414.0 8881.0 8736724
8415.0 8385.0 8548364
8416.0 7445.0 5137256
8420.0 7577.0 9596196
8420.0 8052.0 2155609
8421.0 6414.0 8820154
8421.0 7102.0 3776970
8421.0 8264.0 8767070
8422.0 7769.0 7106434
8422.0 8931.0 1679562
8423.0 6829.0 9205200
8423.0 7061.0 5058242
8424.0 7718.0 4597478
8424.0 8659.0 596199
8424.0 9124.0 4774978
8426.0 7921.0 3116586
8426.0 9073.0 8151926
8427.0 7183.0 613767
8427.0 8588.0 2354308
8427.0 8810.0 7859475
8427.0 9275.0 1439032
8429.0 8072.0 3187620
8429.0 8760.0 2619960
8431.0 7800.0 9329009
8431.0 9427.0 6937738
8432.0 6607.0 11731835
8432.0 9164.0 10944795
8434.0 7496.0 7573064
8435.0 6769.0 5795766
8436.0 8376.0 9556832
8436.0 9306.0 291795
8437.0 6971.0 3512658
8437.0 7668.0 10667231
8437.0 8133.0 2247234
8437.0 8346.0 8139777
8438.0 7871.0 4934772
8440.0 8053.0 9623034
8441.0 6648.0 9906659
8441.0 6880.0 7902552
8442.0 7547.0 1277087
8442.0 8002.0 9492377
8443.0 8680.0 11815101
8444.0 6567.0 8833485
8444.0 9357.0 7009442
8445.0 7002.0 6077080
8445.0 7244.0 6298187
8445.0 8629.0 5337622
8446.0 7457.0 4312844
8446.0 7689.0 3502717
8446.0 8842.0 4990061
8448.0 6486.0 2464403
8448.0 9024.0 1986874
8449.0 6921.0 10177860
8450.0 8508.0 1389998
8452.0 6850.0 2046261
8452.0 8710.0 10655657
8454.0 8882.0 5613403
8455.0 6547.0 2186050
8455.0 7932.0 6838331
8457.0 9509.0 3538132
8458.0 7639.0 11247113
8458.0 8114.0 3822733
8460.0 7821.0 803518
8461.0 7346.0 10349941
8461.0 8276.0 11468583
8462.0 8478.0 2832170
8462.0 9408.0 6336544
8462.0 9631.0 6155974
8463.0 7983.0 5503106
8463.0 8216.0 2282677
8463.0 8448.0 9298968
8464.0 7043.0 7543470
8464.0 9115.0 2962752
8465.0 8418.0 6501639
8465.0 9560.0 591180
8467.0 8600.0 3380965
8467.0 9045.0 5327019
8468.0 7174.0 9679590
8468.0 7872.0 8996891
8469.0 6457.0 9484781
8469.0 8539.0 7080435
8471.0 6649.0 8458288
8472.0 7084.0 569571
8472.0 8944.0 3082211
8472.0 9176.0 1406250
8474.0 6811.0 5464324
8474.0 7741.0 6298379
8475.0 7711.0 10590143
8476.0 7468.0 329128
8476.0 9308.0 32140
8477.0 6973.0 4549021
8478.0 6497.0 2208933
8478.0 6710.0 11723424
8480.0 7377.0 951308
8481.0 6872.0 841967
8481.0 8034.0 7969393
8484.0 7266.0 7651545
8484.0 9126.0 8727072
8485.0 7034.0 10806690
8486.0 6761.0 6376603
8487.0 6518.0 535064
8487.0 8591.0 10599679
8488.0 9278.0 6603564
8489.0 6700.0 9347612
8490.0 6670.0 2767819
8490.0 6913.0 6373931
8490.0 8308.0 7847345
8490.0 9460.0 428746
8491.0 6417.0 7377116
8491.0 7337.0 2952404
8491.0 7812.0 7069610
8491.0 9197.0 5866972
8492.0 6640.0 11804722
8492.0 8490.0 10686000
8494.0 6589.0 2571502
8494.0 8197.0 10463409
8495.0 6802.0 3339773
8496.0 7924.0 10812474
8496.0 8621.0 815450
8496.0 8854.0 6745220
8498.0 7661.0 1932411
8499.0 7408.0 5038155
8499.0 7863.0 1536703
8500.0 9006.0 9714385
8501.0 8045.0 70831
8501.0 9430.0 7745070
8502.0 6863.0 3554470
8506.0 7004.0 9408993
8506.0 7227.0 5187097
8507.0 8379.0 8142320
8507.0 9057.0 8436340
8507.0 9077.0 31628
8510.0 8541.0 11730168
8513.0 9158.0 11289322
8514.0 9370.0 4190777
8515.0 6560.0 1619629
8515.0 6570.0 8276587
8515.0 7025.0 6705460
8515.0 7500.0 3294983
8515.0 7955.0 6558048
8515.0 8177.0 5419996
8516.0 6782.0 11403323
8517.0 6530.0 2695063
8518.0 8592.0 4098131
8519.0 7167.0 10932729
8519.0 7409.0 5963421
8521.0 7126.0 11378982
8521.0 7814.0 7074170
8522.0 7339.0 8788888
8524.0 8441.0 4006116
8524.0 8916.0 4632823
8526.0 9320.0 6059526
8527.0 7915.0 2628803
8528.0 6965.0 5269538
8530.0 6924.0 3858967
8531.0 6672.0 10111416
8532.0 8259.0 1092168
8532.0 8957.0 7306484
8533.0 8016.0 10112385
8533.0 8481.0 1194212
8539.0 6470.0 6204515
8539.0 7643.0 9389100
8540.0 8320.0 6777552
8540.0 9230.0 7176928
8541.0 7835.0 659596
8543.0 6622.0 11215606
8543.0 7309.0 7814298
8544.0 7987.0 6365232
8545.0 8189.0 305739
8546.0 7006.0 6022867
8546.0 8411.0 1505886
8547.0 6763.0 3438402
8547.0 8381.0 306911
8548.0 6733.0 9870242
8548.0 7886.0 2581245
8549.0 6956.0 2844709
8549.0 8573.0 1749477
8550.0 7380.0 9775121
8550.0 8078.0 1445687
8551.0 6430.0 1456869
8551.0 6905.0 3868291
8552.0 7795.0 8709802
8553.0 6865.0 8852954
8553.0 7552.0 8386039
8553.0 9160.0 9442929
8554.0 8230.0 8135005
8555.0 6572.0 2848386
8555.0 9362.0 11249781
8556.0 7471.0 4792146
8558.0 6511.0 3470119
8558.0 7664.0 10508287
8559.0 9271.0 8220178
8560.0 6693.0 5095181
8560.0 9241.0 3761282
8561.0 7138.0 2331608
8564.0 6592.0 6933278
8565.0 8200.0 1476057
8565.0 8442.0 11531582
8566.0 6784.0 4406524
8567.0 7239.0 2068749
8569.0 7866.0 3962180
8569.0 8341.0 2834494
8571.0 6663.0 5367597
8571.0 7604.0 3582716
8572.0 9201.0 323134
8575.0 6815.0 11605142
8576.0 7947.0 2881409
8578.0 8140.0 2292013
8579.0 6724.0 7702986
8581.0 7836.0 8685815
8581.0 8059.0 2433966
8581.0 8302.0 6848824
8581.0 8534.0 762765
8582.0 7806.0 4149089
8583.0 7786.0 1605484
8584.0 7533.0 11712231
8584.0 7988.0 8179743
8585.0 7291.0 4241070
8586.0 7018.0 5469744
8586.0 7725.0 6995769
8587.0 7463.0 266529
8587.0 9090.0 7185476
8589.0 6482.0 5618924
8591.0 6917.0 8747729
8594.0 6604.0 4925384
8596.0 7261.0 9998408
8596.0 7493.0 2677549
8597.0 6533.0 3606034
8597.0 6766.0 4005954
8600.0 6938.0 2618284
8600.0 7868.0 1725754
8602.0 6887.0 10329410
8602.0 7120.0 3758640
8604.0 8242.0 3939318
8605.0 9142.0 5357242
8607.0 8404.0 9379175
8608.0 6523.0 5952539
8610.0 8333.0 2744098
8612.0 6655.0 5228096
8614.0 6837.0 11802230
8615.0 7980.0 6994679
8615.0 8212.0 4568775
8617.0 8172.0 7775504
8618.0 6514.0 4627520
8618.0 6979.0 10897343
8622.0 7353.0 8225209
8622.0 8283.0 4139352
8624.0 8475.0 2343943
8625.0 6605.0 7690440
8627.0 7929.0 8581455
8627.0 8395.0 3697739
8628.0 6757.0 7444657
8628.0 7232.0 1162832
8628.0 8142.0 4350541
8629.0 7202.0 5796617
8630.0 6939.0 9770153
8632.0 6888.0 11396332
8632.0 8061.0 6649217
8633.0 6646.0 2392565
8634.0 7556.0 4284716
8635.0 7050.0 5431304
8635.0 7980.0 6947198
8636.0 6585.0 11448746
8637.0 6788.0 2514997
8637.0 7475.0 7622298
8639.0 6494.0 8293930
8639.0 6737.0 3198754
8640.0 8112.0 7990451
8641.0 6687.0 428701
8643.0 7111.0 11604063
8643.0 7334.0 2064419
8646.0 7738.0 9899531
8649.0 8355.0 9312624
8651.0 7395.0 3030314
8651.0 8537.0 895751
8652.0 6899.0 7347400
8655.0 8214.0 9152059
8659.0 8143.0 8190067
8661.0 7860.0 7127138
8661.0 8315.0 6543745
8662.0 8073.0 272705
8663.0 6657.0 4046202
8666.0 7517.0 2906153
8667.0 6556.0 7238643
8668.0 8386.0 8656274
8669.0 6506.0 11678302
8669.0 7203.0 1796146
8670.0 7891.0 11271844
8671.0 7628.0 924962
8673.0 8043.0 2532404
8673.0 8265.0 4230679
8674.0 6860.0 7311538
8676.0 7750.0 5028778
8676.0 7982.0 7103104
8678.0 7932.0 1946260
8683.0 8508.0 10322276
8684.0 8488.0 6756177
8685.0 7073.0 272353
8686.0 6587.0 5272033
8686.0 6830.0 10700607
8687.0 7032.0 1416533
8688.0 6780.0 4366872
8688.0 7477.0 5521024
8688.0 7922.0 5350520
8690.0 7427.0 291647
8691.0 6931.0 6186109
8694.0 7326.0 7134236
8695.0 7548.0 2490372
8696.0 8448.0 11389208
8698.0 7013.0 8913863
8700.0 6740.0 9258785
8700.0 6972.0 2585115
8702.0 7599.0 5261028
8703.0 6902.0 1588561
8705.0 7781.0 9263515
8705.0 8226.0 2439869
8707.0 8186.0 9521206
8709.0 7215.0 7504911
8710.0 7428.0 4443020
8711.0 6720.0 4443533
8711.0 8338.0 8975557
8712.0 7387.0 2957111
8713.0 7812.0 4407164
8718.0 8409.0 9551837
8722.0 6700.0 8459347
8722.0 7155.0 6155099
8722.0 7843.0 10819986
8723.0 8287.0 3666857
8725.0 7539.0 9573005
8726.0 7984.0 9262189
8727.0 6802.0 1802006
8728.0 6559.0 5625385
8728.0 7014.0 5539165
8728.0 7257.0 3091834
8732.0 6933.0 2504900
8733.0 7600.0 4443839
8734.0 6873.0 3919747
8736.0 8450.0 10580547
8737.0 6812.0 10149317
8738.0 7489.0 5667687
8740.0 7196.0 8390949
8743.0 6903.0 1744519
8743.0 7368.0 7185460
8744.0 7803.0 9534158
8745.0 7096.0 7742462
8745.0 8248.0 2550446
8746.0 7065.0 6321768
8746.0 7308.0 7155493
8748.0 6550.0 9447932
8748.0 6792.0 474969
8750.0 6742.0 1317156
8750.0 6964.0 3239048
8750.0 7439.0 9965127
8750.0 8359.0 8273299
8752.0 7389.0 2577418
8752.0 8309.0 10359517
8755.0 7551.0 11800223
8758.0 8410.0 3820356
8759.0 8168.0 6996477
8759.0 8390.0 7644211
8762.0 8097.0 2884653
8763.0 7359.0 1266754
8764.0 8037.0 6575460
8766.0 6844.0 5313415
8766.0 7986.0 5489221
8769.0 6773.0 1284028
8770.0 6743.0 1160339
8771.0 6723.0 4907672
8771.0 6945.0 7876847
8771.0 7643.0 380968
8773.0 6682.0 4242627
8776.0 7299.0 9283840
8779.0 7936.0 8357453
8781.0 6966.0 235406
8781.0 7431.0 8972251
8781.0 8341.0 4663183
8782.0 6925.0 5534883
8782.0 7178.0 6564999
8783.0 8068.0 10259425
8787.0 8432.0 2977019
8791.0 6734.0 4209349
8792.0 7401.0 930544
8792.0 7866.0 4702153
8795.0 8038.0 5446648
8797.0 7280.0 8361921
8797.0 7745.0 101568
8797.0 7977.0 3807391
8799.0 8402.0 6577424
8800.0 7452.0 534900
8803.0 7614.0 8878093
8805.0 7563.0 2294806
8806.0 7321.0 2806049
8807.0 7523.0 7089887
8811.0 7654.0 3799550
8812.0 7412.0 9239483
8813.0 6694.0 8918041
8814.0 7826.0 4877482
8818.0 7048.0 9429621
8819.0 7018.0 1034929
8820.0 7230.0 4895911
8820.0 7918.0 7542454
8821.0 6967.0 1004629
8822.0 6715.0 1652321
8824.0 6907.0 1152672
8824.0 7352.0 1508675
8826.0 8009.0 9519622
8829.0 6796.0 9332242
8829.0 7706.0 4571787
8836.0 7777.0 8964496
8839.0 7251.0 6514638
8840.0 6756.0 11334555
8843.0 6685.0 6702197
8849.0 7949.0 3394905
8851.0 7899.0 8320440
8852.0 6726.0 485084
8853.0 6938.0 5206894
8858.0 7980.0 1557334
8862.0 7879.0 3114172
8864.0 7606.0 4712493
8865.0 7819.0 6678305
8866.0 6858.0 2878691
8866.0 7091.0 7653189
8867.0 7313.0 568536
8868.0 6818.0 809479
8868.0 7748.0 382442
8869.0 7253.0 3359493
8870.0 7697.0 18864
8874.0 6677.0 10265546
8874.0 7364.0 5763308
8874.0 8062.0 3031626
8875.0 6899.0 2048305
8876.0 7789.0 10804916
8877.0 7546.0 1131099
8879.0 7031.0 126999
8879.0 7728.0 3166587
8883.0 6940.0 5401546
8885.0 7132.0 3125020
8885.0 7809.0 7066882
8886.0 7334.0 5000683
8891.0 6748.0 6450130
8895.0 6667.0 5061778
8898.0 6829.0 2845953
8898.0 7294.0 5241557
8900.0 6779.0 8698332
8900.0 7001.0 1096146
8902.0 7426.0 1234544
8903.0 6708.0 8076982
8903.0 7648.0 83589
8903.0 7861.0 8381825
8907.0 6860.0 2772068
8910.0 7487.0 7727303
8911.0 7214.0 9241153
8913.0 6941.0 8626109
8917.0 6628.0 4357951
8919.0 6577.0 3117491
8922.0 6729.0 5957657
8922.0 6982.0 9759553
8925.0 6901.0 10576976
8925.0 7376.0 1460820
8926.0 6871.0 1715235
8926.0 7811.0 10045825
8928.0 7073.0 7453866
8930.0 7720.0 4447918
8931.0 6760.0 11751575
8934.0 7862.0 5803003
8936.0 6649.0 6581475
8939.0 7033.0 3055860
8939.0 7286.0 2833726
8940.0 6801.0 1577462
8943.0 6710.0 9827221
8948.0 6609.0 1069150
8951.0 7003.0 3568547
8952.0 6741.0 10180020
8953.0 7428.0 3491036
8954.0 6690.0 5210253
8957.0 7337.0 7237260
8961.0 6539.0 4314337
8962.0 6509.0 10699165
8969.0 6590.0 4690452
8969.0 6822.0 3405432
8970.0 6802.0 8618959
8970.0 7267.0 323003
8971.0 7227.0 9867791
8972.0 7207.0 8734837
8973.0 6954.0 7539300
8974.0 7409.0 9640283
8977.0 6873.0 3046627
8983.0 6742.0 1318620
8985.0 6691.0 5508882
8986.0 6651.0 8998245
8988.0 6621.0 10221474
8994.0 6490.0 4007462
8994.0 6935.0 1975719
8996.0 6904.0 6983397
9002.0 6996.0 5408904
9005.0 6682.0 11082538
9007.0 7097.0 3343983
9009.0 6602.0 3292072
9011.0 6784.0 9496450
9012.0 6531.0 1064736
9019.0 7057.0 11719227
9020.0 6814.0 5247282
9022.0 6541.0 1675301
9024.0 6481.0 11437129
9025.0 6936.0 2926089
9030.0 6572.0 8026067
9033.0 6734.0 6341573
9037.0 6653.0 712133
9038.0 7088.0 5887338
9043.0 6512.0 2278113
9043.0 6987.0 5341128
9045.0 6462.0 8663862
9046.0 6684.0 11414017
9054.0 6715.0 6624291
9056.0 6917.0 7622032
9060.0 6594.0 411605
9060.0 7059.0 2176414
9064.0 7190.0 8169327
9070.0 6817.0 9653298
9072.0 6766.0 11236746
9076.0 6928.0 5404046
9078.0 6867.0 10352567
9082.0 6544.0 6613543
9083.0 6989.0 2891448
9087.0 6676.0 7930625
9090.0 6595.0 4561346
9094.0 6737.0 4064166
9098.0 6646.0 2598897
9101.0 6798.0 7657421
9102.0 6778.0 1799056
9108.0 6889.0 3333464
9110.0 6606.0 10472088
9120.0 7061.0 337407
9126.0 7163.0 3666170
9127.0 6677.0 9070038
9128.0 7122.0 6910197
9129.0 7082.0 9224609
9131.0 7042.0 6711321
9134.0 6738.0 2248713
9140.0 6830.0 9249984
9143.0 6779.0 4993912
9158.0 6901.0 1577843
9166.0 6932.0 1702892
9176.0 6953.0 10224547
