# C:\Users\gielpa\PycharmProjects\Genetic-Algorithm\data-bak\gil262.tsp\data
-99.0 -97.0 20709
-59.0 50.0 18844
0.0 14.0 24827
-17.0 -66.0 6766
-69.0 -19.0 8091
31.0 12.0 25284
5.0 -41.0 19323
-12.0 10.0 41
-64.0 70.0 33722
-12.0 85.0 28088
-18.0 64.0 2788
-77.0 -16.0 13670
-53.0 88.0 11976
83.0 -24.0 14318
24.0 41.0 21529
17.0 21.0 24573
42.0 96.0 25106
-65.0 0.0 5774
-47.0 -26.0 33033
85.0 36.0 14464
-35.0 -54.0 15747
54.0 -21.0 17221
64.0 -17.0 30517
55.0 89.0 4497
17.0 -25.0 33184
-61.0 66.0 34768
-61.0 26.0 20458
17.0 -72.0 11679
79.0 38.0 15583
-62.0 -2.0 15132
-90.0 -68.0 3277
52.0 66.0 13961
-54.0 -50.0 24112
8.0 -84.0 6605
37.0 -90.0 31410
-83.0 49.0 7869
35.0 -1.0 15650
7.0 59.0 13198
12.0 48.0 6328
57.0 95.0 27316
92.0 28.0 28155
-3.0 97.0 25167
-7.0 52.0 22149
42.0 -15.0 15812
77.0 -43.0 18204
59.0 -49.0 32003
25.0 91.0 10827
69.0 -19.0 9537
-82.0 -14.0 23250
74.0 -70.0 33376
69.0 59.0 9727
29.0 33.0 20000
-97.0 9.0 2687
-58.0 9.0 17027
28.0 93.0 4326
7.0 73.0 13828
-28.0 73.0 4698
-76.0 55.0 22835
41.0 42.0 26979
92.0 40.0 8853
-84.0 -29.0 8814
-12.0 42.0 13241
51.0 -45.0 29353
-37.0 46.0 2123
-97.0 35.0 7003
14.0 89.0 34358
60.0 58.0 16639
-63.0 -75.0 33509
-18.0 34.0 20031
-46.0 -82.0 14706
-86.0 -79.0 244
-43.0 -30.0 34676
-44.0 7.0 23691
-3.0 -20.0 7954
36.0 41.0 15652
-30.0 -94.0 22108
79.0 -62.0 27431
51.0 70.0 30395
-61.0 -26.0 8843
6.0 94.0 34440
-19.0 -62.0 28607
-20.0 51.0 73
-81.0 37.0 18441
7.0 31.0 17225
52.0 12.0 34585
83.0 -91.0 31493
-7.0 -92.0 2397
82.0 -74.0 21741
-70.0 85.0 24063
-83.0 -30.0 15449
71.0 -61.0 16502
85.0 11.0 15782
66.0 -48.0 30618
78.0 -87.0 7138
9.0 -79.0 21002
-36.0 4.0 25041
66.0 39.0 4439
92.0 -17.0 12929
-46.0 -79.0 25628
-30.0 -63.0 10584
-42.0 63.0 31134
20.0 42.0 9990
15.0 98.0 14420
1.0 -17.0 31508
64.0 20.0 14876
-96.0 85.0 14743
93.0 -29.0 32177
-40.0 -84.0 7926
86.0 35.0 31208
91.0 36.0 30923
62.0 -8.0 34577
-24.0 4.0 33008
11.0 96.0 20946
-53.0 62.0 229
-28.0 -71.0 9369
7.0 -4.0 11302
95.0 -9.0 25600
-3.0 17.0 2424
53.0 -90.0 7844
58.0 -19.0 13209
-83.0 84.0 7623
-1.0 49.0 2948
-4.0 17.0 10493
-82.0 -3.0 7145
-43.0 47.0 8951
6.0 -6.0 8924
70.0 99.0 25613
68.0 -29.0 29153
-94.0 -30.0 5780
-94.0 -20.0 33832
-21.0 77.0 33981
64.0 37.0 282
-70.0 -19.0 3257
88.0 65.0 23573
2.0 29.0 16142
33.0 57.0 19286
-70.0 6.0 11949
-38.0 -56.0 32422
-80.0 -95.0 16364
-5.0 -39.0 4066
8.0 -22.0 27497
-61.0 -76.0 24495
76.0 -22.0 379
49.0 -71.0 30202
-30.0 -68.0 17875
1.0 34.0 14561
77.0 79.0 2496
-58.0 64.0 26012
82.0 -97.0 25089
-80.0 55.0 33136
81.0 -86.0 22845
39.0 -49.0 28128
-67.0 72.0 29096
-25.0 -89.0 17508
-44.0 -95.0 2618
32.0 -68.0 33139
-17.0 49.0 8154
93.0 49.0 936
99.0 81.0 14151
10.0 -49.0 33399
63.0 -41.0 13090
38.0 39.0 201
-28.0 39.0 1694
-2.0 -47.0 20185
38.0 8.0 33743
-42.0 -6.0 750
-67.0 88.0 24090
19.0 93.0 33285
40.0 27.0 29368
-61.0 56.0 1977
43.0 33.0 27606
-18.0 -39.0 5495
-69.0 19.0 15809
75.0 -18.0 13858
31.0 85.0 33248
25.0 58.0 18400
-16.0 36.0 28216
91.0 15.0 25372
60.0 -39.0 23404
49.0 -47.0 5246
42.0 33.0 10352
16.0 -81.0 1909
-78.0 53.0 30094
53.0 -80.0 11334
-46.0 -26.0 26801
-25.0 -54.0 2933
69.0 -46.0 19108
0.0 -78.0 16551
-84.0 74.0 31865
-16.0 16.0 13973
-63.0 -14.0 4696
51.0 -77.0 15456
-39.0 61.0 17836
5.0 97.0 34392
-55.0 39.0 3434
70.0 -14.0 6750
0.0 95.0 25198
-45.0 7.0 2259
38.0 -24.0 3522
50.0 -37.0 34209
59.0 71.0 434
-73.0 -96.0 4506
-29.0 72.0 4149
-47.0 12.0 2833
-88.0 -61.0 11004
-88.0 36.0 20588
-46.0 -3.0 18808
26.0 -37.0 33650
-39.0 -67.0 18267
92.0 27.0 7139
-80.0 -31.0 24311
93.0 -50.0 10245
-20.0 -5.0 5132
-22.0 73.0 19845
-4.0 -7.0 22197
54.0 -48.0 26091
-70.0 39.0 21638
54.0 -82.0 15970
29.0 41.0 24869
-87.0 51.0 189
-96.0 -36.0 9304
49.0 8.0 16108
-5.0 54.0 24038
-26.0 43.0 28510
-11.0 60.0 14737
40.0 61.0 19069
82.0 35.0 12815
-92.0 12.0 34579
-93.0 -86.0 15396
-66.0 63.0 16179
-72.0 -87.0 33055
-57.0 -84.0 10487
23.0 52.0 29609
-56.0 -62.0 24618
-19.0 59.0 26154
63.0 -14.0 33523
-13.0 38.0 29388
-19.0 87.0 23793
44.0 -84.0 22505
98.0 -17.0 13985
-16.0 62.0 28462
3.0 66.0 32330
26.0 22.0 14456
-38.0 -81.0 26428
70.0 80.0 14384
17.0 -35.0 26568
96.0 -83.0 12506
-77.0 80.0 23448
-14.0 44.0 8593
-33.0 33.0 12916
33.0 -33.0 16027
70.0 0.0 34445
-50.0 60.0 9791
-50.0 -60.0 7043
75.0 0.0 18750
0.0 75.0 7453
-75.0 0.0 18349
0.0 -75.0 30039
40.0 80.0 26811
40.0 -80.0 12335
-60.0 20.0 1625
-60.0 -20.0 4608
