# C:\Users\gielpa\PycharmProjects\Genetic-Algorithm\data-bak\gr137.tsp\data
71.17 -156.47 9750
64.51 -147.43 2198
61.13 -149.53 6146
58.2 -134.27 1555
49.16 -123.07 6668
53.33 -113.28 8984
51.03 -114.05 7851
50.25 -104.39 393
52.07 -106.38 2946
49.53 -97.09 4581
58.46 -94.1 5490
43.39 -79.23 622
45.25 -75.42 2802
45.31 -73.34 3196
46.49 -71.14 8553
44.39 -63.36 3845
47.34 -52.43 10481
47.36 -122.2 3325
47.4 -117.23 8864
38.35 -121.3 2266
37.48 -122.24 5876
34.03 -118.15 10476
32.43 -117.09 2907
40.46 -111.53 9763
33.27 -112.05 3402
39.43 -105.01 7681
35.05 -106.4 2547
31.45 -106.29 3919
46.47 -92.06 10217
44.59 -93.13 9076
41.16 -95.57 6543
39.07 -94.39 3162
35.28 -97.32 9199
32.47 -96.48 7578
29.46 -95.22 8376
43.02 -87.55 10027
41.53 -87.38 3060
38.39 -90.25 6616
35.08 -90.03 1707
29.58 -90.07 916
42.2 -83.03 1747
40.26 -80.0 6507
39.06 -84.31 8565
33.45 -84.23 1007
42.21 -71.04 6805
40.43 -74.01 3839
39.57 -75.07 10115
38.54 -77.01 9097
30.2 -81.4 6623
25.46 -80.12 543
25.05 -77.21 9746
28.38 -106.05 7030
25.33 -103.26 2565
25.4 -100.19 331
22.13 -97.51 1551
22.09 -100.59 9823
20.4 -103.2 2257
19.24 -99.09 7843
19.03 -98.12 8877
19.2 -96.4 1194
16.51 -99.55 2547
17.03 -96.43 3721
17.59 -92.55 9136
20.58 -89.37 1794
17.3 -88.12 4473
14.38 -90.31 10780
13.42 -89.12 3218
14.06 -87.13 5915
12.09 -86.17 1400
9.56 -84.05 9828
8.58 -79.32 9770
23.08 -82.22 4650
22.24 -79.58 9075
20.01 -75.49 8468
18.0 -76.48 9513
18.32 -72.2 4343
18.28 -69.54 644
18.28 -66.07 3504
14.36 -61.05 4536
13.06 -59.37 3954
10.39 -61.31 2382
12.06 -68.56 1016
4.56 -52.2 10584
5.5 -55.1 9898
6.48 -58.1 5792
10.3 -66.56 2699
10.4 -71.37 1957
10.59 -74.48 4851
6.15 -75.35 6964
4.36 -74.05 7465
3.27 -76.31 5595
-0.56 -91.01 2131
-0.13 -78.3 9123
-1.4 -78.38 2390
-2.1 -79.5 5016
-3.46 -73.15 10739
-8.07 -79.02 4301
-12.03 -77.03 2452
-13.31 -71.59 4599
-16.24 -71.33 3634
-16.3 -68.09 1731
-17.48 -63.1 10773
-19.35 -65.45 2162
-23.39 -70.24 10260
-33.27 -70.4 1913
-36.5 -73.03 2084
-53.09 -70.55 4558
-51.42 -57.51 235
-38.43 -62.17 5371
-38.0 -57.33 10292
-34.5 -56.12 10179
-34.36 -58.27 3559
-32.57 -60.4 8169
-31.24 -64.11 8893
-32.53 -68.49 3795
-26.49 -65.13 9505
-25.16 -57.4 7677
-30.04 -51.11 8056
-27.35 -48.34 2859
-25.25 -49.15 7531
-23.32 -46.37 4229
-22.54 -43.14 8210
-20.23 -43.3 6625
-19.55 -43.56 4767
-20.27 -54.37 4190
-15.35 -56.05 3143
-16.4 -49.16 6984
-15.47 -47.55 1027
-12.59 -38.31 7120
-8.03 -34.54 10435
-5.47 -35.13 8952
-3.43 -38.3 4739
-5.05 -42.49 8597
-2.31 -44.16 6335
-1.27 -48.29 2713
-3.08 -60.01 2182
-8.46 -63.54 8976
