# C:\Users\gielpa\PycharmProjects\Genetic-Algorithm\data-bak\gr202.tsp\data
37.44 -25.4 9387
38.43 -9.08 4048
41.11 -8.36 339
37.23 -5.59 2151
36.32 -6.18 4033
36.43 -4.25 1992
37.13 -3.41 10528
37.53 -4.46 6024
38.21 -0.29 2945
39.28 -0.22 3892
41.23 2.11 7542
41.38 -0.53 7407
40.24 -3.41 11102
41.39 -4.43 8597
43.15 -2.58 6042
43.22 -8.23 10007
38.54 1.26 4822
39.34 2.39 5832
42.3 1.31 6816
44.5 -0.34 4429
43.36 1.26 1501
43.18 5.24 2122
43.42 7.15 6567
43.42 7.23 193
42.42 9.27 629
45.5 1.16 3589
45.26 4.24 6827
45.45 4.51 10615
45.1 5.43 3504
48.24 -4.29 8266
48.05 -1.41 4098
47.13 -1.33 7597
47.23 0.41 6433
49.3 0.08 3464
48.52 2.2 1368
49.15 4.02 6446
47.19 5.01 6081
48.41 6.12 7164
48.35 7.45 6
49.36 6.09 7233
50.38 5.34 5226
50.5 4.2 8504
50.38 3.04 9867
51.03 3.43 5055
51.13 4.25 6538
51.26 5.28 1635
51.55 4.28 1249
52.22 4.54 1875
52.05 5.08 9194
53.13 6.33 2484
50.23 -4.1 2613
50.43 -1.54 101
50.5 -0.08 3123
51.29 -3.13 1513
51.27 -2.35 3929
51.3 -0.1 1232
52.3 -1.5 5048
53.25 -2.55 1143
53.3 -2.15 7470
53.23 -1.3 7496
53.5 -1.35 10760
54.59 -1.35 5926
55.57 -3.13 5689
55.53 -4.15 3113
56.28 -3.0 2701
57.1 -2.04 9614
60.09 -1.09 3628
62.01 -6.46 5809
51.54 -8.28 7741
52.4 -8.38 6360
53.2 -6.15 5812
54.35 -5.55 8412
55.0 -7.19 5377
64.09 -21.51 1766
64.11 -51.44 8587
76.34 -68.47 5738
70.4 23.42 10819
68.26 17.25 9220
65.01 25.28 10566
61.3 23.45 5540
60.27 22.17 1050
60.1 24.58 9339
63.25 10.25 1457
60.23 5.2 8851
58.58 5.45 5595
59.55 10.45 1828
57.43 11.58 10824
55.36 13.0 8185
58.25 15.37 5786
59.2 18.03 4331
57.38 18.18 5457
56.09 10.13 2354
55.24 10.23 1530
55.4 12.35 3190
53.04 8.49 5599
53.33 9.59 776
54.2 10.08 2781
54.05 12.07 8318
51.57 7.37 10468
52.24 9.44 6744
52.07 11.38 8580
52.31 13.24 3393
50.47 6.05 5224
50.44 7.05 3705
50.56 6.59 7474
51.12 6.47 2249
51.17 7.17 10777
51.28 7.01 928
51.28 7.13 7177
51.32 7.13 7518
51.31 7.28 2721
51.19 9.29 7436
50.58 11.01 1796
51.29 11.58 5883
51.19 12.2 9090
50.5 12.55 8689
51.03 13.44 886
49.14 6.59 3963
50.07 8.4 8125
49.25 8.43 4364
49.48 9.56 2714
49.27 11.04 10796
49.03 8.24 7411
48.46 9.11 1583
49.01 12.06 6285
48.08 11.34 3346
46.12 6.09 7972
46.31 6.38 8485
46.57 7.26 3031
47.33 7.35 1328
47.23 8.32 1279
47.16 11.24 9928
47.48 13.02 448
48.18 14.18 7760
48.13 16.2 6669
47.05 15.27 8024
45.03 7.4 8309
45.28 9.12 9501
45.27 11.0 4519
45.27 12.21 9113
45.4 13.46 4924
44.25 8.57 8234
44.29 11.2 5774
43.46 11.15 3978
43.55 12.28 4108
39.2 9.0 1816
41.54 12.29 5582
40.51 14.17 10063
41.27 15.34 8393
41.07 16.52 1588
40.28 17.15 7072
38.11 15.33 5416
37.3 15.06 8101
38.07 13.21 6895
35.54 14.31 11004
53.24 14.32 6261
54.23 18.4 10538
53.08 18.0 5652
52.25 16.55 9446
51.46 19.3 10632
52.15 21.0 595
53.09 23.09 6208
51.06 17.0 6795
50.16 19.0 6554
50.03 19.58 9510
51.15 22.35 2481
49.45 13.23 10921
50.05 14.26 10109
49.5 18.17 7270
49.12 16.37 6331
48.09 17.07 7955
48.43 21.15 7611
47.3 19.05 10096
47.32 21.38 559
46.05 18.13 5186
46.15 20.09 1819
45.45 21.13 6552
46.47 23.36 1848
47.1 27.35 2319
45.48 24.09 10090
45.39 25.37 10576
44.26 26.06 2904
44.11 28.39 7202
46.03 14.31 5643
45.2 14.27 4237
45.48 15.58 1649
43.31 16.27 10940
43.52 18.25 9172
44.5 20.3 5810
42.38 18.07 7160
41.59 21.26 347
41.2 19.5 6355
42.41 23.19 3503
42.09 24.45 6663
43.13 27.55 2214
42.3 27.28 9677
39.36 19.56 7386
40.38 22.56 5561
38.15 21.44 1161
37.58 23.43 10974
35.2 25.09 4416
35.1 33.22 7376
