# C:\Users\gielpa\PycharmProjects\Genetic-Algorithm\data-bak\gr229.tsp\data
68.58 33.05 15295
64.34 40.32 5512
59.55 30.15 5838
59.25 24.45 31650
56.57 24.06 36296
54.43 20.3 38081
54.41 25.19 532
53.54 27.34 17303
49.5 24.0 40113
50.26 30.31 17410
46.28 30.44 4824
55.45 37.35 11291
56.2 44.0 32709
55.45 49.08 19501
53.12 50.09 32217
51.4 39.1 5775
50.0 36.15 27694
48.27 34.59 21968
44.36 33.32 8088
47.14 39.42 34182
48.44 44.25 34912
46.21 48.03 1113
41.43 44.49 24238
40.11 44.3 19699
40.23 49.51 32204
58.0 56.15 18122
56.51 60.36 2715
67.27 63.58 22435
69.2 88.06 1020
55.0 73.24 7477
55.02 82.55 36007
56.01 92.5 9219
49.5 73.1 33024
43.15 76.57 9942
41.2 69.18 37290
39.4 66.48 35699
38.35 68.48 32647
43.48 87.35 30456
52.16 104.2 22005
47.55 106.53 27050
52.03 113.3 20754
62.13 129.49 6008
64.45 177.29 35534
53.01 158.39 6934
59.34 150.48 14145
50.17 127.32 38685
50.35 137.02 27375
48.27 135.06 3817
46.58 142.42 20269
43.1 131.56 39543
41.01 28.58 11699
38.25 27.09 17747
39.56 32.52 26750
38.43 35.3 11741
39.45 37.02 8406
39.55 41.17 20903
37.55 40.14 26784
37.01 35.18 39812
36.12 37.1 9575
34.44 36.43 12274
33.3 36.18 5895
33.53 35.3 7988
31.57 35.56 8769
32.5 35.0 27163
32.04 34.46 13633
31.46 35.14 34383
24.28 39.36 36089
21.3 39.12 2571
21.27 39.49 14271
15.23 44.12 15388
14.48 42.57 8373
12.45 45.12 17306
14.32 49.08 6835
23.37 58.35 29422
25.18 55.18 26325
25.17 51.32 1264
26.13 50.35 7847
24.38 46.43 31723
29.2 47.59 14172
30.3 47.47 19723
33.21 44.25 19550
35.28 44.28 28504
36.2 43.08 10932
38.05 46.18 4045
37.16 49.36 39388
35.4 51.26 13853
34.19 47.04 8465
30.2 48.16 10899
32.4 51.38 17318
29.36 52.32 27446
30.17 57.05 36924
36.18 59.36 34571
34.2 62.12 24711
31.32 65.3 37952
34.31 69.12 14054
33.36 73.04 7318
31.35 74.18 12156
31.25 73.05 2418
30.11 71.29 10857
30.12 67.0 21951
27.42 68.52 21724
25.22 68.22 34108
24.52 67.03 16227
30.19 78.02 38146
28.4 77.13 3717
26.17 73.02 5254
26.55 75.49 28736
26.28 80.21 15402
25.2 83.0 3632
25.36 85.07 30985
22.32 88.22 14157
23.02 72.37 6940
21.09 79.06 22974
20.3 85.5 8967
18.58 72.5 2320
17.23 78.29 15316
17.42 83.18 27646
15.21 75.1 18566
12.59 77.35 27877
13.05 80.17 3957
10.49 78.41 27239
9.56 78.07 17061
6.56 79.51 8021
27.43 85.19 10242
27.28 89.39 8599
23.43 90.25 15918
22.2 91.5 30926
22.0 96.05 22340
16.47 96.1 38859
18.47 98.59 6120
19.52 102.08 9071
17.58 102.36 29940
21.02 105.51 14837
16.28 107.36 861
16.04 108.13 24797
10.45 106.4 25140
11.33 104.55 29235
13.45 100.31 22361
5.25 100.2 29890
3.1 101.42 14126
1.17 103.51 12526
3.35 98.4 15985
-0.57 100.21 31098
-2.55 104.45 9706
-6.1 106.48 13471
-6.54 107.36 17849
-7.48 110.22 34904
-7.15 112.45 40633
-8.39 115.13 18610
-10.1 123.35 40671
-3.2 114.35 7656
1.33 110.2 17554
4.56 114.55 310
-0.3 117.09 12306
-5.07 119.24 7126
1.29 124.51 18808
-3.43 128.12 40301
-5.4 132.45 8829
7.04 125.36 38752
10.18 123.54 38506
10.42 122.34 4741
14.35 121.0 18093
22.17 114.09 7467
22.38 120.17 18023
25.03 121.3 11866
29.4 91.09 31244
36.03 103.41 27735
34.15 108.52 34569
30.39 104.04 522
29.39 106.34 33994
25.05 102.4 740
23.06 113.16 26783
26.06 119.17 14785
30.36 114.17 24208
32.03 118.47 13670
31.14 121.28 9797
34.48 113.39 35034
36.06 120.19 35570
37.55 112.3 24893
39.08 117.12 25285
39.55 116.25 24097
38.53 121.35 20592
41.48 123.27 18844
45.45 126.41 33107
39.01 125.45 4242
37.33 126.58 2821
35.06 129.03 33748
43.03 141.21 9746
39.43 140.07 14348
38.15 140.53 41160
35.42 139.46 21156
35.1 136.55 27871
36.34 136.39 22975
35.0 135.45 36839
34.4 135.3 38081
34.24 132.27 8639
32.48 129.55 30608
31.36 130.33 12205
26.13 127.4 30786
13.28 144.47 692
-2.32 140.42 38950
-4.12 152.12 22292
-9.3 147.1 33987
-12.28 130.5 38948
-31.56 115.5 28303
-34.55 138.35 9583
-37.49 144.58 6915
-42.53 147.19 41264
-33.52 151.13 33435
-27.28 153.02 9807
-19.16 146.48 19988
-23.42 133.53 40945
-45.52 170.3 9852
-43.32 172.38 12650
-41.18 174.47 21073
-36.52 174.46 8364
-21.08 -175.12 17319
-14.16 -170.42 35997
-18.08 178.25 7274
-22.16 166.27 23192
-9.26 159.57 39966
-0.32 166.55 11858
11.35 165.23 16835
21.19 -157.52 38460
1.52 -157.2 17695
-9.45 -139.0 21015
-17.32 -149.34 2022
-25.04 -130.06 25449
-27.07 -109.22 29216
