# C:\Users\gielpa\PycharmProjects\Genetic-Algorithm\data-bak\gr431.tsp\data
37.44 -25.4 20386
38.43 -9.08 40550
41.11 -8.36 40052
37.23 -5.59 73206
36.32 -6.18 61128
36.43 -4.25 76615
37.13 -3.41 43414
37.53 -4.46 45586
38.21 -0.29 27732
39.28 -0.22 15133
41.23 2.11 18651
41.38 -0.53 29109
40.24 -3.41 16326
41.39 -4.43 66063
43.15 -2.58 922
43.22 -8.23 70646
38.54 1.26 23529
39.34 2.39 22593
42.3 1.31 33788
44.5 -0.34 59732
43.36 1.26 1923
43.18 5.24 71116
43.42 7.15 35196
43.42 7.23 47847
42.42 9.27 14750
45.5 1.16 58044
45.26 4.24 53100
45.45 4.51 50627
45.1 5.43 14447
48.24 -4.29 12214
48.05 -1.41 49324
47.13 -1.33 73867
47.23 0.41 68357
49.3 0.08 73453
48.52 2.2 5448
49.15 4.02 57083
47.19 5.01 18405
48.41 6.12 43051
48.35 7.45 48156
49.36 6.09 63847
50.38 5.34 14116
50.5 4.2 14435
50.38 3.04 3632
51.03 3.43 68928
51.13 4.25 23235
51.26 5.28 50095
51.55 4.28 41905
52.22 4.54 41413
52.05 5.08 35895
53.13 6.33 60174
50.23 -4.1 51088
50.43 -1.54 40029
50.5 -0.08 7068
51.29 -3.13 26714
51.27 -2.35 64281
51.3 -0.1 19361
52.3 -1.5 7667
53.25 -2.55 44559
53.3 -2.15 35500
53.23 -1.3 56701
53.5 -1.35 55506
54.59 -1.35 51996
55.57 -3.13 61863
55.53 -4.15 63504
56.28 -3.0 33176
57.1 -2.04 68661
60.09 -1.09 14762
62.01 -6.46 42898
51.54 -8.28 72769
52.4 -8.38 20927
53.2 -6.15 371
54.35 -5.55 38879
55.0 -7.19 58225
64.09 -21.51 46010
64.11 -51.44 8665
76.34 -68.47 75202
70.4 23.42 26579
68.26 17.25 34349
65.01 25.28 68614
61.3 23.45 74073
60.27 22.17 38253
60.1 24.58 40006
63.25 10.25 1681
60.23 5.2 59570
58.58 5.45 44456
59.55 10.45 62277
57.43 11.58 36307
55.36 13.0 5686
58.25 15.37 27378
59.2 18.03 11566
57.38 18.18 21730
56.09 10.13 37370
55.24 10.23 2681
55.4 12.35 44986
53.04 8.49 49601
53.33 9.59 8236
54.2 10.08 43574
54.05 12.07 76392
51.57 7.37 39910
52.24 9.44 39714
52.07 11.38 46150
52.31 13.24 68931
50.47 6.05 52613
50.44 7.05 69395
50.56 6.59 57798
51.12 6.47 26409
51.17 7.17 41847
51.28 7.01 12890
51.28 7.13 8733
51.32 7.13 59068
51.31 7.28 42949
51.19 9.29 27652
50.58 11.01 9519
51.29 11.58 12169
51.19 12.2 70705
50.5 12.55 53682
51.03 13.44 44909
49.14 6.59 49722
50.07 8.4 34108
49.25 8.43 44726
49.48 9.56 64452
49.27 11.04 43264
49.03 8.24 16418
48.46 9.11 69373
49.01 12.06 33400
48.08 11.34 45191
46.12 6.09 18198
46.31 6.38 5050
46.57 7.26 74471
47.33 7.35 41196
47.23 8.32 59172
47.16 11.24 9743
47.48 13.02 973
48.18 14.18 5319
48.13 16.2 70894
47.05 15.27 39442
45.03 7.4 41089
45.28 9.12 73800
45.27 11.0 31857
45.27 12.21 37857
45.4 13.46 49742
44.25 8.57 40073
44.29 11.2 76651
43.46 11.15 51205
43.55 12.28 59571
39.2 9.0 37875
41.54 12.29 38410
40.51 14.17 974
41.27 15.34 2411
41.07 16.52 67752
40.28 17.15 16578
38.11 15.33 13927
37.3 15.06 2590
38.07 13.21 64677
35.54 14.31 72506
53.24 14.32 61653
54.23 18.4 53747
53.08 18.0 22110
52.25 16.55 64162
51.46 19.3 25723
52.15 21.0 35827
53.09 23.09 44583
51.06 17.0 6498
50.16 19.0 8203
50.03 19.58 77773
51.15 22.35 15835
49.45 13.23 61847
50.05 14.26 60069
49.5 18.17 49596
49.12 16.37 72109
48.09 17.07 65453
48.43 21.15 68503
47.3 19.05 59968
47.32 21.38 12342
46.05 18.13 75442
46.15 20.09 6868
45.45 21.13 71940
46.47 23.36 32408
47.1 27.35 7952
45.48 24.09 77287
45.39 25.37 47940
44.26 26.06 9242
44.11 28.39 61538
46.03 14.31 72731
45.2 14.27 65480
45.48 15.58 11854
43.31 16.27 28281
43.52 18.25 23818
44.5 20.3 43358
42.38 18.07 76057
41.59 21.26 67260
41.2 19.5 65469
42.41 23.19 50512
42.09 24.45 3975
43.13 27.55 53875
42.3 27.28 6588
39.36 19.56 25595
40.38 22.56 22533
38.15 21.44 50078
37.58 23.43 75151
35.2 25.09 36322
35.1 33.22 5890
68.58 33.05 8267
64.34 40.32 10859
59.55 30.15 19339
59.25 24.45 9863
56.57 24.06 70106
54.43 20.3 10493
54.41 25.19 62452
53.54 27.34 1849
49.5 24.0 45582
50.26 30.31 73158
46.28 30.44 41561
55.45 37.35 72948
56.2 44.0 36146
55.45 49.08 15205
53.12 50.09 56682
51.4 39.1 41301
50.0 36.15 50558
48.27 34.59 55529
44.36 33.32 26884
47.14 39.42 28736
48.44 44.25 47061
46.21 48.03 68849
41.43 44.49 51215
40.11 44.3 1319
40.23 49.51 61655
58.0 56.15 70452
56.51 60.36 76526
67.27 63.58 37691
69.2 88.06 15974
55.0 73.24 62230
55.02 82.55 25319
56.01 92.5 68913
49.5 73.1 73165
43.15 76.57 24332
41.2 69.18 57494
39.4 66.48 24235
38.35 68.48 65521
43.48 87.35 44341
52.16 104.2 35322
47.55 106.53 30660
52.03 113.3 37938
62.13 129.49 39302
64.45 177.29 49865
53.01 158.39 52144
59.34 150.48 76263
50.17 127.32 14362
50.35 137.02 29881
48.27 135.06 28586
46.58 142.42 47062
43.1 131.56 935
41.01 28.58 51914
38.25 27.09 51986
39.56 32.52 71204
38.43 35.3 70971
39.45 37.02 61345
39.55 41.17 62835
37.55 40.14 63342
37.01 35.18 68320
36.12 37.1 13519
34.44 36.43 60914
33.3 36.18 74182
33.53 35.3 47933
31.57 35.56 72916
32.5 35.0 268
32.04 34.46 31767
31.46 35.14 76666
24.28 39.36 7851
21.3 39.12 53662
21.27 39.49 40118
15.23 44.12 73395
14.48 42.57 11107
12.45 45.12 70531
14.32 49.08 27093
23.37 58.35 14529
25.18 55.18 21421
25.17 51.32 56554
26.13 50.35 61866
24.38 46.43 35373
29.2 47.59 31765
30.3 47.47 38676
33.21 44.25 8945
35.28 44.28 74303
36.2 43.08 77929
38.05 46.18 75634
37.16 49.36 56497
35.4 51.26 19160
34.19 47.04 62041
30.2 48.16 47294
32.4 51.38 32098
29.36 52.32 25308
30.17 57.05 42466
36.18 59.36 50342
34.2 62.12 4190
31.32 65.3 14745
34.31 69.12 67948
33.36 73.04 43618
31.35 74.18 11757
31.25 73.05 69881
30.11 71.29 67688
30.12 67.0 73491
27.42 68.52 23792
25.22 68.22 75957
24.52 67.03 36907
30.19 78.02 30237
28.4 77.13 39301
26.17 73.02 246
26.55 75.49 42351
26.28 80.21 9844
25.2 83.0 64261
25.36 85.07 65028
22.32 88.22 21578
23.02 72.37 28977
21.09 79.06 43701
20.3 85.5 52339
18.58 72.5 22955
17.23 78.29 18534
17.42 83.18 45428
15.21 75.1 22121
12.59 77.35 13415
13.05 80.17 6511
10.49 78.41 3533
9.56 78.07 76861
6.56 79.51 37443
27.43 85.19 52732
27.28 89.39 55376
23.43 90.25 66342
22.2 91.5 35589
22.0 96.05 22047
16.47 96.1 63593
18.47 98.59 77491
19.52 102.08 69931
17.58 102.36 18470
21.02 105.51 2473
16.28 107.36 8350
16.04 108.13 912
10.45 106.4 69262
11.33 104.55 18920
13.45 100.31 27860
5.25 100.2 42267
3.1 101.42 53783
1.17 103.51 15540
3.35 98.4 52740
-0.57 100.21 46650
-2.55 104.45 76385
-6.1 106.48 65620
-6.54 107.36 23096
-7.48 110.22 4103
-7.15 112.45 34963
-8.39 115.13 17577
-10.1 123.35 16091
-3.2 114.35 52185
1.33 110.2 71333
4.56 114.55 16888
-0.3 117.09 15831
-5.07 119.24 62276
1.29 124.51 11030
-3.43 128.12 73853
-5.4 132.45 54906
7.04 125.36 70948
10.18 123.54 9852
10.42 122.34 23706
14.35 121.0 42686
22.17 114.09 21545
22.38 120.17 33788
25.03 121.3 23722
29.4 91.09 27769
36.03 103.41 55914
34.15 108.52 36428
30.39 104.04 12013
29.39 106.34 2167
25.05 102.4 71497
23.06 113.16 4838
26.06 119.17 60593
30.36 114.17 20320
32.03 118.47 31433
31.14 121.28 73569
34.48 113.39 35772
36.06 120.19 75791
37.55 112.3 51981
39.08 117.12 48371
39.55 116.25 58236
38.53 121.35 50193
41.48 123.27 69458
45.45 126.41 76794
39.01 125.45 55206
37.33 126.58 27595
35.06 129.03 66556
43.03 141.21 36486
39.43 140.07 18683
38.15 140.53 8708
35.42 139.46 54329
35.1 136.55 59837
36.34 136.39 9669
35.0 135.45 71606
34.4 135.3 62064
34.24 132.27 44826
32.48 129.55 2568
31.36 130.33 59112
26.13 127.4 36272
13.28 144.47 49126
-2.32 140.42 41863
-4.12 152.12 50016
-9.3 147.1 44024
-12.28 130.5 18057
-31.56 115.5 57317
-34.55 138.35 57499
-37.49 144.58 47715
-42.53 147.19 58458
-33.52 151.13 30742
-27.28 153.02 37831
-19.16 146.48 47292
-23.42 133.53 29726
-45.52 170.3 42326
-43.32 172.38 43171
-41.18 174.47 1259
-36.52 174.46 77523
-21.08 -175.12 68160
-14.16 -170.42 40609
-18.08 178.25 583
-22.16 166.27 64413
-9.26 159.57 62128
-0.32 166.55 33866
11.35 165.23 69182
21.19 -157.52 46671
1.52 -157.2 48869
-9.45 -139.0 11034
-17.32 -149.34 47302
-25.04 -130.06 34027
-27.07 -109.22 41362
