# C:\Users\gielpa\PycharmProjects\Genetic-Algorithm\data-bak\gr666.tsp\data
90.0 0.0 57404
71.17 -156.47 42344
64.51 -147.43 6472
61.13 -149.53 117104
58.2 -134.27 67611
49.16 -123.07 1085
53.33 -113.28 93447
51.03 -114.05 87725
50.25 -104.39 55968
52.07 -106.38 120200
49.53 -97.09 65213
58.46 -94.1 72979
43.39 -79.23 99313
45.25 -75.42 14380
45.31 -73.34 2882
46.49 -71.14 57961
44.39 -63.36 98703
47.34 -52.43 72827
47.36 -122.2 6041
47.4 -117.23 26791
38.35 -121.3 91280
37.48 -122.24 109598
34.03 -118.15 91757
32.43 -117.09 15419
40.46 -111.53 98877
33.27 -112.05 23488
39.43 -105.01 42340
35.05 -106.4 3007
31.45 -106.29 58225
46.47 -92.06 51239
44.59 -93.13 70413
41.16 -95.57 73691
39.07 -94.39 40724
35.28 -97.32 109219
32.47 -96.48 58934
29.46 -95.22 82408
43.02 -87.55 95786
41.53 -87.38 86369
38.39 -90.25 3519
35.08 -90.03 101353
29.58 -90.07 92752
42.2 -83.03 14249
40.26 -80.0 43706
39.06 -84.31 7294
33.45 -84.23 101801
42.21 -71.04 58435
40.43 -74.01 51485
39.57 -75.07 26780
38.54 -77.01 23495
30.2 -81.4 108549
25.46 -80.12 65317
25.05 -77.21 45408
28.38 -106.05 3140
25.33 -103.26 8620
25.4 -100.19 108404
22.13 -97.51 65152
22.09 -100.59 89460
20.4 -103.2 44586
19.24 -99.09 1792
19.03 -98.12 47554
19.2 -96.4 112088
16.51 -99.55 48037
17.03 -96.43 117986
17.59 -92.55 67705
20.58 -89.37 74250
17.3 -88.12 46424
14.38 -90.31 97959
13.42 -89.12 61612
14.06 -87.13 75440
12.09 -86.17 100218
9.56 -84.05 14049
8.58 -79.32 13003
23.08 -82.22 53326
22.24 -79.58 42535
20.01 -75.49 88721
18.0 -76.48 115147
18.32 -72.2 92079
18.28 -69.54 74877
18.28 -66.07 33194
14.36 -61.05 6035
13.06 -59.37 25648
10.39 -61.31 71520
12.06 -68.56 69802
4.56 -52.2 92705
5.5 -55.1 101841
6.48 -58.1 65952
10.3 -66.56 37387
10.4 -71.37 54413
10.59 -74.48 81494
6.15 -75.35 66747
4.36 -74.05 88947
3.27 -76.31 85120
-0.56 -91.01 77698
-0.13 -78.3 113522
-1.4 -78.38 2201
-2.1 -79.5 109193
-3.46 -73.15 78313
-8.07 -79.02 22024
-12.03 -77.03 119024
-13.31 -71.59 85300
-16.24 -71.33 55741
-16.3 -68.09 71288
-17.48 -63.1 95682
-19.35 -65.45 48879
-23.39 -70.24 69995
-33.27 -70.4 101580
-36.5 -73.03 1435
-53.09 -70.55 44591
-51.42 -57.51 97701
-38.43 -62.17 32139
-38.0 -57.33 30379
-34.5 -56.12 60181
-34.36 -58.27 7468
-32.57 -60.4 64555
-31.24 -64.11 107541
-32.53 -68.49 33405
-26.49 -65.13 6952
-25.16 -57.4 2747
-30.04 -51.11 111680
-27.35 -48.34 83918
-25.25 -49.15 42529
-23.32 -46.37 102599
-22.54 -43.14 84486
-20.23 -43.3 66089
-19.55 -43.56 72648
-20.27 -54.37 105304
-15.35 -56.05 72223
-16.4 -49.16 2813
-15.47 -47.55 77956
-12.59 -38.31 64331
-8.03 -34.54 18650
-5.47 -35.13 36051
-3.43 -38.3 105561
-5.05 -42.49 69231
-2.31 -44.16 77631
-1.27 -48.29 63015
-3.08 -60.01 90177
-8.46 -63.54 100672
14.55 -23.31 93671
28.06 -15.24 39345
32.38 -16.54 38426
31.38 -8.0 120612
33.39 -7.35 72789
34.02 -6.51 65936
34.05 -4.57 87986
35.48 -5.45 27377
35.43 -0.43 94499
36.47 3.03 57453
22.56 5.3 65442
36.22 6.37 26243
36.48 10.11 65237
34.44 10.46 116009
32.54 13.11 87125
32.07 20.04 53907
31.12 29.54 618
31.16 32.18 101919
29.58 32.33 45631
30.03 31.15 21497
24.05 32.53 62905
19.37 37.14 54699
15.36 32.32 76576
13.11 30.13 17421
13.38 25.21 35090
15.2 38.53 10938
9.0 38.5 74708
11.36 43.09 72458
18.06 -15.57 77312
14.4 -17.26 17005
13.28 -16.39 72295
11.51 -15.35 107536
16.46 -3.01 36678
12.39 -8.0 83297
10.23 -9.18 62033
9.31 -13.43 23568
8.3 -13.15 8436
6.18 -10.47 36430
5.19 -4.02 53552
6.41 -1.35 43388
5.33 -0.13 7694
6.08 1.13 45753
6.29 2.37 117387
12.22 -1.31 76573
13.31 2.07 96191
12.0 8.3 54847
11.51 13.1 1204
12.07 15.03 120324
6.27 3.24 7295
6.27 7.27 118687
0.2 6.44 113693
3.45 8.47 66709
3.52 11.31 98351
4.22 18.35 95514
0.23 9.27 16068
-4.16 15.17 99136
-4.18 15.18 46927
0.04 18.16 77008
-5.54 22.25 69453
0.3 25.12 42406
-3.23 29.22 84397
-1.57 30.04 22676
0.19 32.25 112861
-1.17 36.49 25305
2.01 45.2 69113
-4.03 39.4 13972
-6.1 39.11 71249
-6.48 39.17 89918
-8.48 13.14 63315
-12.44 15.47 114635
-11.4 27.28 11974
-12.49 28.13 91285
-15.25 28.17 69571
-20.09 28.36 73933
-17.5 31.03 46771
-15.47 35.0 71526
-19.49 34.52 93525
-25.58 32.35 56728
-15.57 -5.42 54998
-37.15 -12.3 4980
-22.59 14.31 77886
-22.34 17.06 103652
-26.38 15.1 97163
-24.45 25.55 26371
-25.45 28.1 82375
-26.15 28.0 106451
-29.12 26.07 63794
-29.55 30.56 111499
-33.0 27.55 113803
-33.58 25.4 19234
-33.55 18.22 18494
-23.21 43.4 120045
-18.55 47.31 5603
-12.16 49.17 101512
-20.1 57.3 6020
-4.38 55.27 1210
37.44 -25.4 38387
38.43 -9.08 65764
41.11 -8.36 103161
37.23 -5.59 22300
36.32 -6.18 58805
36.43 -4.25 21500
37.13 -3.41 18644
37.53 -4.46 88641
38.21 -0.29 81373
39.28 -0.22 88377
41.23 2.11 113982
41.38 -0.53 28260
40.24 -3.41 75051
41.39 -4.43 72322
43.15 -2.58 69436
43.22 -8.23 14047
38.54 1.26 107875
39.34 2.39 95386
42.3 1.31 78660
44.5 -0.34 69391
43.36 1.26 31058
43.18 5.24 75531
43.42 7.15 32387
43.42 7.23 79192
42.42 9.27 61607
45.5 1.16 45093
45.26 4.24 43929
45.45 4.51 110544
45.1 5.43 114470
48.24 -4.29 8484
48.05 -1.41 8079
47.13 -1.33 15591
47.23 0.41 32229
49.3 0.08 42352
48.52 2.2 43416
49.15 4.02 53231
47.19 5.01 66330
48.41 6.12 87637
48.35 7.45 6343
49.36 6.09 110389
50.38 5.34 91561
50.5 4.2 108309
50.38 3.04 66852
51.03 3.43 8395
51.13 4.25 56968
51.26 5.28 97360
51.55 4.28 33430
52.22 4.54 112632
52.05 5.08 97453
53.13 6.33 28654
50.23 -4.1 101255
50.43 -1.54 13306
50.5 -0.08 9172
51.29 -3.13 21656
51.27 -2.35 34284
51.3 -0.1 16656
52.3 -1.5 37139
53.25 -2.55 25788
53.3 -2.15 89462
53.23 -1.3 26342
53.5 -1.35 2441
54.59 -1.35 11070
55.57 -3.13 115541
55.53 -4.15 68359
56.28 -3.0 8954
57.1 -2.04 6447
60.09 -1.09 35881
62.01 -6.46 52526
51.54 -8.28 68827
52.4 -8.38 75321
53.2 -6.15 113695
54.35 -5.55 27507
55.0 -7.19 15077
64.09 -21.51 53264
64.11 -51.44 3978
76.34 -68.47 86013
70.4 23.42 66651
68.26 17.25 18964
65.01 25.28 14930
61.3 23.45 104501
60.27 22.17 46385
60.1 24.58 45918
63.25 10.25 14833
60.23 5.2 60986
58.58 5.45 85211
59.55 10.45 75199
57.43 11.58 109682
55.36 13.0 9476
58.25 15.37 7490
59.2 18.03 111039
57.38 18.18 70032
56.09 10.13 102698
55.24 10.23 19286
55.4 12.35 20424
53.04 8.49 2159
53.33 9.59 26736
54.2 10.08 108894
54.05 12.07 37826
51.57 7.37 75931
52.24 9.44 64197
52.07 11.38 45427
52.31 13.24 35842
50.47 6.05 93086
50.44 7.05 50414
50.56 6.59 25484
51.12 6.47 96992
51.17 7.17 108314
51.28 7.01 67759
51.28 7.13 7793
51.32 7.13 85430
51.31 7.28 85359
51.19 9.29 46525
50.58 11.01 95460
51.29 11.58 35467
51.19 12.2 61413
50.5 12.55 10274
51.03 13.44 11512
49.14 6.59 39143
50.07 8.4 75521
49.25 8.43 11340
49.48 9.56 46174
49.27 11.04 20519
49.03 8.24 61786
48.46 9.11 112396
49.01 12.06 41565
48.08 11.34 103810
46.12 6.09 90103
46.31 6.38 38201
46.57 7.26 65787
47.33 7.35 41375
47.23 8.32 118723
47.16 11.24 45922
47.48 13.02 44649
48.18 14.18 12964
48.13 16.2 95637
47.05 15.27 66117
45.03 7.4 80110
45.28 9.12 19285
45.27 11.0 9041
45.27 12.21 26515
45.4 13.46 92729
44.25 8.57 5834
44.29 11.2 19038
43.46 11.15 27134
43.55 12.28 99326
39.2 9.0 49983
41.54 12.29 579
40.51 14.17 111889
41.27 15.34 37174
41.07 16.52 102089
40.28 17.15 59771
38.11 15.33 83304
37.3 15.06 94776
38.07 13.21 4706
35.54 14.31 16229
53.24 14.32 22793
54.23 18.4 3062
53.08 18.0 96537
52.25 16.55 110697
51.46 19.3 40876
52.15 21.0 66953
53.09 23.09 82524
51.06 17.0 17075
50.16 19.0 1122
50.03 19.58 78245
51.15 22.35 101034
49.45 13.23 47633
50.05 14.26 81099
49.5 18.17 98836
49.12 16.37 25214
48.09 17.07 85462
48.43 21.15 38044
47.3 19.05 14103
47.32 21.38 14903
46.05 18.13 19534
46.15 20.09 62533
45.45 21.13 111767
46.47 23.36 30958
47.1 27.35 5930
45.48 24.09 17428
45.39 25.37 4821
44.26 26.06 54244
44.11 28.39 107805
46.03 14.31 71476
45.2 14.27 3175
45.48 15.58 108944
43.31 16.27 51064
43.52 18.25 38246
44.5 20.3 75311
42.38 18.07 117326
41.59 21.26 80215
41.2 19.5 48276
42.41 23.19 110178
42.09 24.45 47384
43.13 27.55 75376
42.3 27.28 42235
39.36 19.56 106541
40.38 22.56 11341
38.15 21.44 53130
37.58 23.43 97121
35.2 25.09 119482
35.1 33.22 29263
68.58 33.05 59782
64.34 40.32 118763
59.55 30.15 119024
59.25 24.45 54800
56.57 24.06 52669
54.43 20.3 96622
54.41 25.19 85153
53.54 27.34 84513
49.5 24.0 105555
50.26 30.31 8617
46.28 30.44 94596
55.45 37.35 73999
56.2 44.0 62245
55.45 49.08 106568
53.12 50.09 10849
51.4 39.1 110091
50.0 36.15 80539
48.27 34.59 39619
44.36 33.32 8524
47.14 39.42 36342
48.44 44.25 102685
46.21 48.03 40851
41.43 44.49 8682
40.11 44.3 69975
40.23 49.51 26685
58.0 56.15 32496
56.51 60.36 32323
67.27 63.58 46072
69.2 88.06 10569
55.0 73.24 18886
55.02 82.55 116033
56.01 92.5 55784
49.5 73.1 67615
43.15 76.57 44134
41.2 69.18 12658
39.4 66.48 87796
38.35 68.48 91899
43.48 87.35 1715
52.16 104.2 59944
47.55 106.53 84080
52.03 113.3 54585
62.13 129.49 97062
64.45 177.29 65542
53.01 158.39 60841
59.34 150.48 119734
50.17 127.32 42197
50.35 137.02 47508
48.27 135.06 93983
46.58 142.42 80300
43.1 131.56 72072
41.01 28.58 53594
38.25 27.09 98177
39.56 32.52 101684
38.43 35.3 92052
39.45 37.02 9711
39.55 41.17 116242
37.55 40.14 31278
37.01 35.18 47359
36.12 37.1 16939
34.44 36.43 82496
33.3 36.18 120185
33.53 35.3 116556
31.57 35.56 60784
32.5 35.0 57042
32.04 34.46 23194
31.46 35.14 80173
24.28 39.36 24469
21.3 39.12 8151
21.27 39.49 91442
15.23 44.12 36710
14.48 42.57 91510
12.45 45.12 80060
14.32 49.08 34518
23.37 58.35 44541
25.18 55.18 18806
25.17 51.32 84609
26.13 50.35 97532
24.38 46.43 30251
29.2 47.59 36440
30.3 47.47 86621
33.21 44.25 93651
35.28 44.28 997
36.2 43.08 95284
38.05 46.18 21096
37.16 49.36 101813
35.4 51.26 40303
34.19 47.04 75232
30.2 48.16 6706
32.4 51.38 97200
29.36 52.32 83935
30.17 57.05 59025
36.18 59.36 92703
34.2 62.12 51422
31.32 65.3 43488
34.31 69.12 50066
33.36 73.04 13082
31.35 74.18 41072
31.25 73.05 36689
30.11 71.29 105919
30.12 67.0 11064
27.42 68.52 40314
25.22 68.22 61520
24.52 67.03 43346
30.19 78.02 25714
28.4 77.13 69688
26.17 73.02 44416
26.55 75.49 72459
26.28 80.21 20284
25.2 83.0 48362
25.36 85.07 20683
22.32 88.22 34806
23.02 72.37 81050
21.09 79.06 95855
20.3 85.5 90161
18.58 72.5 95265
17.23 78.29 104745
17.42 83.18 37611
15.21 75.1 89002
12.59 77.35 881
13.05 80.17 118428
10.49 78.41 19725
9.56 78.07 1218
6.56 79.51 109935
27.43 85.19 12815
27.28 89.39 50985
23.43 90.25 47169
22.2 91.5 37211
22.0 96.05 41313
16.47 96.1 55268
18.47 98.59 99788
19.52 102.08 86688
17.58 102.36 93729
21.02 105.51 20656
16.28 107.36 17916
16.04 108.13 37585
10.45 106.4 13924
11.33 104.55 78014
13.45 100.31 119515
5.25 100.2 24363
3.1 101.42 45000
1.17 103.51 107914
3.35 98.4 41287
-0.57 100.21 61711
-2.55 104.45 33586
-6.1 106.48 106053
-6.54 107.36 55671
-7.48 110.22 39277
-7.15 112.45 33595
-8.39 115.13 7437
-10.1 123.35 73711
-3.2 114.35 16611
1.33 110.2 36990
4.56 114.55 102982
-0.3 117.09 64972
-5.07 119.24 3579
1.29 124.51 80058
-3.43 128.12 93545
-5.4 132.45 80609
7.04 125.36 38081
10.18 123.54 78487
10.42 122.34 64438
14.35 121.0 18555
22.17 114.09 43169
22.38 120.17 85838
25.03 121.3 101928
29.4 91.09 105569
36.03 103.41 82295
34.15 108.52 112336
30.39 104.04 85283
29.39 106.34 104829
25.05 102.4 99032
23.06 113.16 27380
26.06 119.17 83452
30.36 114.17 83575
32.03 118.47 5636
31.14 121.28 8169
34.48 113.39 62966
36.06 120.19 39683
37.55 112.3 14689
39.08 117.12 66406
39.55 116.25 86583
38.53 121.35 71619
41.48 123.27 62594
45.45 126.41 4763
39.01 125.45 108664
37.33 126.58 106648
35.06 129.03 87697
43.03 141.21 108400
39.43 140.07 20293
38.15 140.53 113138
35.42 139.46 39053
35.1 136.55 13813
36.34 136.39 71326
35.0 135.45 58978
34.4 135.3 91069
34.24 132.27 80100
32.48 129.55 58783
31.36 130.33 36802
26.13 127.4 96790
13.28 144.47 33861
-2.32 140.42 87683
-4.12 152.12 115709
-9.3 147.1 113131
-12.28 130.5 55514
-31.56 115.5 19591
-34.55 138.35 38550
-37.49 144.58 99137
-42.53 147.19 29851
-33.52 151.13 87247
-27.28 153.02 52525
-19.16 146.48 62003
-23.42 133.53 84890
-45.52 170.3 113505
-43.32 172.38 42468
-41.18 174.47 72151
-36.52 174.46 78354
-21.08 -175.12 1054
-14.16 -170.42 57067
-18.08 178.25 117520
-22.16 166.27 99682
-9.26 159.57 71750
-0.32 166.55 84604
11.35 165.23 54205
21.19 -157.52 18058
1.52 -157.2 87103
-9.45 -139.0 4875
-17.32 -149.34 21974
-25.04 -130.06 33885
-27.07 -109.22 66920
-90.0 0.0 85188
