# C:\Users\gielpa\PycharmProjects\Genetic-Algorithm\data-bak\gr96.tsp\data
14.55 -23.31 2979
28.06 -15.24 1331
32.38 -16.54 3175
31.38 -8.0 4309
33.39 -7.35 1274
34.02 -6.51 3526
34.05 -4.57 2445
35.48 -5.45 4011
35.43 -0.43 1842
36.47 3.03 113
22.56 5.3 3852
36.22 6.37 4089
36.48 10.11 316
34.44 10.46 3993
32.54 13.11 630
32.07 20.04 1871
31.12 29.54 3417
31.16 32.18 3408
29.58 32.33 382
30.03 31.15 666
24.05 32.53 1445
19.37 37.14 2627
15.36 32.32 4143
13.11 30.13 1388
13.38 25.21 1831
15.2 38.53 4296
9.0 38.5 3294
11.36 43.09 2424
18.06 -15.57 1278
14.4 -17.26 4341
13.28 -16.39 1934
11.51 -15.35 864
16.46 -3.01 2838
12.39 -8.0 200
10.23 -9.18 1505
9.31 -13.43 2920
8.3 -13.15 2680
6.18 -10.47 1939
5.19 -4.02 1305
6.41 -1.35 1191
5.33 -0.13 4064
6.08 1.13 2418
6.29 2.37 2744
12.22 -1.31 75
13.31 2.07 3321
12.0 8.3 2567
11.51 13.1 4266
12.07 15.03 513
6.27 3.24 244
6.27 7.27 3400
0.2 6.44 2035
3.45 8.47 2770
3.52 11.31 3284
4.22 18.35 3502
0.23 9.27 4151
-4.16 15.17 4065
-4.18 15.18 3038
0.04 18.16 930
-5.54 22.25 953
0.3 25.12 748
-3.23 29.22 1258
-1.57 30.04 1279
0.19 32.25 2923
-1.17 36.49 1406
2.01 45.2 4290
-4.03 39.4 2545
-6.1 39.11 406
-6.48 39.17 1793
-8.48 13.14 2310
-12.44 15.47 585
-11.4 27.28 1851
-12.49 28.13 2823
-15.25 28.17 1381
-20.09 28.36 3006
-17.5 31.03 848
-15.47 35.0 2196
-19.49 34.52 3606
-25.58 32.35 1904
-15.57 -5.42 2429
-37.15 -12.3 3399
-22.59 14.31 2954
-22.34 17.06 1491
-26.38 15.1 3222
-24.45 25.55 897
-25.45 28.1 300
-26.15 28.0 1894
-29.12 26.07 2071
-29.55 30.56 3974
-33.0 27.55 1307
-33.58 25.4 2819
-33.55 18.22 3980
-23.21 43.4 857
-18.55 47.31 3713
-12.16 49.17 2878
-20.1 57.3 3563
-4.38 55.27 3137
