# C:\Users\gielpa\PycharmProjects\Genetic-Algorithm\data-bak\kroA150.tsp\data
1380.0 939.0 264380
2848.0 96.0 125381
3510.0 1671.0 236066
457.0 334.0 204884
3888.0 666.0 86449
984.0 965.0 66570
2721.0 1482.0 105573
1286.0 525.0 52175
2716.0 1432.0 315002
738.0 1325.0 24509
1251.0 1832.0 204055
2728.0 1698.0 9365
3815.0 169.0 120657
3683.0 1533.0 129178
1247.0 1945.0 96797
123.0 862.0 219579
1234.0 1946.0 168737
252.0 1240.0 54865
611.0 673.0 311971
2576.0 1676.0 274544
928.0 1700.0 121461
53.0 857.0 188277
1807.0 1711.0 221070
274.0 1420.0 156378
2574.0 946.0 62107
178.0 24.0 25147
2678.0 1825.0 256345
1795.0 962.0 296640
3384.0 1498.0 35302
3520.0 1079.0 59805
1256.0 61.0 280449
1424.0 1728.0 13414
3913.0 192.0 169233
3085.0 1528.0 46506
2573.0 1969.0 192970
463.0 1670.0 70108
3875.0 598.0 264622
298.0 1513.0 196377
3479.0 821.0 292474
2542.0 236.0 57116
3955.0 1743.0 314087
1323.0 280.0 295608
3447.0 1830.0 116836
2936.0 337.0 251682
1621.0 1830.0 189967
3373.0 1646.0 49708
1393.0 1368.0 71441
3874.0 1318.0 73486
938.0 955.0 192579
3022.0 474.0 186669
2482.0 1183.0 208861
3854.0 923.0 216951
376.0 825.0 79159
2519.0 135.0 204697
2945.0 1622.0 113694
953.0 268.0 310224
2628.0 1479.0 260365
2097.0 981.0 198815
890.0 1846.0 314888
2139.0 1806.0 287710
2421.0 1007.0 152802
2290.0 1810.0 138187
1115.0 1052.0 109867
2588.0 302.0 306026
327.0 265.0 307864
241.0 341.0 90740
1917.0 687.0 42207
2991.0 792.0 60457
2573.0 599.0 73394
19.0 674.0 301921
3911.0 1673.0 104879
872.0 1559.0 58757
2863.0 558.0 79267
929.0 1766.0 108446
839.0 620.0 273090
3893.0 102.0 237609
2178.0 1619.0 115607
3822.0 899.0 143571
378.0 1048.0 246716
1178.0 100.0 206541
2599.0 901.0 33019
3416.0 143.0 12084
2961.0 1605.0 220148
611.0 1384.0 207606
3113.0 885.0 263843
2597.0 1830.0 51711
2586.0 1286.0 8448
161.0 906.0 175214
1429.0 134.0 131142
742.0 1025.0 237969
1625.0 1651.0 141604
1187.0 706.0 188237
1787.0 1009.0 82090
22.0 987.0 704
3640.0 43.0 199257
3756.0 882.0 113030
776.0 392.0 276253
1724.0 1642.0 10474
198.0 1810.0 56364
3950.0 1558.0 215671
3477.0 949.0 234194
91.0 1732.0 33604
3972.0 329.0 280400
198.0 1632.0 314171
1806.0 733.0 308521
538.0 1023.0 162442
3430.0 1088.0 276930
2186.0 766.0 160227
1513.0 1646.0 91313
2143.0 1611.0 158973
53.0 1657.0 256562
3404.0 1307.0 280052
1034.0 1344.0 245344
2823.0 376.0 208366
3104.0 1931.0 37388
3232.0 324.0 301447
2790.0 1457.0 206707
374.0 9.0 20387
741.0 146.0 184933
3083.0 1938.0 146548
3502.0 1067.0 111478
1280.0 237.0 240929
3326.0 1846.0 155136
217.0 38.0 315377
2503.0 1172.0 19062
3527.0 41.0 209945
739.0 1850.0 14534
3548.0 1999.0 153897
48.0 154.0 75491
1419.0 872.0 33194
1689.0 1223.0 112992
3468.0 1404.0 260784
1628.0 253.0 230906
382.0 872.0 104813
3029.0 1242.0 99910
3646.0 1758.0 95121
285.0 1029.0 270180
1782.0 93.0 231177
1067.0 371.0 273792
2849.0 1214.0 298221
920.0 1835.0 185761
1741.0 712.0 244113
876.0 220.0 289792
2753.0 283.0 151644
2609.0 1286.0 147620
3941.0 258.0 179432
3613.0 523.0 166840
1754.0 559.0 109140
2916.0 1724.0 309067
2445.0 1820.0 305180
