# C:\Users\gielpa\PycharmProjects\Genetic-Algorithm\data-bak\kroA100.tsp\data
1380.0 939.0 57003
2848.0 96.0 166099
3510.0 1671.0 6991
457.0 334.0 125622
3888.0 666.0 14817
984.0 965.0 13697
2721.0 1482.0 194110
1286.0 525.0 45390
2716.0 1432.0 145977
738.0 1325.0 18502
1251.0 1832.0 113004
2728.0 1698.0 1426
3815.0 169.0 153155
3683.0 1533.0 167537
1247.0 1945.0 184803
123.0 862.0 197460
1234.0 1946.0 43067
252.0 1240.0 5906
611.0 673.0 35590
2576.0 1676.0 178222
928.0 1700.0 16399
53.0 857.0 91337
1807.0 1711.0 133525
274.0 1420.0 71551
2574.0 946.0 14885
178.0 24.0 97096
2678.0 1825.0 188437
1795.0 962.0 40231
3384.0 1498.0 165322
3520.0 1079.0 152014
1256.0 61.0 22050
1424.0 1728.0 13069
3913.0 192.0 44760
3085.0 1528.0 66162
2573.0 1969.0 110266
463.0 1670.0 50150
3875.0 598.0 9833
298.0 1513.0 51710
3479.0 821.0 33746
2542.0 236.0 136004
3955.0 1743.0 180462
1323.0 280.0 66469
3447.0 1830.0 117459
2936.0 337.0 188997
1621.0 1830.0 74351
3373.0 1646.0 93564
1393.0 1368.0 10965
3874.0 1318.0 179964
938.0 955.0 175136
3022.0 474.0 200615
2482.0 1183.0 60077
3854.0 923.0 114285
376.0 825.0 206441
2519.0 135.0 39911
2945.0 1622.0 79869
953.0 268.0 171219
2628.0 1479.0 151500
2097.0 981.0 123967
890.0 1846.0 174775
2139.0 1806.0 191345
2421.0 1007.0 191262
2290.0 1810.0 64239
1115.0 1052.0 33285
2588.0 302.0 175366
327.0 265.0 194667
241.0 341.0 36664
1917.0 687.0 143347
2991.0 792.0 81919
2573.0 599.0 112127
19.0 674.0 108594
3911.0 1673.0 61086
872.0 1559.0 194280
2863.0 558.0 169277
929.0 1766.0 53445
839.0 620.0 147047
3893.0 102.0 111194
2178.0 1619.0 84353
3822.0 899.0 27692
378.0 1048.0 147105
1178.0 100.0 149562
2599.0 901.0 43957
3416.0 143.0 63288
2961.0 1605.0 69776
611.0 1384.0 82205
3113.0 885.0 134487
2597.0 1830.0 172847
2586.0 1286.0 39660
161.0 906.0 158122
1429.0 134.0 31893
742.0 1025.0 101249
1625.0 1651.0 161432
1187.0 706.0 11991
1787.0 1009.0 45114
22.0 987.0 56299
3640.0 43.0 79738
3756.0 882.0 142737
776.0 392.0 170343
1724.0 1642.0 173934
198.0 1810.0 40243
3950.0 1558.0 122880
