# C:\Users\gielpa\PycharmProjects\Genetic-Algorithm\data-bak\kroA200.tsp\data
1357.0 1905.0 109015
2650.0 802.0 47632
1774.0 107.0 102046
1307.0 964.0 6763
3806.0 746.0 263992
2687.0 1353.0 394424
43.0 1957.0 88700
3092.0 1668.0 117951
185.0 1542.0 107669
834.0 629.0 280157
40.0 462.0 337015
1183.0 1391.0 159093
2048.0 1628.0 199059
1097.0 643.0 186515
1838.0 1732.0 214607
234.0 1118.0 141750
3314.0 1881.0 110898
737.0 1285.0 147943
779.0 777.0 124865
2312.0 1949.0 175136
2576.0 189.0 183717
3078.0 1541.0 237282
2781.0 478.0 204851
705.0 1812.0 259389
3409.0 1917.0 90744
323.0 1714.0 254640
1660.0 1556.0 208922
3729.0 1188.0 146838
693.0 1383.0 348626
2361.0 640.0 134485
2433.0 1538.0 271510
554.0 1825.0 264298
913.0 317.0 245022
3586.0 1909.0 243477
2636.0 727.0 93841
1000.0 457.0 106069
482.0 1337.0 315899
3704.0 1082.0 57398
3635.0 1174.0 127887
1362.0 1526.0 409423
2049.0 417.0 124032
2552.0 1909.0 236665
3939.0 640.0 251801
219.0 898.0 424157
812.0 351.0 153105
901.0 1552.0 288701
2513.0 1572.0 227862
242.0 584.0 127611
826.0 1226.0 376312
3278.0 799.0 378621
86.0 1065.0 398704
14.0 454.0 366851
1327.0 1893.0 184668
2773.0 1286.0 428690
2469.0 1838.0 268871
3835.0 963.0 261077
1031.0 428.0 235993
3853.0 1712.0 400434
1868.0 197.0 392020
1544.0 863.0 391889
457.0 1607.0 204656
3174.0 1064.0 380110
192.0 1004.0 200038
2318.0 1925.0 416877
2232.0 1374.0 419720
396.0 828.0 241343
2365.0 1649.0 374052
2499.0 658.0 119080
1410.0 307.0 300269
2990.0 214.0 389112
3646.0 1018.0 362874
3394.0 1028.0 362946
1779.0 90.0 350162
1058.0 372.0 143448
2933.0 1459.0 20475
3099.0 173.0 47597
2178.0 978.0 53633
138.0 1610.0 95001
2082.0 1753.0 126142
2302.0 1127.0 121192
805.0 272.0 399062
22.0 1617.0 111491
3213.0 1085.0 177805
99.0 536.0 209349
1533.0 1780.0 363302
3564.0 676.0 40243
29.0 6.0 243764
3808.0 1375.0 409846
2221.0 291.0 297923
3499.0 1885.0 91021
3124.0 408.0 282831
781.0 671.0 360143
1027.0 1041.0 144572
3249.0 378.0 410771
3297.0 491.0 258555
213.0 220.0 275899
721.0 186.0 44965
3736.0 1542.0 410137
868.0 731.0 340545
960.0 303.0 381760
1380.0 939.0 262864
2848.0 96.0 97900
3510.0 1671.0 63194
457.0 334.0 310956
3888.0 666.0 140853
984.0 965.0 360195
2721.0 1482.0 188635
1286.0 525.0 415724
2716.0 1432.0 426956
738.0 1325.0 54608
1251.0 1832.0 195192
2728.0 1698.0 270025
3815.0 169.0 304049
3683.0 1533.0 227742
1247.0 1945.0 353728
123.0 862.0 222791
1234.0 1946.0 381674
252.0 1240.0 376326
611.0 673.0 283696
2576.0 1676.0 415458
928.0 1700.0 413518
53.0 857.0 23689
1807.0 1711.0 323261
274.0 1420.0 427477
2574.0 946.0 37328
178.0 24.0 112200
2678.0 1825.0 160869
1795.0 962.0 17044
3384.0 1498.0 258451
3520.0 1079.0 4075
1256.0 61.0 427452
1424.0 1728.0 89801
3913.0 192.0 417541
3085.0 1528.0 313165
2573.0 1969.0 240605
463.0 1670.0 135298
3875.0 598.0 363938
298.0 1513.0 362377
3479.0 821.0 223045
2542.0 236.0 189485
3955.0 1743.0 77440
1323.0 280.0 141861
3447.0 1830.0 335465
2936.0 337.0 146403
1621.0 1830.0 292636
3373.0 1646.0 188891
1393.0 1368.0 414414
3874.0 1318.0 153410
938.0 955.0 414243
3022.0 474.0 399219
2482.0 1183.0 299381
3854.0 923.0 242287
376.0 825.0 375092
2519.0 135.0 350266
2945.0 1622.0 403847
953.0 268.0 17290
2628.0 1479.0 234257
2097.0 981.0 330154
890.0 1846.0 366376
2139.0 1806.0 351055
2421.0 1007.0 88405
2290.0 1810.0 36892
1115.0 1052.0 254248
2588.0 302.0 270661
327.0 265.0 238632
241.0 341.0 144481
1917.0 687.0 80813
2991.0 792.0 247108
2573.0 599.0 343091
19.0 674.0 1124
3911.0 1673.0 401362
872.0 1559.0 285174
2863.0 558.0 185218
929.0 1766.0 185335
839.0 620.0 54640
3893.0 102.0 294570
2178.0 1619.0 285228
3822.0 899.0 277603
378.0 1048.0 334552
1178.0 100.0 199562
2599.0 901.0 318943
3416.0 143.0 172051
2961.0 1605.0 310658
611.0 1384.0 250512
3113.0 885.0 300328
2597.0 1830.0 245943
2586.0 1286.0 208819
161.0 906.0 365636
1429.0 134.0 30193
742.0 1025.0 232602
1625.0 1651.0 319923
1187.0 706.0 41753
1787.0 1009.0 374791
22.0 987.0 362095
3640.0 43.0 94636
3756.0 882.0 129787
776.0 392.0 376506
1724.0 1642.0 358014
198.0 1810.0 227418
3950.0 1558.0 354878
