# C:\Users\gielpa\PycharmProjects\Genetic-Algorithm\data-bak\kroB100.tsp\data
3140.0 1401.0 162014
556.0 1056.0 149255
3675.0 1522.0 148510
1182.0 1853.0 49889
3595.0 111.0 149511
962.0 1895.0 44275
2030.0 1186.0 167388
3507.0 1851.0 66498
2642.0 1269.0 141094
3438.0 901.0 96540
3858.0 1472.0 33669
2937.0 1568.0 20714
376.0 1018.0 17083
839.0 1355.0 165495
706.0 1925.0 37376
749.0 920.0 126343
298.0 615.0 84441
694.0 552.0 94128
387.0 190.0 58238
2801.0 695.0 53566
3133.0 1143.0 42255
1517.0 266.0 90514
1538.0 224.0 108048
844.0 520.0 190871
2639.0 1239.0 71963
3123.0 217.0 164571
2489.0 1520.0 100468
3834.0 1827.0 55498
3417.0 1808.0 7948
2938.0 543.0 192156
71.0 1323.0 43449
3245.0 1828.0 107817
731.0 1741.0 43164
2312.0 1270.0 115983
2426.0 1851.0 173066
380.0 478.0 4573
2310.0 635.0 5884
2830.0 775.0 46708
3829.0 513.0 58739
3684.0 445.0 160464
171.0 514.0 10292
627.0 1261.0 192436
1490.0 1123.0 144361
61.0 81.0 137370
422.0 542.0 75170
2698.0 1221.0 94536
2372.0 127.0 185062
177.0 1390.0 71987
3084.0 748.0 134089
1213.0 910.0 56312
3.0 1817.0 58934
1782.0 995.0 93196
3896.0 742.0 60573
1829.0 812.0 75892
1286.0 550.0 115472
3017.0 108.0 56274
2132.0 1432.0 75764
2000.0 1110.0 62215
3317.0 1966.0 205886
1729.0 1498.0 84340
2408.0 1747.0 92325
3292.0 152.0 196103
193.0 1210.0 33094
782.0 1462.0 152603
2503.0 352.0 181013
1697.0 1924.0 129549
3821.0 147.0 39867
3370.0 791.0 195159
3162.0 367.0 77580
3938.0 516.0 8041
2741.0 1583.0 89633
2330.0 741.0 105290
3918.0 1088.0 140985
1794.0 1589.0 22976
2929.0 485.0 147881
3453.0 1998.0 142944
896.0 705.0 30060
399.0 850.0 43653
2614.0 195.0 18852
2800.0 653.0 208169
2630.0 20.0 39213
563.0 1513.0 196318
1090.0 1652.0 90495
2009.0 1163.0 54950
3876.0 1165.0 73256
3084.0 774.0 104919
1526.0 1612.0 17300
1612.0 328.0 153838
1423.0 1322.0 17369
3058.0 1276.0 112889
3782.0 1865.0 110237
347.0 252.0 42586
3904.0 1444.0 35170
2191.0 1579.0 124752
3220.0 1454.0 71840
468.0 319.0 129320
3611.0 1968.0 27748
3114.0 1629.0 12500
3515.0 1892.0 134206
3060.0 155.0 117767
