# C:\Users\gielpa\PycharmProjects\Genetic-Algorithm\data-bak\kroB150.tsp\data
1357.0 1905.0 40146
2650.0 802.0 26561
1774.0 107.0 248262
1307.0 964.0 248232
3806.0 746.0 49450
2687.0 1353.0 206049
43.0 1957.0 263689
3092.0 1668.0 1590
185.0 1542.0 86900
834.0 629.0 139850
40.0 462.0 158332
1183.0 1391.0 63922
2048.0 1628.0 311940
1097.0 643.0 9197
1838.0 1732.0 206133
234.0 1118.0 171502
3314.0 1881.0 54093
737.0 1285.0 77118
779.0 777.0 63981
2312.0 1949.0 87236
2576.0 189.0 167363
3078.0 1541.0 112206
2781.0 478.0 145163
705.0 1812.0 42553
3409.0 1917.0 125215
323.0 1714.0 102001
1660.0 1556.0 139231
3729.0 1188.0 127180
693.0 1383.0 16271
2361.0 640.0 261032
2433.0 1538.0 47971
554.0 1825.0 172977
913.0 317.0 126712
3586.0 1909.0 72062
2636.0 727.0 103709
1000.0 457.0 182187
482.0 1337.0 301547
3704.0 1082.0 271344
3635.0 1174.0 8520
1362.0 1526.0 26078
2049.0 417.0 121927
2552.0 1909.0 126620
3939.0 640.0 313462
219.0 898.0 209070
812.0 351.0 10885
901.0 1552.0 206164
2513.0 1572.0 159799
242.0 584.0 275793
826.0 1226.0 180828
3278.0 799.0 147864
86.0 1065.0 79027
14.0 454.0 55017
1327.0 1893.0 68362
2773.0 1286.0 157938
2469.0 1838.0 129889
3835.0 963.0 133330
1031.0 428.0 238352
3853.0 1712.0 162546
1868.0 197.0 58454
1544.0 863.0 76620
457.0 1607.0 157493
3174.0 1064.0 191472
192.0 1004.0 255931
2318.0 1925.0 132240
2232.0 1374.0 159249
396.0 828.0 35472
2365.0 1649.0 218303
2499.0 658.0 263687
1410.0 307.0 95514
2990.0 214.0 20825
3646.0 1018.0 172032
3394.0 1028.0 10586
1779.0 90.0 37022
1058.0 372.0 232521
2933.0 1459.0 261436
3099.0 173.0 229593
2178.0 978.0 215538
138.0 1610.0 91543
2082.0 1753.0 48749
2302.0 1127.0 87983
805.0 272.0 297669
22.0 1617.0 134178
3213.0 1085.0 19569
99.0 536.0 159472
1533.0 1780.0 274616
3564.0 676.0 279698
29.0 6.0 128301
3808.0 1375.0 136906
2221.0 291.0 196272
3499.0 1885.0 94524
3124.0 408.0 124349
781.0 671.0 304483
1027.0 1041.0 91195
3249.0 378.0 227156
3297.0 491.0 139236
213.0 220.0 218883
721.0 186.0 154876
3736.0 1542.0 230580
868.0 731.0 49304
960.0 303.0 152708
3825.0 1101.0 273684
2779.0 435.0 265713
201.0 693.0 213967
2502.0 1274.0 214311
765.0 833.0 91017
3105.0 1823.0 213396
1937.0 1400.0 233646
3364.0 1498.0 62368
3702.0 1624.0 117523
2164.0 1874.0 178060
3019.0 189.0 82304
3098.0 1594.0 275754
3239.0 1376.0 112656
3359.0 1693.0 301365
2081.0 1011.0 97144
1398.0 1100.0 171372
618.0 1953.0 74144
1878.0 59.0 274642
3803.0 886.0 287733
397.0 1217.0 73957
3035.0 152.0 215530
2502.0 146.0 113436
3230.0 380.0 286444
3479.0 1023.0 81726
958.0 1670.0 291596
3423.0 1241.0 157420
78.0 1066.0 99110
96.0 691.0 178950
3431.0 78.0 187251
2053.0 1461.0 309578
3048.0 1.0 275650
571.0 1711.0 76677
3393.0 782.0 167059
2835.0 1472.0 110196
144.0 1185.0 180287
923.0 108.0 44374
989.0 1997.0 119435
3061.0 1211.0 257686
2977.0 39.0 107140
1668.0 658.0 72207
878.0 715.0 256907
678.0 1599.0 305239
1086.0 868.0 134679
640.0 110.0 130711
3551.0 1673.0 184938
106.0 1267.0 252868
2243.0 1332.0 18911
3796.0 1401.0 35290
2643.0 1320.0 224906
48.0 267.0 249494
