# C:\Users\gielpa\PycharmProjects\Genetic-Algorithm\data-bak\kroB200.tsp\data
3140.0 1401.0 156434
556.0 1056.0 122581
3675.0 1522.0 193623
1182.0 1853.0 137289
3595.0 111.0 365700
962.0 1895.0 117538
2030.0 1186.0 328973
3507.0 1851.0 123408
2642.0 1269.0 34208
3438.0 901.0 386471
3858.0 1472.0 76562
2937.0 1568.0 181587
376.0 1018.0 389915
839.0 1355.0 238671
706.0 1925.0 225000
749.0 920.0 254352
298.0 615.0 224512
694.0 552.0 217890
387.0 190.0 66727
2801.0 695.0 49553
3133.0 1143.0 78354
1517.0 266.0 211436
1538.0 224.0 48090
844.0 520.0 153704
2639.0 1239.0 238879
3123.0 217.0 167327
2489.0 1520.0 124503
3834.0 1827.0 67126
3417.0 1808.0 204838
2938.0 543.0 110712
71.0 1323.0 387863
3245.0 1828.0 185002
731.0 1741.0 209126
2312.0 1270.0 39968
2426.0 1851.0 236578
380.0 478.0 130046
2310.0 635.0 46448
2830.0 775.0 345105
3829.0 513.0 320230
3684.0 445.0 225508
171.0 514.0 323867
627.0 1261.0 368537
1490.0 1123.0 213709
61.0 81.0 288541
422.0 542.0 22710
2698.0 1221.0 143230
2372.0 127.0 322292
177.0 1390.0 50186
3084.0 748.0 284731
1213.0 910.0 368602
3.0 1817.0 139108
1782.0 995.0 338387
3896.0 742.0 91289
1829.0 812.0 73344
1286.0 550.0 414904
3017.0 108.0 2916
2132.0 1432.0 210601
2000.0 1110.0 213887
3317.0 1966.0 354581
1729.0 1498.0 39599
2408.0 1747.0 102903
3292.0 152.0 41092
193.0 1210.0 45951
782.0 1462.0 351436
2503.0 352.0 281271
1697.0 1924.0 38952
3821.0 147.0 44593
3370.0 791.0 118669
3162.0 367.0 93368
3938.0 516.0 28113
2741.0 1583.0 307659
2330.0 741.0 399961
3918.0 1088.0 145135
1794.0 1589.0 221958
2929.0 485.0 229150
3453.0 1998.0 278081
896.0 705.0 371457
399.0 850.0 170951
2614.0 195.0 293963
2800.0 653.0 213825
2630.0 20.0 150675
563.0 1513.0 319616
1090.0 1652.0 250806
2009.0 1163.0 174869
3876.0 1165.0 83576
3084.0 774.0 223069
1526.0 1612.0 331406
1612.0 328.0 235693
1423.0 1322.0 113658
3058.0 1276.0 283764
3782.0 1865.0 288038
347.0 252.0 210336
3904.0 1444.0 57340
2191.0 1579.0 283428
3220.0 1454.0 35218
468.0 319.0 81411
3611.0 1968.0 57733
3114.0 1629.0 42348
3515.0 1892.0 110446
3060.0 155.0 167366
2995.0 264.0 71171
202.0 233.0 103035
981.0 848.0 313703
1346.0 408.0 48206
781.0 670.0 182102
1009.0 1001.0 346916
2927.0 1777.0 187262
2982.0 949.0 58559
555.0 1121.0 65093
464.0 1302.0 143339
3452.0 637.0 396293
571.0 1982.0 272564
2656.0 128.0 147112
1623.0 1723.0 150738
2067.0 694.0 106718
1725.0 927.0 356712
3600.0 459.0 217982
1109.0 1196.0 335229
366.0 339.0 8404
778.0 1282.0 310097
386.0 1616.0 413836
3918.0 1217.0 348807
3332.0 1049.0 283744
2597.0 349.0 252527
811.0 1295.0 363515
241.0 1069.0 403497
2658.0 360.0 241728
394.0 1944.0 142293
3786.0 1862.0 222573
264.0 36.0 257202
2050.0 1833.0 77917
3538.0 125.0 330621
1646.0 1817.0 8838
2993.0 624.0 266423
547.0 25.0 171742
3373.0 1902.0 236074
460.0 267.0 225282
3060.0 781.0 317606
1828.0 456.0 276294
1021.0 962.0 112142
2347.0 388.0 377006
3535.0 1112.0 167134
1529.0 581.0 88566
1203.0 385.0 361680
1787.0 1902.0 107333
2740.0 1101.0 54917
555.0 1753.0 232447
47.0 363.0 168788
3935.0 540.0 164092
3062.0 329.0 63923
387.0 199.0 397976
2901.0 920.0 160419
931.0 512.0 345055
1766.0 692.0 91701
401.0 980.0 375078
149.0 1629.0 270196
2214.0 1977.0 321811
3805.0 1619.0 247813
1179.0 969.0 310630
1017.0 333.0 82570
2834.0 1512.0 49656
634.0 294.0 236885
1819.0 814.0 19446
1393.0 859.0 156793
1768.0 1578.0 202844
3023.0 871.0 378414
3248.0 1906.0 101774
1632.0 1742.0 108822
2223.0 990.0 197323
3868.0 697.0 305719
1541.0 354.0 88309
2374.0 1944.0 411412
1962.0 389.0 24216
3007.0 1524.0 46343
3220.0 1945.0 405914
2356.0 1568.0 299247
1604.0 706.0 201097
2028.0 1736.0 72418
2581.0 121.0 43112
2221.0 1578.0 115399
2944.0 632.0 135224
1082.0 1561.0 39480
997.0 942.0 20588
2334.0 523.0 112383
1264.0 1090.0 77354
1699.0 1294.0 330043
235.0 1059.0 287776
2592.0 248.0 394128
3642.0 699.0 154461
3599.0 514.0 241790
1766.0 678.0 405725
240.0 619.0 50107
1272.0 246.0 360272
3503.0 301.0 183916
80.0 1533.0 19554
1677.0 1238.0 53685
3766.0 154.0 64277
3946.0 459.0 51974
1994.0 1852.0 275306
278.0 165.0 365385
