# C:\Users\gielpa\PycharmProjects\Genetic-Algorithm\data-bak\kroC100.tsp\data
1357.0 1905.0 183021
2650.0 802.0 111717
1774.0 107.0 148915
1307.0 964.0 108708
3806.0 746.0 142866
2687.0 1353.0 81163
43.0 1957.0 3777
3092.0 1668.0 189646
185.0 1542.0 203639
834.0 629.0 191713
40.0 462.0 52085
1183.0 1391.0 201430
2048.0 1628.0 3456
1097.0 643.0 107781
1838.0 1732.0 80671
234.0 1118.0 134476
3314.0 1881.0 145544
737.0 1285.0 31048
779.0 777.0 126627
2312.0 1949.0 195262
2576.0 189.0 119883
3078.0 1541.0 13475
2781.0 478.0 107901
705.0 1812.0 161787
3409.0 1917.0 205031
323.0 1714.0 143690
1660.0 1556.0 43697
3729.0 1188.0 6619
693.0 1383.0 176517
2361.0 640.0 36138
2433.0 1538.0 204229
554.0 1825.0 126873
913.0 317.0 177137
3586.0 1909.0 29817
2636.0 727.0 157476
1000.0 457.0 159781
482.0 1337.0 126604
3704.0 1082.0 107079
3635.0 1174.0 151395
1362.0 1526.0 6435
2049.0 417.0 31588
2552.0 1909.0 174386
3939.0 640.0 130737
219.0 898.0 72314
812.0 351.0 120097
901.0 1552.0 11585
2513.0 1572.0 47091
242.0 584.0 10081
826.0 1226.0 57977
3278.0 799.0 201834
86.0 1065.0 35799
14.0 454.0 77009
1327.0 1893.0 199057
2773.0 1286.0 33924
2469.0 1838.0 153547
3835.0 963.0 191968
1031.0 428.0 17094
3853.0 1712.0 65778
1868.0 197.0 55865
1544.0 863.0 204301
457.0 1607.0 173332
3174.0 1064.0 29187
192.0 1004.0 150540
2318.0 1925.0 205961
2232.0 1374.0 160985
396.0 828.0 66700
2365.0 1649.0 127168
2499.0 658.0 142217
1410.0 307.0 170603
2990.0 214.0 160562
3646.0 1018.0 84336
3394.0 1028.0 198000
1779.0 90.0 83519
1058.0 372.0 122558
2933.0 1459.0 23556
3099.0 173.0 146984
2178.0 978.0 35839
138.0 1610.0 80251
2082.0 1753.0 68325
2302.0 1127.0 57079
805.0 272.0 163861
22.0 1617.0 196852
3213.0 1085.0 124293
99.0 536.0 138881
1533.0 1780.0 145212
3564.0 676.0 89069
29.0 6.0 195341
3808.0 1375.0 193733
2221.0 291.0 208253
3499.0 1885.0 135958
3124.0 408.0 208762
781.0 671.0 11467
1027.0 1041.0 1636
3249.0 378.0 81056
3297.0 491.0 32198
213.0 220.0 99720
721.0 186.0 156127
3736.0 1542.0 63415
868.0 731.0 88120
960.0 303.0 154861
