# C:\Users\gielpa\PycharmProjects\Genetic-Algorithm\data-bak\kroD100.tsp\data
2995.0 264.0 189936
202.0 233.0 4530
981.0 848.0 81909
1346.0 408.0 155083
781.0 670.0 26089
1009.0 1001.0 57010
2927.0 1777.0 21956
2982.0 949.0 140249
555.0 1121.0 190479
464.0 1302.0 41308
3452.0 637.0 181381
571.0 1982.0 164659
2656.0 128.0 49698
1623.0 1723.0 31175
2067.0 694.0 157072
1725.0 927.0 132843
3600.0 459.0 75939
1109.0 1196.0 80288
366.0 339.0 184396
778.0 1282.0 33695
386.0 1616.0 190115
3918.0 1217.0 12328
3332.0 1049.0 56437
2597.0 349.0 63617
811.0 1295.0 153610
241.0 1069.0 88600
2658.0 360.0 26452
394.0 1944.0 137254
3786.0 1862.0 132307
264.0 36.0 63524
2050.0 1833.0 20305
3538.0 125.0 159265
1646.0 1817.0 45785
2993.0 624.0 108244
547.0 25.0 119511
3373.0 1902.0 99375
460.0 267.0 104183
3060.0 781.0 89401
1828.0 456.0 122933
1021.0 962.0 87407
2347.0 388.0 160458
3535.0 1112.0 1979
1529.0 581.0 176816
1203.0 385.0 9504
1787.0 1902.0 107575
2740.0 1101.0 158468
555.0 1753.0 160394
47.0 363.0 153142
3935.0 540.0 133773
3062.0 329.0 68264
387.0 199.0 82952
2901.0 920.0 159681
931.0 512.0 95325
1766.0 692.0 1509
401.0 980.0 108986
149.0 1629.0 198403
2214.0 1977.0 95023
3805.0 1619.0 161905
1179.0 969.0 193172
1017.0 333.0 188172
2834.0 1512.0 173353
634.0 294.0 39932
1819.0 814.0 95686
1393.0 859.0 81406
1768.0 1578.0 101779
3023.0 871.0 27658
3248.0 1906.0 72085
1632.0 1742.0 66025
2223.0 990.0 167553
3868.0 697.0 77842
1541.0 354.0 3746
2374.0 1944.0 105983
1962.0 389.0 62817
3007.0 1524.0 90233
3220.0 1945.0 195584
2356.0 1568.0 98500
1604.0 706.0 48574
2028.0 1736.0 41930
2581.0 121.0 190547
2221.0 1578.0 105114
2944.0 632.0 76122
1082.0 1561.0 96325
997.0 942.0 124355
2334.0 523.0 115453
1264.0 1090.0 97956
1699.0 1294.0 43129
235.0 1059.0 78361
2592.0 248.0 12152
3642.0 699.0 61392
3599.0 514.0 42156
1766.0 678.0 35522
240.0 619.0 114940
1272.0 246.0 91632
3503.0 301.0 153979
80.0 1533.0 107473
1677.0 1238.0 197759
3766.0 154.0 194036
3946.0 459.0 85059
1994.0 1852.0 11799
278.0 165.0 51397
