# C:\Users\gielpa\PycharmProjects\Genetic-Algorithm\data-bak\kroE100.tsp\data
3477.0 949.0 154777
91.0 1732.0 190945
3972.0 329.0 55319
198.0 1632.0 107165
1806.0 733.0 72981
538.0 1023.0 111165
3430.0 1088.0 70799
2186.0 766.0 176435
1513.0 1646.0 164505
2143.0 1611.0 135914
53.0 1657.0 188619
3404.0 1307.0 109763
1034.0 1344.0 171983
2823.0 376.0 50575
3104.0 1931.0 89489
3232.0 324.0 5720
2790.0 1457.0 5381
374.0 9.0 154825
741.0 146.0 16132
3083.0 1938.0 119551
3502.0 1067.0 185536
1280.0 237.0 31290
3326.0 1846.0 179967
217.0 38.0 95202
2503.0 1172.0 13553
3527.0 41.0 164647
739.0 1850.0 33497
3548.0 1999.0 107058
48.0 154.0 184122
1419.0 872.0 126451
1689.0 1223.0 47689
3468.0 1404.0 190469
1628.0 253.0 10891
382.0 872.0 87313
3029.0 1242.0 107564
3646.0 1758.0 152457
285.0 1029.0 82314
1782.0 93.0 90129
1067.0 371.0 129663
2849.0 1214.0 69866
920.0 1835.0 123722
1741.0 712.0 79023
876.0 220.0 203874
2753.0 283.0 109936
2609.0 1286.0 51444
3941.0 258.0 49196
3613.0 523.0 62204
1754.0 559.0 80010
2916.0 1724.0 56496
2445.0 1820.0 51561
3825.0 1101.0 103350
2779.0 435.0 40071
201.0 693.0 125905
2502.0 1274.0 93923
765.0 833.0 148912
3105.0 1823.0 63906
1937.0 1400.0 61072
3364.0 1498.0 193018
3702.0 1624.0 176847
2164.0 1874.0 26180
3019.0 189.0 87090
3098.0 1594.0 36555
3239.0 1376.0 176562
3359.0 1693.0 58588
2081.0 1011.0 123920
1398.0 1100.0 29909
618.0 1953.0 24082
1878.0 59.0 76513
3803.0 886.0 91449
397.0 1217.0 148493
3035.0 152.0 93278
2502.0 146.0 95110
3230.0 380.0 92678
3479.0 1023.0 45890
958.0 1670.0 59555
3423.0 1241.0 175709
78.0 1066.0 191240
96.0 691.0 18264
3431.0 78.0 26350
2053.0 1461.0 194259
3048.0 1.0 510
571.0 1711.0 133256
3393.0 782.0 72916
2835.0 1472.0 51616
144.0 1185.0 23349
923.0 108.0 47932
989.0 1997.0 58587
3061.0 1211.0 158831
2977.0 39.0 5932
1668.0 658.0 81035
878.0 715.0 26001
678.0 1599.0 40193
1086.0 868.0 63919
640.0 110.0 184116
3551.0 1673.0 185097
106.0 1267.0 55522
2243.0 1332.0 58259
3796.0 1401.0 137110
2643.0 1320.0 153182
48.0 267.0 129025
