# C:\Users\gielpa\PycharmProjects\Genetic-Algorithm\data-bak\lin105.tsp\data
63.0 71.0 164617
94.0 71.0 89781
142.0 370.0 28872
173.0 1276.0 141084
205.0 1213.0 15496
213.0 69.0 3386
244.0 69.0 54758
276.0 630.0 159052
283.0 732.0 13179
362.0 69.0 48940
394.0 69.0 162512
449.0 370.0 58066
480.0 1276.0 158980
512.0 1213.0 131640
528.0 157.0 61636
583.0 630.0 81763
591.0 732.0 48457
638.0 654.0 135912
638.0 496.0 163440
638.0 314.0 16276
638.0 142.0 8069
669.0 142.0 130093
677.0 315.0 66791
677.0 496.0 159162
677.0 654.0 155739
709.0 654.0 154495
709.0 496.0 63403
709.0 315.0 30137
701.0 142.0 66603
764.0 220.0 110758
811.0 189.0 140149
843.0 173.0 63869
858.0 370.0 116801
890.0 1276.0 82336
921.0 1213.0 23157
992.0 630.0 77023
1000.0 732.0 19784
1197.0 1276.0 42331
1228.0 1213.0 101895
1276.0 205.0 51333
1299.0 630.0 160295
1307.0 732.0 120838
1362.0 654.0 139009
1362.0 496.0 79943
1362.0 291.0 38901
1425.0 654.0 141544
1425.0 496.0 28668
1425.0 291.0 146870
1417.0 173.0 165037
1488.0 291.0 101433
1488.0 496.0 26438
1488.0 654.0 6702
1551.0 654.0 18550
1551.0 496.0 155096
1551.0 291.0 23848
1614.0 291.0 10842
1614.0 496.0 68972
1614.0 654.0 156547
1732.0 189.0 93267
1811.0 1276.0 76044
1843.0 1213.0 35194
1913.0 630.0 129100
1921.0 732.0 42697
2087.0 370.0 157078
2118.0 1276.0 121320
2150.0 1213.0 96684
2189.0 205.0 144491
2220.0 189.0 98908
2220.0 630.0 146264
2228.0 732.0 8162
2244.0 142.0 58869
2276.0 315.0 20787
2276.0 496.0 76696
2276.0 654.0 18255
2315.0 654.0 24981
2315.0 496.0 45995
2315.0 315.0 127827
2331.0 142.0 49646
2346.0 315.0 43944
2346.0 496.0 127248
2346.0 654.0 114288
2362.0 142.0 15828
2402.0 157.0 165559
2402.0 220.0 165069
2480.0 142.0 33995
2496.0 370.0 123818
2528.0 1276.0 54874
2559.0 1213.0 53948
2630.0 630.0 96329
2638.0 732.0 64919
2756.0 69.0 50741
2787.0 69.0 100580
2803.0 370.0 137896
2835.0 1276.0 85480
2866.0 1213.0 4573
2906.0 69.0 68110
2937.0 69.0 7772
2937.0 630.0 71467
2945.0 732.0 147005
3016.0 1276.0 115793
3055.0 69.0 129413
3087.0 69.0 56971
606.0 220.0 13854
1165.0 370.0 43461
1780.0 370.0 104989
