# C:\Users\gielpa\PycharmProjects\Genetic-Algorithm\data-bak\lin318.tsp\data
63.0 71.0 465018
94.0 71.0 673235
142.0 370.0 62285
173.0 1276.0 72596
205.0 1213.0 749703
213.0 69.0 105006
244.0 69.0 271137
276.0 630.0 70982
283.0 732.0 574226
362.0 69.0 525170
394.0 69.0 85067
449.0 370.0 607935
480.0 1276.0 480710
512.0 1213.0 434032
528.0 157.0 356901
583.0 630.0 188682
591.0 732.0 726044
638.0 654.0 670867
638.0 496.0 641788
638.0 314.0 647036
638.0 142.0 441119
669.0 142.0 239041
677.0 315.0 643903
677.0 496.0 407438
677.0 654.0 714192
709.0 654.0 335938
709.0 496.0 149478
709.0 315.0 745863
701.0 142.0 201029
764.0 220.0 519319
811.0 189.0 193676
843.0 173.0 423525
858.0 370.0 375708
890.0 1276.0 352050
921.0 1213.0 495397
992.0 630.0 500496
1000.0 732.0 718726
1197.0 1276.0 312662
1228.0 1213.0 238637
1276.0 205.0 303476
1299.0 630.0 671853
1307.0 732.0 716060
1362.0 654.0 66563
1362.0 496.0 476614
1362.0 291.0 179792
1425.0 654.0 583715
1425.0 496.0 645197
1425.0 291.0 637671
1417.0 173.0 562200
1488.0 291.0 397055
1488.0 496.0 635465
1488.0 654.0 464628
1551.0 654.0 492629
1551.0 496.0 339582
1551.0 291.0 13099
1614.0 291.0 87800
1614.0 496.0 733251
1614.0 654.0 118151
1732.0 189.0 47724
1811.0 1276.0 571080
1843.0 1213.0 764876
1913.0 630.0 607971
1921.0 732.0 442530
2087.0 370.0 105443
2118.0 1276.0 442348
2150.0 1213.0 648187
2189.0 205.0 656470
2220.0 189.0 73340
2220.0 630.0 770606
2228.0 732.0 408438
2244.0 142.0 563255
2276.0 315.0 560665
2276.0 496.0 355411
2276.0 654.0 93053
2315.0 654.0 581896
2315.0 496.0 291085
2315.0 315.0 195115
2331.0 142.0 102527
2346.0 315.0 110612
2346.0 496.0 281224
2346.0 654.0 656628
2362.0 142.0 126999
2402.0 157.0 633499
2402.0 220.0 477992
2480.0 142.0 196007
2496.0 370.0 722067
2528.0 1276.0 383384
2559.0 1213.0 88166
2630.0 630.0 306639
2638.0 732.0 351246
2756.0 69.0 41232
2787.0 69.0 530693
2803.0 370.0 358720
2835.0 1276.0 710986
2866.0 1213.0 574816
2906.0 69.0 592941
2937.0 69.0 398227
2937.0 630.0 270460
2945.0 732.0 63001
3016.0 1276.0 613434
3055.0 69.0 44795
3087.0 69.0 718010
606.0 220.0 366492
1165.0 370.0 77578
1780.0 370.0 349710
63.0 1402.0 66370
94.0 1402.0 713866
142.0 1701.0 80881
173.0 2607.0 567468
205.0 2544.0 141908
213.0 1400.0 223214
244.0 1400.0 42306
276.0 1961.0 553331
283.0 2063.0 373518
362.0 1400.0 65434
394.0 1400.0 586421
449.0 1701.0 117122
480.0 2607.0 422131
512.0 2544.0 719142
528.0 1488.0 276229
583.0 1961.0 545623
591.0 2063.0 240547
638.0 1985.0 258356
638.0 1827.0 587724
638.0 1645.0 521664
638.0 1473.0 81869
669.0 1473.0 397820
677.0 1646.0 167371
677.0 1827.0 392562
677.0 1985.0 483955
709.0 1985.0 736389
709.0 1827.0 168738
709.0 1646.0 256949
701.0 1473.0 214980
764.0 1551.0 634301
811.0 1520.0 59732
843.0 1504.0 520723
858.0 1701.0 225119
890.0 2607.0 248665
921.0 2544.0 721477
992.0 1961.0 534894
1000.0 2063.0 224367
1197.0 2607.0 432497
1228.0 2544.0 141976
1276.0 1536.0 332341
1299.0 1961.0 464707
1307.0 2063.0 226929
1362.0 1985.0 669885
1362.0 1827.0 39194
1362.0 1622.0 514647
1425.0 1985.0 194895
1425.0 1827.0 491264
1425.0 1622.0 698039
1417.0 1504.0 231736
1488.0 1622.0 633644
1488.0 1827.0 255340
1488.0 1985.0 235915
1551.0 1985.0 182601
1551.0 1827.0 76474
1551.0 1622.0 418242
1614.0 1622.0 156930
1614.0 1827.0 16227
1614.0 1985.0 58218
1732.0 1520.0 687566
1811.0 2607.0 340387
1843.0 2544.0 386432
1913.0 1961.0 234543
1921.0 2063.0 704109
2087.0 1701.0 275665
2118.0 2607.0 183353
2150.0 2544.0 310432
2189.0 1536.0 187266
2220.0 1520.0 461401
2220.0 1961.0 300072
2228.0 2063.0 352309
2244.0 1473.0 118092
2276.0 1646.0 363898
2276.0 1827.0 418620
2276.0 1985.0 542722
2315.0 1985.0 309377
2315.0 1827.0 129948
2315.0 1646.0 604061
2331.0 1473.0 768697
2346.0 1646.0 452468
2346.0 1827.0 433270
2346.0 1985.0 9268
2362.0 1473.0 772907
2402.0 1488.0 1053
2402.0 1551.0 173007
2480.0 1473.0 630480
2496.0 1701.0 745826
2528.0 2607.0 648930
2559.0 2544.0 72587
2630.0 1961.0 195879
2638.0 2063.0 226929
2756.0 1400.0 567200
2787.0 1400.0 593698
2803.0 1701.0 328569
2835.0 2607.0 681069
2866.0 2544.0 85967
2906.0 1400.0 482927
2937.0 1400.0 24864
2937.0 1961.0 7142
2945.0 2063.0 239687
3016.0 2607.0 196353
3055.0 1400.0 698074
3087.0 1400.0 170456
606.0 1551.0 114614
1165.0 1701.0 106116
1780.0 1701.0 532376
63.0 2733.0 772637
94.0 2733.0 382032
142.0 3032.0 221269
173.0 3938.0 32080
205.0 3875.0 226741
213.0 2731.0 455541
244.0 2731.0 629235
276.0 3292.0 434686
283.0 3394.0 252035
362.0 2731.0 634755
394.0 2731.0 344005
449.0 3032.0 720201
480.0 3938.0 105364
512.0 3875.0 270895
528.0 2819.0 356572
583.0 3292.0 515406
591.0 3394.0 10122
638.0 3316.0 630806
638.0 3158.0 760574
638.0 2976.0 180946
638.0 2804.0 455736
669.0 2804.0 156173
677.0 2977.0 518998
677.0 3158.0 601397
677.0 3316.0 636032
709.0 3316.0 571712
709.0 3158.0 347159
709.0 2977.0 75104
701.0 2804.0 229437
764.0 2882.0 66631
811.0 2851.0 342640
843.0 2835.0 269887
858.0 3032.0 152797
890.0 3938.0 717056
921.0 3875.0 418095
992.0 3292.0 735218
1000.0 3394.0 581642
1197.0 3938.0 716249
1228.0 3875.0 467000
1276.0 2867.0 748398
1299.0 3292.0 600822
1307.0 3394.0 630055
1362.0 3316.0 129516
1362.0 3158.0 318379
1362.0 2953.0 270642
1425.0 3316.0 657744
1425.0 3158.0 391642
1425.0 2953.0 344360
1417.0 2835.0 12998
1488.0 2953.0 723452
1488.0 3158.0 350398
1488.0 3316.0 551400
1551.0 3316.0 443057
1551.0 3158.0 183340
1551.0 2953.0 557336
1614.0 2953.0 120992
1614.0 3158.0 586362
1614.0 3316.0 33389
1732.0 2851.0 156473
1811.0 3938.0 535033
1843.0 3875.0 497989
1913.0 3292.0 366528
1921.0 3394.0 557415
2087.0 3032.0 451079
2118.0 3938.0 11130
2150.0 3875.0 183059
2189.0 2867.0 700792
2220.0 2851.0 700914
2220.0 3292.0 111283
2228.0 3394.0 342965
2244.0 2804.0 318996
2276.0 2977.0 262572
2276.0 3158.0 712464
2276.0 3316.0 217165
2315.0 3316.0 614544
2315.0 3158.0 181552
2315.0 2977.0 627510
2331.0 2804.0 521635
2346.0 2977.0 713584
2346.0 3158.0 638731
2346.0 3316.0 350429
2362.0 2804.0 366003
2402.0 2819.0 429807
2402.0 2882.0 616450
2480.0 2804.0 197265
2496.0 3032.0 117736
2528.0 3938.0 701344
2559.0 3875.0 91496
2630.0 3292.0 649301
2638.0 3394.0 659999
2756.0 2731.0 163080
2787.0 2731.0 38564
2803.0 3032.0 120734
2835.0 3938.0 187357
2866.0 3875.0 384632
2906.0 2731.0 669163
2937.0 2731.0 209982
2937.0 3292.0 114109
2945.0 3394.0 36068
3016.0 3938.0 354280
3055.0 2731.0 733068
3087.0 2731.0 400675
606.0 2882.0 520709
1165.0 3032.0 7323
1780.0 3032.0 769984
1417.0 -79.0 46867
1496.0 -79.0 376433
1693.0 4055.0 255929
