# C:\Users\gielpa\PycharmProjects\Genetic-Algorithm\data-bak\linhp318.tsp\data
63.0 71.0 292943
94.0 71.0 688359
142.0 370.0 568060
173.0 1276.0 657608
205.0 1213.0 662213
213.0 69.0 542237
244.0 69.0 669058
276.0 630.0 326156
283.0 732.0 120818
362.0 69.0 232395
394.0 69.0 209649
449.0 370.0 277184
480.0 1276.0 700439
512.0 1213.0 224095
528.0 157.0 389150
583.0 630.0 160199
591.0 732.0 107011
638.0 654.0 269407
638.0 496.0 661951
638.0 314.0 669100
638.0 142.0 169189
669.0 142.0 714053
677.0 315.0 391431
677.0 496.0 488018
677.0 654.0 641739
709.0 654.0 404457
709.0 496.0 114698
709.0 315.0 151526
701.0 142.0 721581
764.0 220.0 108801
811.0 189.0 749307
843.0 173.0 437425
858.0 370.0 151702
890.0 1276.0 528487
921.0 1213.0 406275
992.0 630.0 621062
1000.0 732.0 743375
1197.0 1276.0 339554
1228.0 1213.0 444084
1276.0 205.0 435175
1299.0 630.0 92884
1307.0 732.0 389874
1362.0 654.0 270293
1362.0 496.0 407650
1362.0 291.0 282613
1425.0 654.0 39080
1425.0 496.0 432240
1425.0 291.0 613082
1417.0 173.0 8371
1488.0 291.0 4189
1488.0 496.0 686002
1488.0 654.0 756301
1551.0 654.0 33143
1551.0 496.0 338360
1551.0 291.0 100946
1614.0 291.0 547200
1614.0 496.0 523777
1614.0 654.0 179713
1732.0 189.0 477687
1811.0 1276.0 765012
1843.0 1213.0 468257
1913.0 630.0 223896
1921.0 732.0 490118
2087.0 370.0 277905
2118.0 1276.0 224956
2150.0 1213.0 528871
2189.0 205.0 447055
2220.0 189.0 118170
2220.0 630.0 668478
2228.0 732.0 327658
2244.0 142.0 481408
2276.0 315.0 103645
2276.0 496.0 746733
2276.0 654.0 317105
2315.0 654.0 411886
2315.0 496.0 9557
2315.0 315.0 506703
2331.0 142.0 394394
2346.0 315.0 605200
2346.0 496.0 343358
2346.0 654.0 639703
2362.0 142.0 729679
2402.0 157.0 677261
2402.0 220.0 216932
2480.0 142.0 656224
2496.0 370.0 736536
2528.0 1276.0 137885
2559.0 1213.0 299159
2630.0 630.0 437354
2638.0 732.0 84459
2756.0 69.0 97175
2787.0 69.0 184572
2803.0 370.0 732801
2835.0 1276.0 65867
2866.0 1213.0 158599
2906.0 69.0 147611
2937.0 69.0 124666
2937.0 630.0 431610
2945.0 732.0 525636
3016.0 1276.0 399265
3055.0 69.0 293305
3087.0 69.0 320755
606.0 220.0 306719
1165.0 370.0 117804
1780.0 370.0 459348
63.0 1402.0 94598
94.0 1402.0 338206
142.0 1701.0 50497
173.0 2607.0 412671
205.0 2544.0 5602
213.0 1400.0 123886
244.0 1400.0 296347
276.0 1961.0 630203
283.0 2063.0 443009
362.0 1400.0 127614
394.0 1400.0 493033
449.0 1701.0 283552
480.0 2607.0 300517
512.0 2544.0 364712
528.0 1488.0 557626
583.0 1961.0 102299
591.0 2063.0 215197
638.0 1985.0 642676
638.0 1827.0 641453
638.0 1645.0 512660
638.0 1473.0 536216
669.0 1473.0 169101
677.0 1646.0 82949
677.0 1827.0 198448
677.0 1985.0 276790
709.0 1985.0 665074
709.0 1827.0 174239
709.0 1646.0 552250
701.0 1473.0 360807
764.0 1551.0 217113
811.0 1520.0 523806
843.0 1504.0 430044
858.0 1701.0 625577
890.0 2607.0 443013
921.0 2544.0 24484
992.0 1961.0 717859
1000.0 2063.0 85976
1197.0 2607.0 29578
1228.0 2544.0 691075
1276.0 1536.0 215016
1299.0 1961.0 220738
1307.0 2063.0 224849
1362.0 1985.0 231843
1362.0 1827.0 173708
1362.0 1622.0 747032
1425.0 1985.0 609236
1425.0 1827.0 358074
1425.0 1622.0 236725
1417.0 1504.0 4788
1488.0 1622.0 147906
1488.0 1827.0 112530
1488.0 1985.0 372116
1551.0 1985.0 18119
1551.0 1827.0 668572
1551.0 1622.0 533659
1614.0 1622.0 39772
1614.0 1827.0 221341
1614.0 1985.0 367294
1732.0 1520.0 254717
1811.0 2607.0 700513
1843.0 2544.0 210533
1913.0 1961.0 164779
1921.0 2063.0 562416
2087.0 1701.0 213940
2118.0 2607.0 639079
2150.0 2544.0 606267
2189.0 1536.0 36316
2220.0 1520.0 749022
2220.0 1961.0 311763
2228.0 2063.0 725956
2244.0 1473.0 757960
2276.0 1646.0 501935
2276.0 1827.0 25590
2276.0 1985.0 173551
2315.0 1985.0 388001
2315.0 1827.0 152652
2315.0 1646.0 432296
2331.0 1473.0 650997
2346.0 1646.0 133007
2346.0 1827.0 41613
2346.0 1985.0 374656
2362.0 1473.0 40829
2402.0 1488.0 726602
2402.0 1551.0 464485
2480.0 1473.0 57985
2496.0 1701.0 397432
2528.0 2607.0 137835
2559.0 2544.0 235965
2630.0 1961.0 1718
2638.0 2063.0 482315
2756.0 1400.0 468395
2787.0 1400.0 771971
2803.0 1701.0 569336
2835.0 2607.0 616940
2866.0 2544.0 636312
2906.0 1400.0 64130
2937.0 1400.0 411814
2937.0 1961.0 719260
2945.0 2063.0 269730
3016.0 2607.0 147104
3055.0 1400.0 395122
3087.0 1400.0 606802
606.0 1551.0 750722
1165.0 1701.0 599385
1780.0 1701.0 566954
63.0 2733.0 94918
94.0 2733.0 434784
142.0 3032.0 589055
173.0 3938.0 486733
205.0 3875.0 112870
213.0 2731.0 237930
244.0 2731.0 185965
276.0 3292.0 532637
283.0 3394.0 41499
362.0 2731.0 339319
394.0 2731.0 122440
449.0 3032.0 604423
480.0 3938.0 297879
512.0 3875.0 182123
528.0 2819.0 48794
583.0 3292.0 245646
591.0 3394.0 755127
638.0 3316.0 632844
638.0 3158.0 688366
638.0 2976.0 597519
638.0 2804.0 461398
669.0 2804.0 204166
677.0 2977.0 308012
677.0 3158.0 481503
677.0 3316.0 480226
709.0 3316.0 663203
709.0 3158.0 26081
709.0 2977.0 501580
701.0 2804.0 614690
764.0 2882.0 240627
811.0 2851.0 625843
843.0 2835.0 471494
858.0 3032.0 629112
890.0 3938.0 726485
921.0 3875.0 249173
992.0 3292.0 190725
1000.0 3394.0 208846
1197.0 3938.0 175537
1228.0 3875.0 117048
1276.0 2867.0 730546
1299.0 3292.0 430856
1307.0 3394.0 318326
1362.0 3316.0 751406
1362.0 3158.0 79538
1362.0 2953.0 77513
1425.0 3316.0 12645
1425.0 3158.0 279724
1425.0 2953.0 546177
1417.0 2835.0 443453
1488.0 2953.0 353802
1488.0 3158.0 312808
1488.0 3316.0 725481
1551.0 3316.0 643269
1551.0 3158.0 249964
1551.0 2953.0 136343
1614.0 2953.0 30159
1614.0 3158.0 523621
1614.0 3316.0 242704
1732.0 2851.0 548758
1811.0 3938.0 306888
1843.0 3875.0 548856
1913.0 3292.0 77962
1921.0 3394.0 299457
2087.0 3032.0 43658
2118.0 3938.0 71793
2150.0 3875.0 486180
2189.0 2867.0 636134
2220.0 2851.0 73696
2220.0 3292.0 630250
2228.0 3394.0 445967
2244.0 2804.0 406621
2276.0 2977.0 351120
2276.0 3158.0 316530
2276.0 3316.0 257368
2315.0 3316.0 634435
2315.0 3158.0 367294
2315.0 2977.0 684145
2331.0 2804.0 629618
2346.0 2977.0 210298
2346.0 3158.0 426974
2346.0 3316.0 196782
2362.0 2804.0 266494
2402.0 2819.0 136309
2402.0 2882.0 409562
2480.0 2804.0 10883
2496.0 3032.0 81876
2528.0 3938.0 248732
2559.0 3875.0 277141
2630.0 3292.0 171252
2638.0 3394.0 732686
2756.0 2731.0 588909
2787.0 2731.0 593362
2803.0 3032.0 205529
2835.0 3938.0 29722
2866.0 3875.0 635170
2906.0 2731.0 574243
2937.0 2731.0 14732
2937.0 3292.0 520744
2945.0 3394.0 771026
3016.0 3938.0 58886
3055.0 2731.0 562686
3087.0 2731.0 275822
606.0 2882.0 108965
1165.0 3032.0 612224
1780.0 3032.0 480065
1417.0 -79.0 21705
1496.0 -79.0 654138
1693.0 4055.0 472368
