# C:\Users\gielpa\PycharmProjects\Genetic-Algorithm\data-bak\nrw1379.tsp\data
2918.0 6528.0 57215
2925.0 6597.0 575295
2926.0 6609.0 1320251
2927.0 6312.0 1142042
2930.0 6328.0 1247289
2934.0 6545.0 1213330
2938.0 7412.0 309014
2941.0 6456.0 167508
2945.0 6284.0 1069566
2947.0 6663.0 1447398
2948.0 6513.0 1468379
2948.0 7456.0 128756
2950.0 6350.0 1992711
2950.0 6480.0 1922793
2951.0 7293.0 226290
2959.0 6385.0 780383
2963.0 6476.0 1816786
2965.0 6450.0 1284074
2965.0 6602.0 853860
2968.0 7322.0 362156
2969.0 6212.0 1098174
2972.0 6406.0 516108
2973.0 6671.0 740779
2977.0 6493.0 861517
2981.0 6576.0 902027
2982.0 6333.0 245779
2983.0 7487.0 2026115
2987.0 6551.0 935839
2995.0 7425.0 813963
3001.0 6577.0 55546
3002.0 6598.0 1781436
3004.0 6394.0 1577466
3005.0 6345.0 1625900
3007.0 7303.0 681450
3009.0 6209.0 1344351
3009.0 6657.0 1925584
3010.0 6230.0 1102106
3010.0 6643.0 15486
3014.0 6478.0 1177142
3018.0 6382.0 1992146
3019.0 7435.0 1504333
3020.0 6429.0 802879
3021.0 6137.0 1449943
3024.0 6768.0 392606
3025.0 6547.0 641220
3026.0 6604.0 1825313
3026.0 7407.0 231831
3026.0 7421.0 264365
3029.0 5998.0 1701880
3029.0 6048.0 1321956
3033.0 6180.0 445629
3033.0 6639.0 1695813
3035.0 6801.0 1721237
3036.0 6232.0 428955
3036.0 6669.0 862879
3038.0 7183.0 1801278
3038.0 7291.0 483735
3042.0 7212.0 1636708
3045.0 6035.0 1752268
3045.0 6846.0 1209621
3046.0 6527.0 1446953
3046.0 7502.0 1484135
3048.0 6270.0 555140
3048.0 6488.0 1529216
3048.0 6886.0 547286
3049.0 6691.0 1909472
3051.0 6572.0 1408729
3052.0 6596.0 193495
3052.0 6753.0 1929393
3053.0 6639.0 282578
3055.0 7323.0 1252019
3056.0 7378.0 663705
3057.0 6012.0 571531
3057.0 6351.0 638513
3058.0 6070.0 1322766
3062.0 7227.0 1357340
3063.0 6054.0 1564439
3064.0 6217.0 1478966
3065.0 6534.0 76592
3068.0 6450.0 837624
3068.0 6788.0 1313263
3068.0 7146.0 1366543
3072.0 6121.0 618163
3076.0 6326.0 1339756
3078.0 6724.0 1442040
3079.0 6259.0 843114
3080.0 6857.0 1232422
3082.0 6348.0 288608
3083.0 6505.0 854472
3086.0 7082.0 1481016
3087.0 6768.0 339996
3087.0 7046.0 1331217
3088.0 6091.0 81857
3088.0 7339.0 553735
3090.0 6962.0 1416660
3093.0 6059.0 477406
3093.0 6374.0 1264195
3093.0 6414.0 1125426
3093.0 7177.0 604786
3095.0 6567.0 285162
3096.0 6686.0 1423484
3097.0 6766.0 1658698
3097.0 6984.0 252871
3099.0 6275.0 729480
3099.0 6833.0 1347655
3101.0 7028.0 445904
3102.0 6459.0 274455
3103.0 7463.0 698399
3104.0 6870.0 663340
3107.0 6900.0 627510
3110.0 6091.0 469963
3113.0 6336.0 1879916
3115.0 7272.0 248580
3116.0 6445.0 1647224
3116.0 6489.0 1990363
3117.0 7239.0 772379
3118.0 7194.0 1766230
3122.0 6617.0 1465782
3124.0 6563.0 327837
3124.0 7075.0 808280
3125.0 7161.0 865988
3128.0 6113.0 1714417
3130.0 7349.0 372550
3135.0 6650.0 497652
3139.0 6528.0 2000517
3140.0 6372.0 827178
3140.0 6807.0 1808826
3141.0 6324.0 1818829
3143.0 6440.0 6058
3143.0 7104.0 1168884
3144.0 6595.0 185687
3145.0 5877.0 225640
3145.0 6750.0 895345
3145.0 7447.0 1683764
3146.0 6063.0 1223137
3147.0 6176.0 126549
3147.0 6981.0 1301239
3148.0 6097.0 1700495
3148.0 6902.0 473144
3148.0 7403.0 1352151
3152.0 6204.0 987732
3155.0 6692.0 763330
3157.0 5987.0 511847
3159.0 5921.0 1070960
3159.0 6482.0 618731
3161.0 6627.0 1873350
3163.0 6220.0 1255898
3165.0 6020.0 462887
3167.0 6844.0 1386047
3170.0 6146.0 1556843
3170.0 7025.0 357409
3171.0 6372.0 332687
3175.0 6440.0 1991070
3175.0 7163.0 1968698
3176.0 7033.0 1565472
3177.0 6887.0 1531349
3179.0 6246.0 679648
3179.0 7078.0 451264
3182.0 6331.0 1303520
3182.0 6578.0 1412586
3182.0 6810.0 1663453
3183.0 5959.0 796450
3183.0 7202.0 1375716
3186.0 6354.0 870122
3186.0 6469.0 1029220
3188.0 6184.0 1108363
3188.0 6672.0 1575610
3188.0 7242.0 1752754
3188.0 7304.0 1441168
3189.0 6617.0 319309
3194.0 5840.0 47401
3194.0 6531.0 580964
3195.0 6031.0 637069
3196.0 7354.0 2005382
3201.0 6507.0 333778
3203.0 6221.0 1952034
3203.0 6930.0 1234033
3203.0 7370.0 1788478
3205.0 6412.0 1536975
3205.0 7014.0 126765
3206.0 7425.0 82161
3208.0 6743.0 166384
3208.0 6860.0 652658
3211.0 5999.0 1874878
3212.0 6360.0 190318
3214.0 6564.0 1994530
3214.0 7119.0 796937
3215.0 6709.0 2006775
3216.0 6115.0 1369931
3217.0 7074.0 1154057
3218.0 6482.0 1226549
3218.0 6673.0 933454
3219.0 6636.0 1848731
3220.0 6396.0 1252253
3220.0 6868.0 958670
3222.0 6992.0 715975
3224.0 6262.0 1328705
3225.0 6180.0 1278601
3225.0 7283.0 1341084
3227.0 6951.0 1762615
3228.0 6241.0 712702
3228.0 7468.0 1582546
3230.0 6050.0 1894240
3230.0 6303.0 2022327
3231.0 6833.0 46110
3234.0 6449.0 796094
3240.0 7257.0 985980
3241.0 5956.0 697976
3241.0 6806.0 979599
3244.0 6696.0 1244517
3245.0 6479.0 2023519
3245.0 7040.0 1702593
3247.0 6222.0 992536
3247.0 6594.0 539726
3247.0 7384.0 1241309
3251.0 6670.0 1097989
3252.0 6879.0 848859
3253.0 7013.0 1950343
3253.0 7334.0 235698
3253.0 7451.0 1541109
3254.0 6637.0 1375171
3255.0 5840.0 657747
3257.0 6251.0 101676
3258.0 6503.0 1321744
3259.0 6332.0 443137
3261.0 6101.0 1031450
3262.0 6982.0 418383
3264.0 6735.0 137514
3266.0 5874.0 137098
3267.0 6133.0 603081
3268.0 6938.0 1862870
3269.0 7278.0 113048
3270.0 6012.0 297661
3270.0 6558.0 368096
3272.0 5994.0 615147
3275.0 7480.0 1702931
3276.0 6459.0 1440207
3278.0 7163.0 1254587
3281.0 6521.0 1021043
3282.0 6792.0 592117
3284.0 5940.0 1893522
3285.0 7434.0 1099264
3288.0 6170.0 1114388
3288.0 6294.0 1888731
3289.0 6203.0 1700369
3289.0 6817.0 2010674
3292.0 6452.0 869380
3294.0 6654.0 35728
3295.0 6737.0 940566
3296.0 6114.0 638023
3296.0 6342.0 1815946
3296.0 6512.0 90063
3296.0 6602.0 1429977
3296.0 7079.0 1135350
3301.0 6897.0 936727
3302.0 6138.0 1337879
3302.0 6364.0 1743826
3302.0 6572.0 1747645
3303.0 7012.0 1965767
3304.0 6231.0 177043
3305.0 6263.0 1979149
3306.0 6706.0 141372
3307.0 7184.0 1122713
3310.0 6391.0 533805
3310.0 6490.0 688225
3310.0 6622.0 1662004
3313.0 6600.0 647267
3314.0 5898.0 1867342
3316.0 6102.0 947907
3319.0 6878.0 1291721
3320.0 6859.0 1747173
3322.0 5956.0 779027
3322.0 6189.0 1139007
3323.0 7155.0 1766574
3324.0 7129.0 1793120
3325.0 7223.0 1396237
3328.0 6735.0 424758
3329.0 5833.0 1359412
3329.0 5896.0 691676
3329.0 6986.0 874381
3333.0 7057.0 1006794
3334.0 6638.0 877600
3335.0 6253.0 1290048
3336.0 6088.0 392403
3336.0 6124.0 1904540
3336.0 6360.0 1070804
3336.0 6662.0 80121
3337.0 7128.0 790444
3337.0 7335.0 1358894
3339.0 6065.0 521190
3339.0 6756.0 813204
3340.0 5974.0 282417
3340.0 6424.0 1177805
3340.0 6908.0 1996896
3341.0 6177.0 142921
3341.0 6305.0 401451
3341.0 6820.0 1875500
3341.0 7490.0 950895
3345.0 6469.0 610955
3351.0 6889.0 148236
3351.0 7198.0 1536770
3353.0 7048.0 690308
3353.0 7376.0 970897
3355.0 7255.0 1478473
3358.0 7024.0 2002959
3359.0 7454.0 276565
3362.0 5997.0 621706
3364.0 6412.0 1771233
3364.0 6913.0 1778757
3366.0 6174.0 956048
3366.0 6501.0 1415783
3368.0 6993.0 1698360
3369.0 5819.0 431454
3369.0 6698.0 572947
3369.0 6835.0 670914
3370.0 6111.0 334059
3371.0 6489.0 1704248
3375.0 6450.0 15669
3376.0 7219.0 303333
3377.0 6964.0 184354
3378.0 6093.0 1030231
3378.0 6531.0 1897463
3379.0 5933.0 1589416
3379.0 6809.0 656345
3381.0 6372.0 1199176
3381.0 6556.0 833247
3381.0 6740.0 204368
3382.0 6232.0 438315
3382.0 6654.0 1636429
3382.0 6707.0 1128531
3382.0 6860.0 481380
3386.0 6015.0 480217
3388.0 6951.0 1051856
3390.0 7505.0 865582
3391.0 7068.0 1373207
3392.0 5909.0 2000812
3392.0 6420.0 1790729
3394.0 6258.0 1555005
3394.0 7102.0 1389014
3395.0 6795.0 339388
3398.0 6296.0 667449
3398.0 7178.0 1600094
3398.0 7327.0 1814963
3400.0 6586.0 408189
3404.0 6166.0 384410
3404.0 6633.0 495810
3404.0 6950.0 853479
3405.0 7046.0 1002092
3406.0 5820.0 1545039
3406.0 6080.0 1734982
3406.0 6194.0 551524
3406.0 7166.0 1681121
3409.0 7117.0 2002069
3410.0 6776.0 617776
3411.0 6130.0 1463134
3411.0 6336.0 899248
3412.0 6509.0 289667
3413.0 6691.0 1074973
3413.0 7017.0 1921317
3415.0 7453.0 1509952
3417.0 6022.0 340657
3418.0 6364.0 635455
3418.0 6405.0 1814920
3419.0 6479.0 1276689
3421.0 6973.0 1134596
3422.0 6535.0 1310873
3423.0 6053.0 1266086
3425.0 6875.0 77675
3427.0 6294.0 634302
3427.0 6853.0 903148
3427.0 7021.0 1233438
3428.0 5978.0 494867
3429.0 7061.0 583991
3432.0 6245.0 507958
3433.0 6448.0 1982435
3433.0 7140.0 1184538
3435.0 6929.0 1733165
3437.0 6139.0 369946
3439.0 7260.0 1794222
3441.0 7183.0 1581478
3443.0 6472.0 1625967
3443.0 6643.0 337770
3444.0 6338.0 1115153
3446.0 6193.0 753427
3446.0 6601.0 1831627
3449.0 7080.0 14948
3450.0 7104.0 1376052
3452.0 6766.0 1464325
3452.0 7003.0 1915992
3452.0 7060.0 1497773
3453.0 6103.0 1480944
3454.0 6704.0 1055989
3454.0 7220.0 1802748
3455.0 6882.0 1887354
3456.0 6905.0 310527
3456.0 6923.0 117208
3457.0 6936.0 1626036
3458.0 6193.0 1588388
3458.0 6514.0 860697
3458.0 7386.0 202921
3459.0 6310.0 869511
3460.0 6417.0 663551
3461.0 6163.0 1928598
3464.0 6272.0 260855
3464.0 6375.0 2041144
3465.0 7099.0 2010574
3466.0 6125.0 1815130
3466.0 6952.0 633938
3470.0 6075.0 822634
3471.0 6541.0 1999023
3471.0 7523.0 1124444
3472.0 6772.0 251349
3473.0 6225.0 1928935
3475.0 6479.0 1671452
3477.0 6245.0 1719059
3478.0 6451.0 55944
3482.0 6101.0 1714976
3482.0 6393.0 1115327
3485.0 6621.0 148761
3485.0 7114.0 450333
3486.0 6710.0 485963
3487.0 5976.0 1335110
3489.0 6356.0 585645
3489.0 6888.0 1516906
3490.0 6153.0 333558
3490.0 6750.0 1197359
3492.0 7720.0 866073
3495.0 5927.0 1436875
3496.0 6650.0 585687
3500.0 6756.0 379405
3501.0 6372.0 204234
3502.0 6488.0 341645
3503.0 6124.0 984666
3503.0 6588.0 1982690
3503.0 6845.0 1496472
3503.0 7129.0 810348
3508.0 7090.0 1931884
3508.0 7667.0 71527
3509.0 6699.0 602003
3510.0 6223.0 346531
3510.0 7023.0 68517
3510.0 7370.0 708256
3512.0 7123.0 57605
3512.0 7275.0 1571815
3515.0 6172.0 1413705
3516.0 6910.0 1991808
3516.0 6977.0 1155602
3517.0 7048.0 1882251
3519.0 7459.0 303210
3520.0 7107.0 1306912
3522.0 6645.0 1744578
3524.0 6325.0 1989657
3524.0 6618.0 9376
3526.0 6171.0 1778135
3526.0 6992.0 408195
3526.0 7347.0 1814201
3526.0 7525.0 573419
3527.0 6200.0 1811987
3527.0 6532.0 1713103
3528.0 6149.0 344726
3528.0 6288.0 696435
3530.0 6557.0 460453
3530.0 7286.0 329857
3531.0 6470.0 1960647
3532.0 6513.0 1895829
3534.0 7566.0 1541251
3536.0 6267.0 879533
3537.0 6460.0 1241749
3541.0 6802.0 1625588
3542.0 6424.0 738947
3542.0 6882.0 1579597
3543.0 6358.0 861489
3544.0 6762.0 180341
3545.0 6584.0 1221035
3550.0 6097.0 1469671
3552.0 6845.0 1939030
3552.0 7154.0 631067
3553.0 6250.0 1185507
3557.0 6279.0 112265
3557.0 6325.0 577655
3557.0 7180.0 1176136
3558.0 7206.0 883685
3559.0 6703.0 1681955
3563.0 6473.0 1487932
3563.0 7097.0 765186
3564.0 6757.0 2029026
3565.0 6448.0 1354891
3565.0 6573.0 1360253
3565.0 6631.0 856988
3568.0 6542.0 1336144
3568.0 6921.0 967975
3569.0 6363.0 1152071
3570.0 6401.0 695491
3570.0 7349.0 484505
3570.0 7502.0 1704296
3571.0 7619.0 429920
3572.0 7699.0 1027974
3574.0 7773.0 114775
3575.0 6159.0 751319
3575.0 6439.0 484232
3576.0 6344.0 1910469
3577.0 7041.0 1928088
3577.0 7434.0 574581
3578.0 6076.0 1704031
3578.0 6121.0 1216952
3578.0 6317.0 1152276
3581.0 6249.0 764104
3582.0 6608.0 1769186
3586.0 6513.0 450127
3587.0 6566.0 53692
3587.0 6877.0 1440536
3589.0 6793.0 1661228
3592.0 6663.0 356754
3593.0 6544.0 984226
3594.0 7253.0 1630216
3596.0 6219.0 639509
3598.0 7029.0 267477
3601.0 6970.0 1474542
3603.0 6093.0 182185
3604.0 6691.0 1165034
3606.0 7698.0 1872982
3606.0 7716.0 1687379
3607.0 7151.0 361509
3609.0 6729.0 149118
3610.0 6945.0 985665
3610.0 7221.0 1282138
3611.0 6631.0 668271
3611.0 6764.0 476504
3612.0 6582.0 140697
3615.0 7508.0 211364
3617.0 6305.0 1969447
3619.0 7357.0 1952049
3620.0 7021.0 1204383
3622.0 6258.0 1594077
3623.0 6597.0 1277877
3624.0 6192.0 790431
3625.0 6280.0 1584127
3630.0 6823.0 1800199
3630.0 7103.0 419096
3630.0 7311.0 2035435
3630.0 7572.0 1492488
3639.0 6152.0 1269839
3639.0 6261.0 1400735
3639.0 6889.0 1313198
3639.0 7712.0 888140
3642.0 6330.0 1551619
3646.0 7509.0 606029
3652.0 7207.0 1934053
3652.0 7853.0 1953289
3653.0 6765.0 1491106
3653.0 7404.0 796774
3653.0 7436.0 1569250
3655.0 6108.0 1490443
3655.0 6955.0 1326688
3657.0 6213.0 118393
3657.0 6761.0 639316
3660.0 6105.0 51105
3660.0 7566.0 694399
3660.0 7825.0 1189388
3661.0 6701.0 975037
3666.0 6945.0 1477430
3669.0 6855.0 538028
3674.0 7592.0 271762
3675.0 7133.0 1342523
3678.0 7181.0 1333718
3680.0 6638.0 1406411
3681.0 6287.0 1032686
3681.0 6546.0 2032531
3681.0 6603.0 815193
3682.0 6093.0 1392794
3682.0 7121.0 1466407
3683.0 6222.0 1341751
3683.0 7305.0 1919626
3684.0 6578.0 1154414
3685.0 7245.0 1342168
3688.0 6499.0 2001909
3688.0 7442.0 969055
3692.0 6903.0 131628
3699.0 6157.0 608444
3699.0 7769.0 608216
3702.0 6303.0 246809
3702.0 7657.0 1270782
3703.0 6467.0 586656
3703.0 7754.0 625131
3705.0 6667.0 1705322
3706.0 6193.0 1127231
3706.0 6625.0 222277
3709.0 7044.0 1391830
3710.0 7167.0 565280
3711.0 6762.0 82709
3711.0 7345.0 669776
3713.0 6222.0 1537284
3716.0 6117.0 571750
3717.0 6422.0 968591
3717.0 7631.0 1885230
3721.0 6252.0 960791
3722.0 6128.0 50747
3722.0 7118.0 1785280
3723.0 6391.0 1648795
3726.0 6152.0 1621226
3731.0 6715.0 411862
3732.0 6353.0 1072908
3732.0 6497.0 1324617
3732.0 7375.0 1282051
3734.0 6286.0 1914542
3734.0 6609.0 1510766
3736.0 6948.0 1653071
3739.0 7546.0 366434
3742.0 6329.0 1643073
3742.0 6520.0 750714
3743.0 6208.0 243635
3744.0 6811.0 850248
3745.0 6555.0 481528
3745.0 6762.0 48545
3748.0 7333.0 223272
3749.0 6115.0 159235
3750.0 6664.0 1042056
3753.0 7194.0 137309
3757.0 6174.0 485517
3758.0 7507.0 1890804
3760.0 7450.0 1869876
3762.0 7041.0 1428295
3763.0 7856.0 616521
3768.0 7110.0 640847
3771.0 6742.0 999050
3773.0 7368.0 1319514
3773.0 7642.0 46491
3774.0 6440.0 1451364
3776.0 7638.0 1220597
3777.0 6153.0 1446061
3777.0 6905.0 1840020
3777.0 7783.0 234573
3778.0 6476.0 1537935
3779.0 6340.0 931798
3779.0 7308.0 768508
3781.0 6920.0 352160
3782.0 6630.0 1133895
3783.0 6723.0 9882
3785.0 6568.0 1750605
3786.0 6185.0 113988
3789.0 6258.0 1080847
3789.0 7229.0 422709
3792.0 6322.0 633966
3793.0 6432.0 116816
3794.0 7726.0 105956
3797.0 7188.0 1275406
3800.0 6781.0 1287756
3800.0 6879.0 1862647
3801.0 6132.0 1004094
3803.0 6974.0 799516
3812.0 7509.0 702606
3814.0 6484.0 1821309
3814.0 7430.0 345262
3815.0 6828.0 770695
3817.0 7647.0 1524920
3819.0 6529.0 674744
3819.0 7209.0 1177769
3819.0 7327.0 1379112
3821.0 6194.0 766929
3826.0 7594.0 2586
3827.0 6338.0 1936100
3827.0 6754.0 616461
3828.0 7117.0 1935401
3830.0 6606.0 958289
3830.0 7541.0 449127
3833.0 7286.0 162313
3836.0 7747.0 212092
3838.0 6480.0 93056
3838.0 6673.0 835265
3840.0 6864.0 1601906
3842.0 7708.0 617963
3844.0 6439.0 141142
3845.0 6241.0 21569
3845.0 6996.0 687363
3847.0 6206.0 1108611
3848.0 7062.0 1944576
3852.0 7851.0 1929482
3853.0 6732.0 623943
3857.0 7232.0 1220849
3860.0 7784.0 1313993
3861.0 6838.0 958760
3862.0 6526.0 1271456
3867.0 7124.0 1152013
3867.0 7781.0 656177
3868.0 7089.0 411923
3868.0 7541.0 1649686
3869.0 6558.0 1325544
3872.0 6801.0 1766467
3874.0 7135.0 1733854
3875.0 7678.0 1935597
3879.0 7469.0 102040
3882.0 6399.0 665985
3882.0 7294.0 1724673
3883.0 6327.0 173027
3883.0 6636.0 593793
3883.0 6936.0 1029136
3884.0 6491.0 1141065
3887.0 7409.0 1041356
3890.0 7889.0 571012
3891.0 6257.0 498059
3892.0 7196.0 430124
3892.0 7354.0 971308
3896.0 7037.0 869131
3896.0 7260.0 1420698
3897.0 7098.0 589755
3899.0 6554.0 1442450
3900.0 7753.0 82281
3901.0 7435.0 45537
3904.0 6206.0 493237
3905.0 6514.0 1426647
3905.0 7076.0 611811
3906.0 6376.0 788458
3907.0 7857.0 1606152
3908.0 6247.0 545341
3909.0 6717.0 905987
3909.0 6948.0 1304813
3909.0 7544.0 870089
3910.0 7590.0 968785
3912.0 6441.0 1912698
3914.0 6975.0 933111
3917.0 6611.0 1092206
3918.0 7502.0 686985
3922.0 6497.0 1568127
3922.0 7166.0 189431
3922.0 7358.0 1345092
3931.0 6906.0 870556
3932.0 6792.0 295457
3934.0 6571.0 1597551
3935.0 6329.0 1934402
3935.0 7075.0 1754303
3937.0 7926.0 1040415
3938.0 7745.0 2027436
3941.0 7243.0 1430210
3943.0 6415.0 58767
3944.0 6624.0 1178060
3945.0 6548.0 1736654
3945.0 7612.0 143690
3946.0 7279.0 1806978
3949.0 7666.0 917064
3951.0 6710.0 1199336
3951.0 7782.0 1084142
3952.0 6975.0 1261005
3952.0 7522.0 792741
3955.0 6234.0 778477
3959.0 7453.0 249781
3962.0 6280.0 1445544
3962.0 7708.0 1272563
3968.0 7868.0 1402364
3969.0 6486.0 1072939
3970.0 6773.0 1937491
3970.0 6822.0 1546206
3971.0 6594.0 1988786
3973.0 6395.0 1578911
3973.0 6997.0 1146358
3975.0 7136.0 1906140
3977.0 6841.0 860406
3977.0 6970.0 1557879
3981.0 7202.0 1507618
3982.0 7190.0 253604
3983.0 7111.0 547456
3983.0 7233.0 913948
3983.0 7322.0 1617179
3984.0 7985.0 2043330
3985.0 6443.0 1902608
3987.0 6246.0 1398654
3988.0 7533.0 366649
3991.0 6265.0 1848698
3991.0 7882.0 330296
3993.0 7416.0 875393
3994.0 7087.0 325062
3995.0 6531.0 1487815
3995.0 7564.0 602811
3995.0 7808.0 619892
3999.0 7292.0 586918
4000.0 7342.0 194349
4004.0 6894.0 461608
4004.0 6964.0 166875
4004.0 6997.0 626448
4005.0 6480.0 488121
4006.0 7146.0 1738573
4007.0 6288.0 203443
4012.0 7753.0 365820
4014.0 6652.0 1882710
4014.0 7823.0 1720062
4023.0 7175.0 1578335
4027.0 6364.0 1988673
4030.0 7126.0 1296911
4032.0 6560.0 1972630
4032.0 7316.0 643820
4032.0 7917.0 1427634
4034.0 6912.0 1958385
4038.0 7486.0 1013126
4038.0 7945.0 970574
4041.0 6270.0 1533295
4043.0 7096.0 1575292
4045.0 6422.0 521604
4045.0 6743.0 1523112
4046.0 6620.0 990147
4046.0 6797.0 1305308
4047.0 7717.0 1311212
4050.0 8038.0 1253099
4051.0 7057.0 1396379
4051.0 7381.0 1767993
4052.0 7661.0 683825
4053.0 6527.0 660458
4054.0 6409.0 468477
4054.0 7240.0 551855
4055.0 6864.0 1733892
4055.0 7044.0 1898123
4057.0 7573.0 544747
4059.0 7190.0 292635
4062.0 7903.0 1169426
4064.0 6994.0 1645851
4064.0 7161.0 1123749
4065.0 7124.0 496849
4067.0 6319.0 336748
4068.0 7508.0 1461470
4068.0 7806.0 1970050
4068.0 8111.0 1716635
4073.0 6832.0 1238316
4073.0 7220.0 1808928
4079.0 7325.0 1365378
4084.0 6489.0 1024729
4085.0 6352.0 1768693
4089.0 6450.0 1735578
4092.0 7098.0 748968
4094.0 7442.0 968186
4095.0 6921.0 1004085
4095.0 7524.0 839776
4097.0 7278.0 1792880
4099.0 7251.0 764435
4100.0 6450.0 1433708
4103.0 6966.0 1227068
4110.0 7601.0 634808
4118.0 6553.0 816234
4119.0 7150.0 285151
4122.0 6868.0 1337486
4122.0 7390.0 1947812
4122.0 7924.0 684697
4123.0 6700.0 1666286
4123.0 7222.0 695889
4126.0 6430.0 136467
4127.0 6635.0 1816080
4127.0 7522.0 1592390
4128.0 7349.0 1078162
4129.0 8025.0 626909
4130.0 6489.0 1171771
4130.0 7212.0 492948
4130.0 7469.0 1380874
4131.0 6836.0 419738
4133.0 6563.0 811371
4136.0 6764.0 1206880
4137.0 7763.0 1727367
4139.0 6790.0 995608
4141.0 7276.0 1016689
4142.0 6528.0 1156956
4142.0 7646.0 779944
4143.0 7167.0 908854
4143.0 7862.0 376195
4144.0 6931.0 821510
4146.0 7030.0 1089439
4149.0 6815.0 1036703
4163.0 6989.0 968750
4164.0 7013.0 1722777
4167.0 6922.0 2018385
4167.0 7594.0 1020890
4168.0 7065.0 1941710
4170.0 7348.0 941169
4171.0 7964.0 1055715
4173.0 7905.0 1840804
4176.0 6816.0 37544
4177.0 6457.0 1967409
4177.0 7111.0 18941
4180.0 7250.0 971472
4183.0 7517.0 1167143
4189.0 6400.0 1979422
4189.0 6963.0 591551
4190.0 7288.0 1188480
4190.0 7857.0 366690
4192.0 6529.0 1217832
4193.0 7437.0 2023467
4199.0 6805.0 2026837
4203.0 6997.0 1723732
4204.0 6698.0 623720
4204.0 7221.0 1164235
4204.0 7650.0 351570
4210.0 6464.0 368506
4210.0 7199.0 708942
4210.0 7532.0 1532670
4211.0 6866.0 675528
4213.0 6389.0 782184
4214.0 6736.0 1873550
4214.0 7048.0 849021
4214.0 7147.0 969039
4217.0 6902.0 1711128
4218.0 6845.0 1223917
4220.0 7736.0 1588839
4223.0 7817.0 536080
4224.0 6927.0 1834901
4233.0 7048.0 847998
4234.0 6638.0 1631690
4235.0 7347.0 796436
4237.0 7959.0 1388172
4241.0 7015.0 1174398
4245.0 6506.0 1194902
4246.0 6964.0 1182507
4248.0 7468.0 1007186
4249.0 7114.0 592879
4250.0 6425.0 1090780
4253.0 7406.0 1320685
4254.0 6907.0 348340
4257.0 6387.0 640097
4260.0 7916.0 1166822
4263.0 7167.0 1739388
4265.0 6583.0 1344715
4266.0 6627.0 1731493
4266.0 6832.0 1727825
4271.0 7268.0 1550826
4275.0 6788.0 1424922
4276.0 7059.0 1482308
4276.0 7423.0 946341
4278.0 7195.0 1364489
4279.0 7610.0 1070224
4281.0 6979.0 1273918
4282.0 6686.0 115558
4283.0 6502.0 42439
4283.0 6989.0 390034
4284.0 7039.0 1361321
4285.0 6376.0 780790
4287.0 6315.0 1241275
4292.0 6259.0 1857815
4292.0 7524.0 887354
4293.0 6825.0 1782882
4294.0 6917.0 1772510
4297.0 7773.0 299112
4298.0 6460.0 1413504
4300.0 6546.0 439922
4300.0 6764.0 655671
4303.0 6402.0 1499297
4306.0 6710.0 574950
4307.0 6866.0 131371
4308.0 7558.0 1699100
4309.0 7108.0 137006
4312.0 6645.0 1076126
4314.0 6359.0 1242834
4314.0 6604.0 440104
4322.0 6971.0 442750
4324.0 6307.0 216097
4328.0 6822.0 669049
4329.0 7388.0 597021
4331.0 7430.0 650866
4336.0 6713.0 170240
4337.0 6401.0 127125
4337.0 7238.0 1298566
4337.0 7665.0 316593
4338.0 7076.0 291282
4339.0 7337.0 1731147
4340.0 6856.0 467711
4341.0 7482.0 1335544
4343.0 7597.0 291787
4348.0 6326.0 877947
4348.0 6469.0 806438
4348.0 6580.0 1831905
4349.0 6942.0 1138882
4351.0 6214.0 1704199
4351.0 6613.0 2020428
4357.0 6445.0 1724813
4360.0 6534.0 713621
4360.0 6652.0 1467759
4361.0 7371.0 2028091
4363.0 6594.0 591578
4365.0 6810.0 1703023
4366.0 6404.0 1461792
4366.0 6867.0 687745
4366.0 7461.0 20215
4368.0 6402.0 1490554
4370.0 6291.0 770889
4370.0 7071.0 1599198
4371.0 6977.0 1027959
4372.0 6751.0 1858217
4375.0 6494.0 444965
4375.0 7229.0 1506838
4376.0 7203.0 1036611
4382.0 7134.0 1801762
4384.0 6229.0 1742306
4388.0 6692.0 2003527
4391.0 6189.0 578
4393.0 6834.0 93138
4393.0 7533.0 134459
4395.0 7052.0 1982566
4396.0 6435.0 815244
4396.0 6866.0 1282296
4396.0 7630.0 1319996
4398.0 6322.0 1341718
4398.0 6369.0 1192779
4398.0 7052.0 1854148
4400.0 6291.0 290077
4404.0 6943.0 641831
4405.0 6541.0 254217
4408.0 7239.0 693579
4410.0 7417.0 187722
4413.0 6718.0 252796
4414.0 7586.0 1994384
4416.0 6680.0 12553
4417.0 7353.0 1926968
4418.0 6628.0 1387259
4418.0 6792.0 1311239
4419.0 7651.0 1148091
4421.0 6591.0 317331
4421.0 7474.0 792249
4423.0 6914.0 971873
4424.0 7151.0 657848
4430.0 6829.0 659652
4430.0 7318.0 1807284
4433.0 7033.0 25754
4443.0 6389.0 1561197
4444.0 7500.0 942003
4448.0 6334.0 1594738
4452.0 7389.0 771225
4454.0 6868.0 710006
4454.0 7690.0 1938852
4461.0 7222.0 1490730
4466.0 6740.0 1676136
4469.0 7236.0 1363175
4470.0 6789.0 544030
4471.0 6423.0 10164
4472.0 7563.0 848946
4477.0 7177.0 726818
4478.0 6483.0 1046221
4478.0 7114.0 369043
4478.0 7476.0 1889254
4480.0 7029.0 920296
4480.0 7158.0 750617
4480.0 7635.0 665046
4481.0 6681.0 2032821
4481.0 7315.0 773836
4484.0 6646.0 487573
4488.0 6512.0 115668
4493.0 7291.0 1460806
4497.0 6973.0 1603907
4498.0 7703.0 384038
4500.0 6665.0 1127538
4501.0 6884.0 620956
4501.0 7412.0 890819
4502.0 6572.0 1136163
4506.0 7554.0 268931
4507.0 6552.0 1993782
4508.0 6491.0 908256
4511.0 7619.0 582307
4514.0 6832.0 65429
4517.0 6930.0 1022337
4519.0 6707.0 1149850
4521.0 7721.0 17870
4525.0 7436.0 928063
4526.0 7069.0 603602
4528.0 6430.0 1398297
4533.0 7359.0 173975
4535.0 7032.0 1098467
4535.0 7118.0 452774
4538.0 6901.0 107929
4539.0 7645.0 1567904
4542.0 6455.0 422762
4542.0 7177.0 1610905
4543.0 6534.0 1097925
4545.0 6355.0 290268
4546.0 6398.0 474703
4549.0 7243.0 495798
4551.0 6988.0 66484
4551.0 7599.0 439790
4555.0 8101.0 2000240
4558.0 6772.0 100417
4561.0 7198.0 2039435
4561.0 7673.0 151302
4563.0 6673.0 414887
4566.0 7130.0 9046
4567.0 7387.0 587246
4568.0 6527.0 1801618
4569.0 7266.0 1936870
4572.0 7504.0 619509
4574.0 6553.0 1746424
4575.0 6488.0 1464063
4576.0 7710.0 1131686
4577.0 6770.0 1236838
4577.0 7649.0 1442715
4579.0 7338.0 695805
4581.0 7203.0 1560442
4582.0 6897.0 522634
4584.0 6838.0 1682977
4584.0 8095.0 822509
4585.0 7186.0 1460719
4587.0 6512.0 493376
4588.0 6585.0 631994
4590.0 6416.0 1589469
4591.0 7078.0 466679
4594.0 7549.0 933951
4597.0 8040.0 670520
4598.0 7614.0 1601875
4598.0 7690.0 967463
4601.0 6907.0 701706
4602.0 6999.0 1014624
4602.0 7125.0 1015573
4606.0 7042.0 639346
4606.0 7394.0 104009
4608.0 7263.0 1290621
4608.0 7290.0 1370110
4610.0 6440.0 1784816
4611.0 7630.0 779955
4613.0 7451.0 960382
4615.0 6802.0 1133354
4617.0 7420.0 1801646
4623.0 6479.0 930640
4625.0 7716.0 1397554
4626.0 7077.0 475658
4626.0 8069.0 902113
4628.0 6707.0 193556
4629.0 7830.0 429755
4629.0 8024.0 297783
4630.0 6911.0 176855
4630.0 7574.0 643007
4631.0 7327.0 974421
4632.0 6522.0 1384441
4632.0 6775.0 547307
4633.0 7207.0 50256
4634.0 7654.0 1274470
4638.0 8095.0 1333743
4639.0 6747.0 1929112
4641.0 6678.0 1856876
4644.0 6844.0 1648377
4645.0 6893.0 885169
4645.0 7550.0 830183
4647.0 7883.0 1475145
4649.0 6493.0 1424617
4649.0 7401.0 192813
4651.0 7762.0 297115
4654.0 6816.0 2040633
4655.0 7981.0 235980
4657.0 6925.0 1167425
4657.0 7947.0 1889842
4658.0 7846.0 377176
4659.0 6599.0 58934
4660.0 7601.0 1574584
4661.0 7475.0 1192817
4662.0 7205.0 444029
4663.0 7014.0 1881783
4664.0 7798.0 140314
4664.0 8123.0 1815569
4668.0 7139.0 1178913
4669.0 7717.0 538399
4671.0 7612.0 1324456
4672.0 6783.0 1669922
4674.0 6845.0 987230
4675.0 6711.0 1633722
4678.0 7555.0 2002184
4680.0 7629.0 1015946
4683.0 8040.0 85877
4686.0 7928.0 676051
4693.0 7382.0 168262
4695.0 7109.0 1609622
4696.0 6665.0 881218
4697.0 7297.0 1059293
4699.0 7344.0 1446182
4699.0 7760.0 1385052
4700.0 7253.0 716631
4700.0 7446.0 1556706
4700.0 7980.0 2036428
4701.0 6934.0 1844799
4705.0 6877.0 392442
4710.0 7049.0 1958994
4713.0 7549.0 93292
4713.0 8130.0 213960
4714.0 8093.0 899881
4715.0 7283.0 717079
4715.0 7828.0 1491332
4715.0 7857.0 370390
4718.0 7143.0 817533
4718.0 7824.0 1205794
4725.0 6742.0 710658
4727.0 7241.0 302054
4729.0 7642.0 284533
4730.0 7598.0 1715381
4730.0 7684.0 1156638
4735.0 7735.0 1364743
4736.0 6617.0 111014
4736.0 7000.0 1810883
4736.0 7494.0 366895
4738.0 7791.0 1376081
4738.0 7994.0 1241264
4739.0 8087.0 939772
4740.0 6659.0 1333261
4741.0 7766.0 759221
4743.0 7314.0 984396
4743.0 7947.0 1572850
4744.0 7084.0 142042
4748.0 7591.0 19375
4748.0 8027.0 934688
4749.0 8174.0 169786
4751.0 6913.0 1926231
4751.0 7920.0 571097
4753.0 6958.0 530029
4756.0 7869.0 264949
4760.0 7169.0 57291
4761.0 6760.0 1052511
4763.0 6889.0 819042
4766.0 7407.0 1202553
4766.0 7694.0 398510
4767.0 8112.0 945906
4768.0 7209.0 535491
4768.0 7338.0 531963
4770.0 6683.0 1211285
4771.0 7586.0 1667106
4772.0 7938.0 1854776
4773.0 6930.0 1987752
4774.0 7775.0 1078743
4776.0 7640.0 439993
4776.0 7910.0 1110616
4778.0 7735.0 1968862
4778.0 8065.0 1129475
4780.0 8002.0 1350153
4784.0 7311.0 201223
4791.0 7259.0 665898
4792.0 7073.0 1856942
4794.0 7620.0 1955377
4795.0 6713.0 87049
4795.0 7827.0 1372793
4796.0 7018.0 1224890
4800.0 7873.0 1372116
4801.0 7572.0 1641890
4803.0 7911.0 567111
4805.0 7327.0 528897
4809.0 6974.0 1221341
4812.0 7126.0 1436388
4812.0 7233.0 1564991
4813.0 6920.0 912660
4817.0 7673.0 1648126
4820.0 7942.0 569218
4822.0 7067.0 389989
4823.0 7507.0 1941281
4827.0 7980.0 1934496
4829.0 7701.0 1333895
4833.0 7293.0 210412
4836.0 7192.0 1694813
4838.0 7813.0 136392
4839.0 7635.0 1665627
4839.0 7685.0 1591537
4840.0 7129.0 434273
4846.0 6963.0 1132660
4849.0 7759.0 954229
4852.0 7886.0 1564346
4859.0 7719.0 1691525
4861.0 7926.0 1603077
4863.0 7157.0 30990
4863.0 7599.0 1030464
4865.0 7808.0 1331347
4867.0 7662.0 1137271
4868.0 7835.0 119366
4869.0 7551.0 1987180
4875.0 7956.0 310096
4876.0 7366.0 122793
4881.0 6947.0 87593
4883.0 7025.0 812096
4883.0 7755.0 286925
4885.0 7530.0 222055
4885.0 7863.0 328875
4886.0 7634.0 797766
4887.0 7187.0 1820441
4887.0 7236.0 1941419
4891.0 7124.0 1630628
4892.0 7393.0 1267294
4895.0 7585.0 1903719
4897.0 7267.0 1872790
4898.0 7321.0 1016114
4899.0 7005.0 732626
4899.0 8000.0 1361405
4904.0 7788.0 641489
4906.0 7907.0 1797882
4909.0 7066.0 1323825
4910.0 7698.0 1574119
4912.0 7847.0 1076251
4916.0 7802.0 348731
4917.0 7536.0 677489
4918.0 7492.0 1448353
4919.0 7958.0 720806
4920.0 7661.0 1920335
4920.0 7743.0 1366742
4930.0 7178.0 310296
4933.0 7636.0 352558
4939.0 7887.0 1972929
4943.0 7929.0 999524
4944.0 7985.0 615374
4945.0 7869.0 52306
4947.0 7528.0 1956708
4954.0 7673.0 655730
4954.0 7864.0 77275
4955.0 7288.0 1326436
4956.0 7220.0 1812969
4963.0 7343.0 1585058
4964.0 7318.0 50470
4968.0 7724.0 85494
4971.0 7474.0 2007508
4977.0 7767.0 162240
4979.0 8026.0 87550
4980.0 7814.0 930155
4982.0 8073.0 1493380
4985.0 7143.0 1041497
4988.0 7490.0 1717169
4988.0 7882.0 1042012
4990.0 7364.0 1574380
4992.0 7407.0 1463571
4996.0 7741.0 1207900
4996.0 8017.0 1487589
4997.0 7983.0 1393996
5000.0 7246.0 1616805
5000.0 7592.0 1144659
5005.0 7643.0 393777
5009.0 7698.0 1146739
5013.0 7313.0 743740
5013.0 7574.0 841940
5013.0 7828.0 1031517
5019.0 8067.0 380322
5021.0 7083.0 860827
5024.0 7434.0 1020911
5025.0 7190.0 484590
5025.0 7515.0 343157
5025.0 8085.0 1384040
5029.0 7867.0 2004809
5036.0 7421.0 988182
5038.0 7114.0 571041
5040.0 7241.0 170681
5041.0 7344.0 2021852
5045.0 7623.0 179154
5048.0 8141.0 373080
5057.0 7723.0 224831
5061.0 7063.0 1279009
5064.0 7459.0 1542086
5065.0 7284.0 34282
5065.0 7543.0 1446287
5069.0 6992.0 629077
5070.0 7490.0 1622689
5071.0 8133.0 994619
5077.0 7714.0 1580155
5077.0 7744.0 112062
5080.0 7382.0 334983
5080.0 7595.0 1862062
5085.0 7074.0 1266698
5086.0 7641.0 1683873
5088.0 7681.0 2044107
5090.0 7158.0 926364
5093.0 7186.0 1934907
5103.0 7037.0 1354238
5103.0 7231.0 390792
5116.0 7131.0 382256
5117.0 7614.0 570888
5126.0 7292.0 2044567
5131.0 7473.0 1138296
5136.0 7469.0 1248692
5141.0 7094.0 1277968
5149.0 7419.0 1799768
5155.0 7064.0 1033974
5156.0 7259.0 904102
5158.0 7404.0 148030
5162.0 7172.0 185956
5167.0 7134.0 504850
5169.0 7560.0 1969502
5175.0 7503.0 1905897
5190.0 7226.0 969209
5193.0 7432.0 1879159
5193.0 7473.0 316390
5195.0 7089.0 723400
5202.0 7192.0 762702
5206.0 7285.0 361173
5206.0 7358.0 116058
5211.0 7329.0 725721
5212.0 7134.0 1360764
5219.0 7419.0 610001
5239.0 7285.0 273014
5250.0 7312.0 1544056
5259.0 7234.0 389404
5263.0 7358.0 645015
5294.0 7376.0 1688869
