# C:\Users\gielpa\PycharmProjects\Genetic-Algorithm\data-bak\p654.tsp\data
1245.0 1255.0 1993801
1807.5 2192.5 347845
1822.5 2207.5 388107
1867.5 2732.5 181174
2377.5 2612.5 223505
2467.5 3587.5 1012522
2497.5 3587.5 624445
2572.5 3677.5 796038
2647.5 3782.5 255125
2662.5 3977.5 572345
3307.5 3377.5 1438873
3337.5 3347.5 548478
3322.5 3632.5 825170
3712.5 3677.5 421929
4267.5 2372.5 387074
5655.0 1255.0 946156
4852.5 2507.5 1502945
4882.5 3497.5 1326061
4852.5 3617.5 191800
4402.5 4067.5 786869
4417.5 4052.5 214187
4237.5 4022.5 560953
4267.5 4007.5 2078393
4402.5 4007.5 804402
4357.5 3977.5 1394468
4417.5 3962.5 639727
4357.5 3947.5 683451
4312.5 3932.5 24054
4252.5 3932.5 561371
4222.5 3902.5 275303
4327.5 3887.5 2049734
4297.5 3872.5 310055
4297.5 3842.5 980535
4327.5 3827.5 440925
4207.5 3827.5 77989
4222.5 3767.5 1031262
4252.5 3767.5 440042
4357.5 3752.5 537949
4357.5 3722.5 1022461
4237.5 3722.5 1112240
4267.5 3707.5 166226
4312.5 3692.5 1141350
4252.5 3662.5 1489613
4312.5 3647.5 719231
4297.5 3632.5 1635535
4342.5 3617.5 1933856
4222.5 3602.5 1653077
4327.5 3587.5 1273466
4327.5 3527.5 991300
4387.5 3467.5 1729171
4282.5 3467.5 1545645
4207.5 3467.5 113820
4342.5 3437.5 1004316
4327.5 3422.5 1680569
4327.5 3392.5 424273
4342.5 3377.5 512
4237.5 3362.5 1228112
4387.5 3317.5 424141
4312.5 3272.5 255635
4222.5 3257.5 755874
4207.5 3227.5 460556
3697.5 3482.5 10676
2692.5 4667.5 818313
2647.5 4682.5 33641
3067.5 4922.5 34453
3127.5 5042.5 29646
3082.5 5087.5 1351683
3007.5 5117.5 1755905
3142.5 5222.5 220689
2707.5 5117.5 300573
2692.5 5057.5 1205925
2572.5 5027.5 225345
2377.5 5132.5 1604412
1477.5 4022.5 1725989
1237.5 3992.5 602206
1357.5 3962.5 880350
1417.5 3932.5 1734311
1252.5 3932.5 1055917
1312.5 3902.5 2078775
1282.5 3827.5 669843
1372.5 3827.5 1005030
1507.5 3827.5 289537
1267.5 3812.5 1301979
1282.5 3797.5 1475756
1267.5 3767.5 348474
1432.5 3767.5 1919427
1372.5 3737.5 2067124
1327.5 3722.5 1796074
1267.5 3707.5 289501
1492.5 3662.5 1024652
1267.5 3632.5 1072566
1357.5 3602.5 862019
1507.5 3587.5 965414
1267.5 3572.5 1657353
1387.5 3527.5 1651784
1342.5 3512.5 190524
1327.5 3452.5 1455140
1342.5 3377.5 1473433
1327.5 3317.5 1760048
1432.5 3272.5 183709
1462.5 3257.5 1167397
1402.5 3227.5 1869918
1807.5 4712.5 1214355
1822.5 4727.5 979928
1867.5 5252.5 165994
1245.0 5845.0 252874
1042.5 2462.5 845299
1057.5 2462.5 1553713
1072.5 2462.5 671950
1087.5 2462.5 436423
1042.5 2477.5 876514
1057.5 2477.5 465434
1072.5 2477.5 1560989
1087.5 2477.5 1677129
1042.5 2492.5 1177724
1057.5 2492.5 673048
1072.5 2492.5 472135
1087.5 2492.5 503911
1042.5 2507.5 1600792
1057.5 2507.5 839264
1072.5 2507.5 539908
1087.5 2507.5 1171729
1042.5 2522.5 1493326
1057.5 2522.5 1185799
1072.5 2522.5 361661
1087.5 2522.5 1685446
1042.5 2537.5 173034
1057.5 2537.5 168809
1072.5 2537.5 1689274
1087.5 2537.5 2032786
1042.5 2552.5 1748855
1057.5 2552.5 46195
1072.5 2552.5 1880670
1087.5 2552.5 1170903
1042.5 2567.5 1928284
1057.5 2567.5 1246180
1072.5 2567.5 18184
1087.5 2567.5 1302452
1042.5 2582.5 1181524
1057.5 2582.5 957929
1072.5 2582.5 1926134
1087.5 2582.5 1617232
1042.5 2597.5 553603
1057.5 2597.5 787400
1072.5 2597.5 677448
1087.5 2597.5 85920
1042.5 2612.5 283648
1057.5 2612.5 2075576
1072.5 2612.5 356551
1087.5 2612.5 747249
1042.5 2627.5 295925
1057.5 2627.5 1914917
1072.5 2627.5 1365360
1087.5 2627.5 306174
1042.5 2642.5 1684675
1057.5 2642.5 1209766
1072.5 2642.5 826389
1087.5 2642.5 552929
1042.5 2657.5 1774580
1057.5 2657.5 493706
1072.5 2657.5 1193115
1087.5 2657.5 962267
1042.5 2672.5 452589
1057.5 2672.5 663373
1072.5 2672.5 236473
1087.5 2672.5 95792
1042.5 2687.5 2017953
1057.5 2687.5 617194
1072.5 2687.5 289794
1087.5 2687.5 1329867
1042.5 2702.5 443065
1057.5 2702.5 1856734
1072.5 2702.5 652224
1087.5 2702.5 1242981
1042.5 2717.5 253099
1057.5 2717.5 311328
1072.5 2717.5 1380646
1087.5 2717.5 1179182
1042.5 2732.5 123243
1057.5 2732.5 513190
1072.5 2732.5 1209659
1087.5 2732.5 1685807
1042.5 2747.5 683668
1057.5 2747.5 214253
1072.5 2747.5 1398292
1087.5 2747.5 797799
1042.5 2762.5 2001220
1057.5 2762.5 1886254
1072.5 2762.5 989257
1087.5 2762.5 1124245
1042.5 2777.5 677798
1057.5 2777.5 1174942
1072.5 2777.5 1641259
1087.5 2777.5 573443
1042.5 2792.5 626856
1057.5 2792.5 1289831
1072.5 2792.5 1493102
1087.5 2792.5 214566
1042.5 2807.5 1411772
1057.5 2807.5 807311
1072.5 2807.5 366139
1087.5 2807.5 1156533
1042.5 4952.5 1309136
1057.5 4952.5 1626246
1072.5 4952.5 59868
1087.5 4952.5 605317
1042.5 4967.5 407675
1057.5 4967.5 1961645
1072.5 4967.5 853438
1087.5 4967.5 846538
1042.5 4982.5 526610
1057.5 4982.5 1797843
1072.5 4982.5 745997
1087.5 4982.5 696950
1042.5 4997.5 1883178
1057.5 4997.5 401134
1072.5 4997.5 2015812
1087.5 4997.5 1744667
1042.5 5012.5 897015
1057.5 5012.5 157175
1072.5 5012.5 1867623
1087.5 5012.5 864431
1042.5 5027.5 341068
1057.5 5027.5 991979
1072.5 5027.5 1816174
1087.5 5027.5 982208
1042.5 5042.5 370708
1057.5 5042.5 1176954
1072.5 5042.5 1050074
1087.5 5042.5 419475
1042.5 5057.5 1520239
1057.5 5057.5 1495780
1072.5 5057.5 1856970
1087.5 5057.5 1957273
1042.5 5072.5 464759
1057.5 5072.5 1807198
1072.5 5072.5 1698892
1087.5 5072.5 1667116
1042.5 5087.5 1448389
1057.5 5087.5 590555
1072.5 5087.5 963725
1087.5 5087.5 1678076
1042.5 5102.5 1589103
1057.5 5102.5 1374693
1072.5 5102.5 233458
1087.5 5102.5 277555
1042.5 5117.5 1490614
1057.5 5117.5 1237713
1072.5 5117.5 1903117
1087.5 5117.5 811475
1042.5 5132.5 100479
1057.5 5132.5 686489
1072.5 5132.5 2011413
1087.5 5132.5 1354262
1042.5 5147.5 177662
1057.5 5147.5 1393210
1072.5 5147.5 1602729
1087.5 5147.5 331515
1042.5 5162.5 376139
1057.5 5162.5 1287575
1072.5 5162.5 2007109
1087.5 5162.5 627631
1042.5 5177.5 208397
1057.5 5177.5 301374
1072.5 5177.5 1563109
1087.5 5177.5 1691118
1042.5 5192.5 1205703
1057.5 5192.5 323554
1072.5 5192.5 914398
1087.5 5192.5 745178
1042.5 5207.5 188968
1057.5 5207.5 1022742
1072.5 5207.5 762309
1087.5 5207.5 2055341
1042.5 5222.5 769389
1057.5 5222.5 579180
1072.5 5222.5 324584
1087.5 5222.5 685134
1042.5 5237.5 1559411
1057.5 5237.5 1243659
1072.5 5237.5 1927167
1087.5 5237.5 1367748
1042.5 5252.5 1411781
1057.5 5252.5 1109038
1072.5 5252.5 285783
1087.5 5252.5 32714
1042.5 5267.5 112918
1057.5 5267.5 131077
1072.5 5267.5 1418528
1087.5 5267.5 656980
1042.5 5282.5 2013139
1057.5 5282.5 223548
1072.5 5282.5 759714
1087.5 5282.5 565658
1042.5 5297.5 31223
1057.5 5297.5 1962048
1072.5 5297.5 696303
1087.5 5297.5 192481
5812.5 2462.5 409454
5827.5 2462.5 1591051
5842.5 2462.5 304234
5857.5 2462.5 1738306
5812.5 2477.5 1209453
5827.5 2477.5 2065263
5842.5 2477.5 1506342
5857.5 2477.5 96364
5812.5 2492.5 718445
5827.5 2492.5 578394
5842.5 2492.5 238530
5857.5 2492.5 1976117
5812.5 2507.5 622934
5827.5 2507.5 1391482
5842.5 2507.5 1472913
5857.5 2507.5 1835347
5812.5 2522.5 2068162
5827.5 2522.5 419197
5842.5 2522.5 1983803
5857.5 2522.5 11554
5812.5 2537.5 540973
5827.5 2537.5 295139
5842.5 2537.5 1998981
5857.5 2537.5 224511
5812.5 2552.5 1884246
5827.5 2552.5 1373828
5842.5 2552.5 1107559
5857.5 2552.5 441075
5812.5 2567.5 659886
5827.5 2567.5 190727
5842.5 2567.5 1229467
5857.5 2567.5 1759566
5812.5 2582.5 423761
5827.5 2582.5 1362920
5842.5 2582.5 1001241
5857.5 2582.5 2021901
5812.5 2597.5 1521117
5827.5 2597.5 388837
5842.5 2597.5 650590
5857.5 2597.5 467081
5812.5 2612.5 397126
5827.5 2612.5 589854
5842.5 2612.5 45935
5857.5 2612.5 805950
5812.5 2627.5 1558810
5827.5 2627.5 365545
5842.5 2627.5 893854
5857.5 2627.5 1578631
5812.5 2642.5 459142
5827.5 2642.5 1468262
5842.5 2642.5 1816163
5857.5 2642.5 1431052
5812.5 2657.5 394775
5827.5 2657.5 1814037
5842.5 2657.5 1470403
5857.5 2657.5 1830501
5812.5 2672.5 2017135
5827.5 2672.5 1592644
5842.5 2672.5 470897
5857.5 2672.5 1531333
5812.5 2687.5 7951
5827.5 2687.5 809091
5842.5 2687.5 108143
5857.5 2687.5 594313
5812.5 2702.5 1314033
5827.5 2702.5 786253
5842.5 2702.5 653027
5857.5 2702.5 1661789
5812.5 2717.5 1385846
5827.5 2717.5 220649
5842.5 2717.5 867253
5857.5 2717.5 722958
5812.5 2732.5 467408
5827.5 2732.5 566600
5842.5 2732.5 797776
5857.5 2732.5 1936376
5812.5 2747.5 1005261
5827.5 2747.5 1891591
5842.5 2747.5 1243101
5857.5 2747.5 208068
5812.5 2762.5 1747311
5827.5 2762.5 45345
5842.5 2762.5 179835
5857.5 2762.5 1038452
5812.5 2777.5 920534
5827.5 2777.5 278498
5842.5 2777.5 1510994
5857.5 2777.5 1518152
5812.5 2792.5 1534102
5827.5 2792.5 207772
5842.5 2792.5 98347
5857.5 2792.5 2001342
5812.5 2807.5 916611
5827.5 2807.5 771731
5842.5 2807.5 1925092
5857.5 2807.5 280523
5812.5 4952.5 1666187
5827.5 4952.5 287704
5842.5 4952.5 642309
5857.5 4952.5 1804073
5812.5 4967.5 95333
5827.5 4967.5 1077586
5842.5 4967.5 1678875
5857.5 4967.5 1420784
5812.5 4982.5 922331
5827.5 4982.5 1342050
5842.5 4982.5 853661
5857.5 4982.5 1285150
5812.5 4997.5 2071023
5827.5 4997.5 1452641
5842.5 4997.5 966635
5857.5 4997.5 1794618
5812.5 5012.5 629243
5827.5 5012.5 792515
5842.5 5012.5 1845955
5857.5 5012.5 1695244
5812.5 5027.5 261498
5827.5 5027.5 338048
5842.5 5027.5 157379
5857.5 5027.5 1561435
5812.5 5042.5 225582
5827.5 5042.5 678149
5842.5 5042.5 780935
5857.5 5042.5 546462
5812.5 5057.5 1234400
5827.5 5057.5 352396
5842.5 5057.5 997322
5857.5 5057.5 911456
5812.5 5072.5 443474
5827.5 5072.5 2031865
5842.5 5072.5 1173634
5857.5 5072.5 998535
5812.5 5087.5 2055518
5827.5 5087.5 168944
5842.5 5087.5 1442005
5857.5 5087.5 1730107
5812.5 5102.5 1685907
5827.5 5102.5 2047673
5842.5 5102.5 1205435
5857.5 5102.5 1325410
5812.5 5117.5 1468438
5827.5 5117.5 1547050
5842.5 5117.5 1971588
5857.5 5117.5 1831917
5812.5 5132.5 1478541
5827.5 5132.5 281701
5842.5 5132.5 437271
5857.5 5132.5 710392
5812.5 5147.5 915871
5827.5 5147.5 1944082
5842.5 5147.5 681557
5857.5 5147.5 1300386
5812.5 5162.5 535314
5827.5 5162.5 2064994
5842.5 5162.5 1585987
5857.5 5162.5 1612352
5812.5 5177.5 932781
5827.5 5177.5 1572852
5842.5 5177.5 1080765
5857.5 5177.5 1182455
5812.5 5192.5 2018175
5827.5 5192.5 1085106
5842.5 5192.5 62693
5857.5 5192.5 1985095
5812.5 5207.5 558285
5827.5 5207.5 865853
5842.5 5207.5 1523499
5857.5 5207.5 554457
5812.5 5222.5 1615968
5827.5 5222.5 259001
5842.5 5222.5 14391
5857.5 5222.5 439429
5812.5 5237.5 724211
5827.5 5237.5 2037416
5842.5 5237.5 709416
5857.5 5237.5 843858
5812.5 5252.5 1794155
5827.5 5252.5 1596864
5842.5 5252.5 262143
5857.5 5252.5 1058042
5812.5 5267.5 1834969
5827.5 5267.5 1073264
5842.5 5267.5 1428160
5857.5 5267.5 2019258
5812.5 5282.5 1961729
5827.5 5282.5 1287788
5842.5 5282.5 1591332
5857.5 5282.5 500532
5812.5 5297.5 587836
5827.5 5297.5 1021800
5842.5 5297.5 383424
5857.5 5297.5 1646289
1042.5 1802.5 641032
1042.5 1817.5 1913762
1042.5 1832.5 248665
1042.5 1877.5 1107305
1042.5 1892.5 341366
1042.5 1922.5 1291603
1042.5 1952.5 595564
1042.5 1997.5 87254
1042.5 2072.5 1773677
1042.5 2117.5 1894268
1042.5 2162.5 1377394
1042.5 2222.5 2071569
1042.5 2252.5 1857699
1042.5 2357.5 1746205
1042.5 2402.5 386620
1042.5 4292.5 1292203
1042.5 4307.5 1321003
1042.5 4322.5 1750795
1042.5 4367.5 1555261
1042.5 4382.5 1833635
1042.5 4412.5 554611
1042.5 4442.5 1296366
1042.5 4487.5 1605863
1042.5 4562.5 1932464
1042.5 4607.5 1227231
1042.5 4652.5 417585
1042.5 4712.5 388884
1042.5 4742.5 181839
1042.5 4847.5 574500
1042.5 4892.5 1885235
1057.5 1847.5 243732
1057.5 1952.5 1917822
1057.5 2027.5 1779975
1057.5 2087.5 751610
1057.5 2147.5 154254
1057.5 2282.5 1310087
1057.5 4337.5 1877026
1057.5 4442.5 148712
1057.5 4517.5 998520
1057.5 4577.5 1091350
1057.5 4637.5 858265
1057.5 4772.5 508808
1072.5 1817.5 1937638
1072.5 1832.5 815275
1072.5 1892.5 1660012
1072.5 1967.5 1997234
1072.5 2162.5 637764
1072.5 2222.5 1003386
1072.5 2282.5 1622496
1072.5 2357.5 1030118
1072.5 4307.5 1162433
1072.5 4322.5 940252
1072.5 4382.5 1756813
1072.5 4457.5 1390879
1072.5 4652.5 1991987
1072.5 4712.5 525673
1072.5 4772.5 1378050
1072.5 4847.5 1928675
1087.5 1787.5 399750
1087.5 1847.5 1021443
1087.5 1877.5 1682048
1087.5 1967.5 692804
1087.5 1997.5 453511
1087.5 2027.5 661709
1087.5 2087.5 777557
1087.5 2117.5 587244
1087.5 2147.5 1484475
1087.5 2192.5 1163486
1087.5 2252.5 1403967
1087.5 2402.5 1160891
1087.5 4277.5 437759
1087.5 4337.5 374530
1087.5 4367.5 795073
1087.5 4457.5 114729
1087.5 4487.5 1262661
1087.5 4517.5 726198
1087.5 4577.5 116851
1087.5 4607.5 801131
1087.5 4637.5 1583750
1087.5 4682.5 1538695
1087.5 4742.5 379663
1087.5 4892.5 1657714
5812.5 1802.5 1595484
5812.5 1817.5 1073183
5812.5 1832.5 225396
5812.5 1877.5 1884790
5812.5 1892.5 1899754
5812.5 1922.5 1451384
5812.5 1952.5 1116070
5812.5 1997.5 251108
5812.5 2072.5 1792691
5812.5 2117.5 1509989
5812.5 2162.5 969070
5812.5 2222.5 43918
5812.5 2252.5 445202
5812.5 2357.5 639669
5812.5 2402.5 528030
5812.5 4292.5 992219
5812.5 4307.5 965350
5812.5 4322.5 700444
5812.5 4367.5 1660321
5812.5 4382.5 1562148
5812.5 4412.5 1194220
5812.5 4442.5 2079787
5812.5 4487.5 378210
5812.5 4562.5 663584
5812.5 4607.5 2047331
5812.5 4652.5 1562219
5812.5 4712.5 2060159
5812.5 4742.5 39146
5812.5 4847.5 129622
5812.5 4892.5 1518582
5827.5 1847.5 486966
5827.5 1952.5 1643939
5827.5 2027.5 859444
5827.5 2087.5 26442
5827.5 2147.5 1967670
5827.5 2282.5 1678367
5827.5 4337.5 2060576
5827.5 4442.5 144564
5827.5 4517.5 2066167
5827.5 4577.5 138310
5827.5 4637.5 955121
5827.5 4772.5 1002427
5842.5 1817.5 437222
5842.5 1832.5 1083607
5842.5 1892.5 800972
5842.5 1967.5 1995256
5842.5 2162.5 244870
5842.5 2222.5 771594
5842.5 2282.5 1708042
5842.5 2357.5 165680
5842.5 4307.5 66499
5842.5 4322.5 58772
5842.5 4382.5 148043
5842.5 4457.5 2044582
5842.5 4652.5 19784
5842.5 4712.5 929908
5842.5 4772.5 1599312
5842.5 4847.5 1613084
5857.5 1787.5 1502945
5857.5 1847.5 1409525
5857.5 1877.5 1102477
5857.5 1967.5 271525
5857.5 1997.5 491919
5857.5 2027.5 1922446
5857.5 2087.5 804328
5857.5 2117.5 1072210
5857.5 2147.5 1254984
5857.5 2192.5 529236
5857.5 2252.5 955899
5857.5 2402.5 1312853
5857.5 4277.5 1479715
5857.5 4337.5 1326871
5857.5 4367.5 399472
5857.5 4457.5 1607278
5857.5 4487.5 502604
5857.5 4517.5 677300
5857.5 4577.5 1119989
5857.5 4607.5 1789259
5857.5 4637.5 1441647
5857.5 4682.5 1067852
5857.5 4742.5 2077578
5857.5 4892.5 339027
