# C:\Users\gielpa\PycharmProjects\Genetic-Algorithm\data-bak\pcb1173.tsp\data
2017.0 663.0 770217
2017.0 703.0 1742412
2018.0 741.0 1506091
2017.0 779.0 301669
2016.0 817.0 382962
2019.0 856.0 1605341
2019.0 896.0 454936
2019.0 935.0 844707
2031.0 966.0 269596
1963.0 877.0 8082
1964.0 901.0 210444
1941.0 934.0 631216
1862.0 666.0 154100
1863.0 705.0 609353
1865.0 742.0 955946
1865.0 780.0 1411714
1865.0 820.0 49310
1866.0 859.0 245114
1864.0 895.0 558047
1864.0 938.0 355513
1972.0 1051.0 572417
1971.0 1090.0 143147
1972.0 1128.0 1515653
1974.0 1168.0 73074
1973.0 1205.0 75850
1974.0 1245.0 1627581
1974.0 1284.0 966257
1943.0 1110.0 586006
1915.0 1150.0 1305811
1856.0 1053.0 1607580
1856.0 1090.0 1594946
1858.0 1130.0 1269280
1857.0 1169.0 681277
1857.0 1207.0 1152673
1858.0 1245.0 1827059
1857.0 1286.0 1422682
1820.0 1246.0 1658593
2034.0 1360.0 1028127
1860.0 1392.0 1595069
1781.0 1390.0 431533
1976.0 1456.0 1192249
1976.0 1494.0 53756
1975.0 1536.0 1031917
1978.0 1573.0 931789
1978.0 1611.0 47655
1977.0 1651.0 1656152
1977.0 1688.0 611041
1976.0 1728.0 1366609
1979.0 1767.0 1641193
1979.0 1806.0 1307196
1978.0 1852.0 1097545
2026.0 1573.0 563673
2026.0 1648.0 988900
2025.0 1729.0 75051
2036.0 1854.0 1221136
1931.0 1775.0 1697068
1901.0 1887.0 280795
1861.0 1456.0 864759
1859.0 1498.0 916460
1861.0 1537.0 1533883
1859.0 1576.0 583339
1860.0 1614.0 1894859
1861.0 1651.0 224034
1858.0 1691.0 120283
1861.0 1731.0 1198085
1860.0 1768.0 349041
1865.0 2287.0 445559
1860.0 1853.0 1102277
1979.0 1978.0 215204
1979.0 2015.0 1665733
1979.0 2055.0 1795944
1978.0 2097.0 1751093
1981.0 2133.0 1064040
1980.0 2092.0 1866670
1980.0 2210.0 582699
1982.0 2248.0 812767
1981.0 2284.0 1084557
1983.0 2326.0 1553130
1984.0 2377.0 559604
2031.0 2376.0 1563548
1952.0 2058.0 322537
1922.0 2093.0 1346576
1933.0 2209.0 1877858
1923.0 2250.0 775933
1862.0 1930.0 929562
1864.0 1979.0 1163571
1864.0 2017.0 775923
1865.0 2056.0 114586
1865.0 2093.0 382035
1864.0 2136.0 1437872
1866.0 2174.0 1176710
1865.0 2214.0 1930449
1866.0 2250.0 1167994
1865.0 2291.0 1368371
1868.0 2329.0 298317
1982.0 2459.0 1584422
1983.0 2579.0 1658033
1985.0 2541.0 1351909
1985.0 2576.0 697501
1984.0 2616.0 1351956
1986.0 2653.0 1731409
1984.0 2671.0 72946
1988.0 2734.0 1017620
1937.0 2696.0 1503895
1906.0 2616.0 334769
1867.0 2414.0 1662286
1867.0 2462.0 199184
1869.0 2502.0 1281179
1869.0 2544.0 1819700
1870.0 2578.0 715499
1867.0 2619.0 298310
1868.0 2657.0 271844
1871.0 2697.0 869458
1870.0 2736.0 1087091
1958.0 2830.0 1479263
2034.0 2857.0 304922
2035.0 2906.0 904233
2037.0 3218.0 83662
2038.0 3361.0 681409
1988.0 2985.0 211737
1989.0 3020.0 564973
1988.0 3061.0 1772099
1990.0 3099.0 126242
1989.0 3139.0 1454402
1989.0 3178.0 1751777
1990.0 3214.0 1560019
1990.0 3257.0 326499
1993.0 3365.0 1061077
1921.0 2983.0 519129
1904.0 3103.0 153934
1870.0 2859.0 1719796
1872.0 2938.0 804124
1872.0 2987.0 350450
1871.0 3027.0 1862364
1874.0 3066.0 993230
1871.0 3104.0 1922896
1873.0 3138.0 1514986
1873.0 3180.0 219106
1873.0 3219.0 1585962
1874.0 3258.0 1582958
1758.0 540.0 500726
1709.0 559.0 810100
567.0 535.0 1303772
570.0 578.0 982052
511.0 558.0 1354784
462.0 558.0 292307
248.0 561.0 138851
1563.0 707.0 1763974
1524.0 707.0 1379857
1486.0 709.0 825097
1447.0 710.0 1121767
1409.0 708.0 1621416
1370.0 709.0 1931252
1332.0 709.0 1678935
1293.0 709.0 204536
1257.0 707.0 794620
1216.0 709.0 1939982
1180.0 710.0 74074
1138.0 709.0 1209213
1101.0 712.0 1451298
1061.0 710.0 282765
1024.0 710.0 1631680
985.0 711.0 600951
946.0 710.0 1733613
908.0 709.0 1049883
874.0 1111.0 1532536
832.0 1111.0 1085373
947.0 713.0 1279993
908.0 711.0 65032
872.0 1110.0 187472
789.0 627.0 691657
753.0 712.0 1226538
716.0 713.0 1740729
677.0 712.0 751057
638.0 710.0 1868277
1564.0 745.0 331825
1526.0 746.0 1633165
1489.0 745.0 905300
1449.0 745.0 1024300
1409.0 746.0 206774
1373.0 745.0 564217
1334.0 746.0 1620114
1296.0 745.0 1510803
1258.0 747.0 4699
1216.0 748.0 781663
1178.0 744.0 18433
1139.0 748.0 648944
1096.0 751.0 221742
1060.0 747.0 284363
1023.0 748.0 1548881
986.0 748.0 1190793
947.0 751.0 1906951
910.0 747.0 1518823
875.0 1146.0 1802315
833.0 1147.0 1369799
792.0 1148.0 274348
751.0 752.0 1840491
714.0 750.0 1398912
678.0 750.0 83697
638.0 751.0 1695222
1721.0 782.0 1166684
1681.0 782.0 436808
1641.0 784.0 1434474
1602.0 784.0 1440333
1565.0 785.0 576688
1527.0 784.0 1571670
1489.0 786.0 152130
1450.0 784.0 765480
1025.0 803.0 1001234
983.0 807.0 370580
1025.0 845.0 575828
638.0 788.0 1058193
598.0 792.0 1325476
561.0 790.0 1336961
521.0 790.0 1273205
1627.0 1323.0 160590
1625.0 1282.0 190587
1627.0 1243.0 325840
1627.0 1205.0 275764
1622.0 685.0 393344
1627.0 1129.0 1721166
1625.0 1088.0 1769003
1626.0 1051.0 1266777
1626.0 984.0 512949
1606.0 935.0 52473
1645.0 934.0 1497675
1683.0 933.0 1667432
1703.0 985.0 544506
1720.0 934.0 532627
1739.0 891.0 184098
1759.0 934.0 1051656
1743.0 1052.0 213110
1742.0 1090.0 328794
1740.0 1129.0 226288
1741.0 1164.0 19115
1745.0 1206.0 598453
1744.0 1247.0 141672
1743.0 1284.0 268639
1743.0 1322.0 1459335
1513.0 1373.0 1476766
1580.0 1373.0 1399822
1581.0 1323.0 1397315
1540.0 1284.0 309052
1511.0 1285.0 1327018
1512.0 1246.0 448559
1511.0 1206.0 1819923
1558.0 1204.0 1899425
1512.0 1169.0 1539470
1510.0 1127.0 771715
1510.0 1091.0 1581625
1508.0 1052.0 728076
1474.0 1043.0 974170
1471.0 983.0 1715582
1450.0 935.0 1417274
1434.0 906.0 1514963
1491.0 936.0 763897
1528.0 935.0 47925
1568.0 933.0 1718353
1395.0 987.0 433249
1395.0 1055.0 1292755
1396.0 1092.0 10399
1394.0 1127.0 413024
1395.0 1168.0 742234
1396.0 1207.0 604430
1425.0 1228.0 1765595
1396.0 1246.0 660366
1397.0 1285.0 1264459
1398.0 1339.0 1052262
1398.0 1458.0 200923
1340.0 1295.0 712244
1329.0 1169.0 928480
1280.0 1372.0 223202
1282.0 1322.0 565829
1282.0 1286.0 1448642
1278.0 1243.0 991998
1281.0 1209.0 827416
1280.0 1170.0 1116779
1280.0 1132.0 226701
1281.0 1092.0 892693
1281.0 1054.0 662668
1257.0 958.0 918666
1242.0 984.0 1356628
1165.0 988.0 239167
1164.0 1057.0 1144261
1163.0 1095.0 325198
1165.0 1132.0 489681
1166.0 1170.0 61886
1166.0 1208.0 637194
1165.0 1246.0 493962
1165.0 1289.0 1840958
1167.0 1327.0 929988
1088.0 1049.0 139847
1107.0 1151.0 1451531
1108.0 1286.0 1154237
1087.0 1329.0 1194498
1049.0 1058.0 1906228
1049.0 1093.0 1466313
1049.0 1134.0 1602273
1051.0 1172.0 715880
1048.0 1207.0 25703
1050.0 1249.0 561485
1052.0 1289.0 1937019
1050.0 1328.0 1431761
1050.0 1378.0 193328
1019.0 1323.0 383673
1021.0 1269.0 1781196
1019.0 1226.0 1713320
1014.0 988.0 1326746
974.0 1172.0 405637
934.0 989.0 322109
935.0 1058.0 351488
936.0 1097.0 875215
935.0 1134.0 1035133
936.0 1175.0 1548634
936.0 1210.0 1881694
936.0 1250.0 627516
936.0 1287.0 1816804
935.0 1327.0 1117942
896.0 1466.0 1647777
898.0 1043.0 881279
899.0 1284.0 805624
900.0 1326.0 566111
860.0 1327.0 456682
859.0 1371.0 1193842
861.0 1533.0 422404
860.0 1683.0 941714
859.0 1325.0 1292711
883.0 1876.0 246250
817.0 1458.0 1391174
816.0 1496.0 107430
817.0 1539.0 1395251
819.0 1568.0 1421871
816.0 1117.0 773830
815.0 1648.0 23904
816.0 1684.0 1735648
817.0 1807.0 588119
788.0 1357.0 301189
768.0 1195.0 1922688
777.0 990.0 313287
730.0 1139.0 405037
695.0 913.0 195439
702.0 991.0 971055
703.0 1058.0 1750709
699.0 1095.0 551355
700.0 1137.0 1341898
701.0 1176.0 777088
699.0 1215.0 885701
701.0 1252.0 1381301
702.0 1291.0 1544468
702.0 1325.0 1928761
642.0 943.0 589246
602.0 945.0 1314059
564.0 945.0 283535
525.0 943.0 1750418
542.0 993.0 592242
640.0 1059.0 553206
583.0 1058.0 646986
585.0 1098.0 5449
585.0 1138.0 369406
641.0 1135.0 979666
585.0 1176.0 526829
584.0 1215.0 414008
586.0 1254.0 1156279
645.0 1250.0 72907
623.0 1290.0 1864542
586.0 1289.0 543662
585.0 1340.0 1735369
540.0 1375.0 506529
473.0 1342.0 1489090
406.0 1255.0 1926646
414.0 1079.0 299307
354.0 1056.0 1674261
354.0 1100.0 251473
354.0 1141.0 418475
354.0 1179.0 668672
353.0 1216.0 339270
354.0 1260.0 1407242
354.0 1292.0 566516
354.0 1345.0 1398279
358.0 1383.0 1874900
326.0 792.0 216730
326.0 1312.0 429475
326.0 870.0 223142
327.0 909.0 1441550
315.0 947.0 627358
274.0 946.0 1025568
313.0 995.0 526526
316.0 1051.0 1072693
295.0 1273.0 1779795
296.0 1383.0 1739412
234.0 994.0 188448
237.0 1062.0 1809196
238.0 1103.0 487036
238.0 1140.0 365708
235.0 1179.0 1311440
237.0 1216.0 1169253
238.0 1259.0 271949
239.0 1295.0 2747
241.0 1344.0 604851
198.0 1207.0 1932718
201.0 1141.0 531244
200.0 1024.0 1841189
170.0 996.0 591594
166.0 905.0 315925
167.0 863.0 1348044
166.0 826.0 1243800
166.0 790.0 501296
1816.0 1652.0 1891980
1804.0 1728.0 1534208
1806.0 1805.0 1179311
1746.0 1456.0 1785695
1747.0 1494.0 1431745
1748.0 1533.0 549220
1747.0 1570.0 1237724
1746.0 1611.0 1870869
1747.0 1650.0 306484
1749.0 1690.0 934902
1743.0 1724.0 1725421
1751.0 1768.0 81440
1744.0 1807.0 172272
1749.0 1856.0 1340582
1748.0 1902.0 1825157
1627.0 1407.0 1080218
1633.0 1460.0 638303
1630.0 1495.0 1349974
1628.0 1533.0 1505862
1631.0 1573.0 1385924
1634.0 1612.0 644607
1632.0 1651.0 1296507
1633.0 1692.0 1809250
1632.0 1731.0 575373
1629.0 1766.0 419778
1632.0 1806.0 1166767
1631.0 1855.0 496924
1653.0 1886.0 358507
1633.0 1931.0 1166532
1580.0 1456.0 954505
1592.0 1536.0 1095755
1514.0 1458.0 968615
1514.0 1495.0 1909856
1514.0 1538.0 1943465
1509.0 1575.0 1185317
1514.0 1617.0 1823429
1513.0 1653.0 115077
1513.0 1692.0 1122176
1516.0 1730.0 1452748
1515.0 1770.0 1124060
1516.0 1807.0 1572283
1515.0 1855.0 832194
1527.0 1888.0 1181125
1475.0 1748.0 683272
1436.0 1538.0 104503
1400.0 1411.0 1532246
1397.0 1457.0 1869787
1399.0 1499.0 1325271
1399.0 1537.0 116530
1396.0 1575.0 61247
1398.0 1615.0 742994
1401.0 1651.0 1010423
1398.0 1691.0 1457124
1398.0 1729.0 1264928
1399.0 1768.0 640450
1400.0 1808.0 506543
1401.0 1855.0 408714
1402.0 1808.0 169862
1403.0 1936.0 1462261
1360.0 1895.0 542274
1361.0 1825.0 461838
1340.0 1769.0 1461172
1358.0 1576.0 1443504
1358.0 1457.0 637161
1331.0 1458.0 194696
1282.0 1459.0 695616
1281.0 1499.0 1538638
1284.0 1538.0 1564380
1283.0 1578.0 1750726
1282.0 1616.0 858400
1282.0 1654.0 216168
1283.0 1692.0 752783
1283.0 1730.0 997740
1285.0 1770.0 386151
1285.0 1809.0 603702
1285.0 1860.0 1588302
1253.0 1690.0 1717898
1218.0 1482.0 624734
1215.0 1541.0 778835
1166.0 1411.0 1294613
1166.0 1547.0 521494
1166.0 1500.0 144083
1165.0 1536.0 1369124
1167.0 1576.0 568868
1167.0 1617.0 1287288
1167.0 1655.0 640754
1168.0 1694.0 1947346
1169.0 1733.0 73554
1168.0 1768.0 197095
1172.0 1812.0 53027
1168.0 1861.0 1939875
1127.0 1595.0 1903228
1131.0 1810.0 1539572
1092.0 1794.0 1870498
1052.0 1459.0 1508515
1050.0 1499.0 1628602
1047.0 1536.0 1619331
1049.0 1578.0 479799
1051.0 1617.0 425773
1051.0 1656.0 21
1050.0 1696.0 1162786
1052.0 1733.0 1412817
1052.0 1772.0 739367
1051.0 1812.0 1691410
1052.0 1861.0 1085408
995.0 1636.0 751814
967.0 1656.0 758860
933.0 1411.0 1306663
935.0 1460.0 1857443
934.0 1498.0 1531493
934.0 1538.0 966558
935.0 1580.0 780120
935.0 1615.0 944263
936.0 1655.0 976198
935.0 1692.0 847811
936.0 1734.0 223583
937.0 1773.0 1059226
939.0 1814.0 1311853
880.0 1463.0 13849
815.0 1463.0 1815717
813.0 1418.0 369345
818.0 1938.0 32229
816.0 1576.0 455756
817.0 1617.0 117149
819.0 2133.0 632180
822.0 2092.0 89964
849.0 1729.0 979489
823.0 1864.0 1039026
771.0 1674.0 1075881
739.0 1522.0 767155
703.0 1412.0 1395634
703.0 1463.0 1240226
703.0 1504.0 821799
702.0 1542.0 1734562
701.0 1579.0 823027
702.0 1619.0 497093
702.0 1658.0 1901913
705.0 1698.0 1780381
704.0 1864.0 348161
674.0 1599.0 1517587
643.0 1407.0 928135
626.0 1483.0 526154
646.0 1775.0 1572923
588.0 1466.0 314175
586.0 1504.0 1124485
586.0 1542.0 916348
588.0 1583.0 49378
588.0 1621.0 692990
587.0 1659.0 800547
589.0 1696.0 902157
610.0 1912.0 1036508
591.0 1861.0 654711
547.0 1757.0 646815
548.0 1520.0 110729
510.0 1714.0 417258
473.0 1415.0 1024077
471.0 1469.0 1296737
473.0 1506.0 214922
472.0 1546.0 1023677
469.0 1583.0 936840
470.0 1137.0 1376409
473.0 1661.0 133587
473.0 1699.0 268140
475.0 1759.0 957661
443.0 1642.0 1254302
383.0 1601.0 605143
326.0 1449.0 1420577
356.0 1464.0 1881
355.0 1506.0 1813517
356.0 1545.0 54208
352.0 1591.0 702719
356.0 1624.0 1233952
357.0 1660.0 1568240
357.0 1700.0 335421
237.0 1417.0 752701
240.0 1467.0 1207201
240.0 1506.0 1571282
237.0 1544.0 901803
241.0 1585.0 1380647
241.0 1622.0 1330899
240.0 1662.0 1863773
241.0 1700.0 1151600
472.0 1862.0 114732
478.0 1939.0 776337
427.0 1910.0 1813828
397.0 1892.0 60646
354.0 1860.0 55738
326.0 1812.0 1161098
287.0 1792.0 1917285
238.0 1756.0 249136
238.0 1804.0 518082
240.0 1861.0 932668
240.0 1942.0 951048
1790.0 1996.0 1604526
1792.0 2058.0 10705
1790.0 2096.0 84249
1790.0 2233.0 962991
1748.0 1975.0 538857
1750.0 2016.0 475729
1751.0 2057.0 823736
1749.0 2096.0 941091
1752.0 2134.0 1310291
1753.0 2174.0 1707596
1751.0 2213.0 892114
1752.0 2249.0 1896535
1750.0 2289.0 437977
1752.0 2329.0 187111
1752.0 2376.0 1355359
1632.0 1980.0 1939593
1634.0 2020.0 1370552
1634.0 2055.0 1222069
1635.0 2096.0 957061
1633.0 2133.0 222737
1637.0 2174.0 1365249
1636.0 2212.0 184864
1634.0 2251.0 647048
1636.0 2290.0 1370912
1635.0 2327.0 411701
1635.0 2416.0 975094
1588.0 2247.0 701237
1851.0 2771.0 1516969
1832.0 2829.0 612729
1793.0 2791.0 1052276
1793.0 2579.0 349096
1752.0 2459.0 806653
1753.0 2498.0 1597873
1751.0 2539.0 1550802
1753.0 2580.0 1824404
1754.0 2615.0 1902508
1754.0 2655.0 285885
1757.0 2695.0 1887066
1756.0 2733.0 1298357
1757.0 2771.0 1925633
1756.0 2813.0 352674
1756.0 2858.0 808590
1727.0 2825.0 923929
1706.0 2755.0 925840
1702.0 2713.0 1701803
1723.0 2503.0 1754587
1638.0 2461.0 1041522
1637.0 2500.0 1197696
1636.0 2542.0 841391
1636.0 2578.0 341863
1638.0 2615.0 1131055
1637.0 2655.0 575884
1639.0 2699.0 1841154
1639.0 2733.0 1512616
1638.0 2776.0 888222
1639.0 2811.0 732604
1640.0 2859.0 1734242
1619.0 2892.0 332395
1652.0 2911.0 1197390
1640.0 2941.0 1858790
1833.0 2997.0 131678
1812.0 3115.0 25671
1826.0 3176.0 905095
1825.0 3212.0 628738
1795.0 3253.0 1466877
1816.0 3295.0 1245698
1777.0 3293.0 1859451
1757.0 3251.0 1529612
1758.0 3214.0 917081
1755.0 3176.0 429195
1755.0 3136.0 1643684
1754.0 3095.0 857339
1757.0 3062.0 460716
1752.0 3022.0 677915
1755.0 2984.0 429215
1726.0 3002.0 1689877
1709.0 3157.0 1215979
1687.0 3013.0 1208089
1608.0 3002.0 638461
1638.0 2985.0 61375
1640.0 3024.0 636006
1640.0 3063.0 43844
1639.0 3101.0 1413539
1643.0 3141.0 101236
1642.0 3180.0 1764436
1641.0 3217.0 352569
1641.0 3254.0 796419
1730.0 3333.0 849520
1730.0 3441.0 336332
1681.0 3358.0 274477
1613.0 3360.0 1281299
1585.0 3331.0 30551
1587.0 3441.0 1411228
1517.0 3333.0 506546
1517.0 1979.0 623874
1514.0 2017.0 1360508
1516.0 2057.0 1547233
1516.0 2093.0 1652945
1517.0 2133.0 356010
1515.0 2172.0 267261
1516.0 2213.0 1463768
1520.0 2251.0 269250
1518.0 2290.0 1218666
1519.0 2330.0 6618
1520.0 2378.0 364408
1489.0 2058.0 180893
1459.0 2135.0 1628837
1460.0 2172.0 1429651
1440.0 2211.0 3424
1432.0 2021.0 1485712
1400.0 1980.0 1306288
1399.0 2017.0 1138100
1401.0 2058.0 940624
1403.0 2094.0 187084
1403.0 2135.0 181547
1404.0 2177.0 572497
1403.0 2216.0 881253
1403.0 2251.0 1877324
1403.0 2291.0 1823687
1404.0 2328.0 993867
1517.0 2462.0 1481799
1518.0 2505.0 1366503
1519.0 2542.0 655656
1519.0 2581.0 1895848
1518.0 2621.0 705645
1519.0 2659.0 259238
1519.0 2695.0 1709004
1520.0 2733.0 1126649
1521.0 2775.0 242097
1523.0 2810.0 893694
1521.0 2861.0 1557668
1492.0 2736.0 1843875
1473.0 2677.0 278910
1451.0 2532.0 1853482
1454.0 2500.0 925271
1403.0 2417.0 1262462
1402.0 2466.0 1206273
1405.0 2503.0 1924399
1403.0 2544.0 114278
1403.0 2583.0 241590
1404.0 2620.0 1654128
1403.0 2658.0 1117131
1405.0 2699.0 444578
1405.0 2738.0 692919
1406.0 2777.0 667570
1405.0 2813.0 197681
1591.0 3121.0 60522
1593.0 3219.0 44639
1419.0 3034.0 285830
1554.0 2939.0 1624135
1514.0 2938.0 1268701
1477.0 2941.0 1422852
1434.0 2940.0 1525922
1402.0 2938.0 1877311
1552.0 3092.0 164922
1515.0 3093.0 391400
1476.0 3094.0 1062200
1439.0 3097.0 903785
1398.0 3092.0 1781291
1556.0 3160.0 83947
1515.0 3160.0 318916
1476.0 3164.0 925540
1440.0 3160.0 708630
1396.0 3161.0 1279873
1555.0 3200.0 1162811
1514.0 3197.0 97690
1476.0 3198.0 183272
1435.0 3198.0 1909355
1399.0 3200.0 1826471
1352.0 1988.0 317844
1364.0 2097.0 162144
1365.0 2155.0 1382808
1364.0 2290.0 533396
1345.0 2331.0 1049507
1346.0 2249.0 1120563
1286.0 2380.0 527072
1323.0 2133.0 1754027
1284.0 1980.0 927593
1284.0 2015.0 1135466
1286.0 2056.0 392833
1286.0 2096.0 393852
1284.0 2135.0 835594
1286.0 2173.0 185218
1290.0 2217.0 1062360
1259.0 2076.0 319349
1369.0 2559.0 1078135
1327.0 2598.0 684559
1368.0 2736.0 390517
1351.0 2773.0 1425335
1232.0 2463.0 1710914
1259.0 2481.0 1842748
1291.0 2464.0 1422016
1288.0 2500.0 1051088
1289.0 2540.0 1900569
1287.0 2581.0 200444
1290.0 2619.0 1338865
1289.0 2659.0 1793040
1290.0 2699.0 1608337
1291.0 2737.0 1432782
1321.0 2863.0 1486741
1235.0 2891.0 39591
1272.0 2909.0 1702961
1320.0 2940.0 1741120
1293.0 2985.0 1009683
1295.0 3028.0 26178
1292.0 3066.0 1460981
1296.0 3106.0 348333
1266.0 3124.0 1708222
1295.0 3142.0 324094
1331.0 3140.0 1474215
1362.0 3084.0 1690782
1293.0 3179.0 254682
1295.0 3219.0 1378124
1294.0 3255.0 980806
1345.0 3337.0 194037
1297.0 3335.0 397618
1248.0 3396.0 1404557
1210.0 2062.0 479737
1167.0 1939.0 1091174
1169.0 1984.0 559486
1171.0 2022.0 590155
1171.0 2060.0 1554691
1171.0 2098.0 870756
1172.0 2138.0 330841
1170.0 2176.0 1180937
1172.0 2217.0 538584
1174.0 2339.0 1225311
1132.0 1991.0 245283
1104.0 1994.0 622682
1150.0 2291.0 552661
1116.0 2313.0 746566
1118.0 2345.0 319526
1105.0 2274.0 821491
1104.0 2235.0 1455678
1064.0 1938.0 859389
1025.0 1935.0 1065260
986.0 1934.0 542200
947.0 1934.0 34208
911.0 1936.0 911323
1005.0 1975.0 1246871
1062.0 2089.0 947768
1026.0 2089.0 894098
988.0 2090.0 1196681
948.0 2089.0 1813816
913.0 2085.0 327105
1063.0 2236.0 1850214
1028.0 2236.0 736623
992.0 2238.0 1564219
947.0 2237.0 194320
911.0 2232.0 1495501
1065.0 2272.0 496586
1029.0 2274.0 440350
992.0 2275.0 841409
952.0 2279.0 271780
918.0 2276.0 1581355
1045.0 2380.0 1279610
941.0 2343.0 656587
820.0 1846.0 1062269
819.0 1985.0 1793084
819.0 2021.0 489655
820.0 2058.0 1828214
820.0 2095.0 283012
821.0 2134.0 493528
823.0 2179.0 838604
822.0 2214.0 1858436
781.0 2197.0 14183
733.0 2017.0 1051942
705.0 1933.0 1017976
706.0 1985.0 711222
703.0 2020.0 1442454
705.0 2060.0 731142
705.0 2097.0 734690
708.0 2224.0 1630581
708.0 2182.0 1075445
708.0 2217.0 438641
593.0 1987.0 1382558
592.0 2019.0 258639
589.0 2058.0 1566173
591.0 2099.0 1819747
591.0 2142.0 1710396
591.0 2177.0 542706
593.0 2217.0 491709
516.0 2045.0 1117918
504.0 2103.0 875369
475.0 1984.0 1722257
473.0 2026.0 1003508
473.0 2063.0 1763357
475.0 2103.0 1862339
474.0 2141.0 759948
475.0 2179.0 1532106
475.0 2219.0 1572982
446.0 2066.0 1915498
416.0 2181.0 1868331
357.0 1985.0 780357
357.0 2025.0 1372517
360.0 2066.0 43558
359.0 2104.0 1633336
360.0 2141.0 901146
358.0 2180.0 926810
359.0 2222.0 1282842
242.0 1987.0 1048287
242.0 2028.0 993390
241.0 2064.0 100463
245.0 2105.0 1021059
244.0 2146.0 1795567
241.0 2182.0 1359369
243.0 2220.0 866591
1171.0 2418.0 1846534
1170.0 2466.0 1854913
1172.0 2505.0 191287
1171.0 2544.0 1023045
1173.0 2583.0 1708743
1171.0 2620.0 1260528
1172.0 2661.0 460324
1176.0 2719.0 435997
1172.0 2738.0 546280
1175.0 2787.0 274152
1173.0 2862.0 1251632
1177.0 2943.0 840395
1177.0 2990.0 535476
1177.0 3025.0 648579
1178.0 3068.0 720608
1178.0 3105.0 428779
1177.0 3143.0 492789
1179.0 3186.0 1228969
1178.0 3223.0 966263
1178.0 3264.0 406440
1145.0 2679.0 938951
1113.0 2467.0 256948
1114.0 2503.0 103579
1113.0 2539.0 1790699
1114.0 2600.0 491960
1116.0 2640.0 27353
1114.0 2680.0 533894
1117.0 2730.0 246960
1112.0 2766.0 885759
1118.0 2806.0 1092671
1117.0 2863.0 139955
1087.0 2698.0 1842680
1099.0 3027.0 557658
1101.0 3064.0 568237
1102.0 3104.0 669546
1057.0 2466.0 525369
1057.0 2505.0 1385829
1057.0 2545.0 1372130
1057.0 2583.0 1279768
1056.0 2626.0 897268
1059.0 2660.0 870552
1059.0 2697.0 546663
1061.0 2737.0 1045434
1060.0 2865.0 760771
1059.0 2988.0 364295
1062.0 3032.0 727836
1061.0 3068.0 1371691
1062.0 3107.0 989061
1062.0 3144.0 104313
1063.0 3182.0 315817
1062.0 3225.0 1623319
1066.0 3261.0 273206
1064.0 3339.0 211490
1019.0 2448.0 737790
982.0 2528.0 1060097
972.0 2700.0 967925
1002.0 2786.0 881640
974.0 3051.0 1340010
1005.0 3130.0 452678
941.0 2418.0 1420439
939.0 2464.0 963210
942.0 2505.0 919373
942.0 2546.0 1655700
943.0 2586.0 594090
943.0 2621.0 531840
942.0 2662.0 1254077
942.0 2701.0 214848
943.0 2741.0 1275570
945.0 2860.0 1436819
946.0 2940.0 530020
946.0 2989.0 1212228
945.0 3030.0 899141
948.0 3068.0 231275
947.0 3108.0 1173827
948.0 3148.0 1569068
948.0 3182.0 1373970
948.0 3222.0 1489718
950.0 3261.0 647746
914.0 2768.0 1604716
938.0 2910.0 443907
931.0 3299.0 618444
910.0 3334.0 23895
912.0 3441.0 112144
880.0 2903.0 1392977
891.0 3066.0 961427
869.0 3009.0 1123871
842.0 2808.0 1429698
821.0 2341.0 14356
618.0 2295.0 938666
628.0 2381.0 1843288
821.0 2415.0 1431822
783.0 2417.0 1154548
743.0 2420.0 1151790
708.0 2422.0 1043449
668.0 2421.0 725252
823.0 2571.0 1839926
784.0 2573.0 882391
747.0 2574.0 175631
707.0 2578.0 1765825
669.0 2575.0 1900669
630.0 2626.0 937459
824.0 2641.0 1551956
783.0 2642.0 526163
747.0 2644.0 326436
707.0 2644.0 1578799
670.0 2646.0 871777
823.0 2682.0 303928
786.0 2681.0 109272
748.0 2680.0 863093
707.0 2681.0 1341557
671.0 2683.0 121043
727.0 2712.0 1501915
755.0 2711.0 1807182
788.0 2728.0 1824477
766.0 2759.0 892727
591.0 2347.0 1399587
592.0 2423.0 1873888
592.0 2473.0 1510247
593.0 2509.0 1819367
593.0 2549.0 619639
594.0 2588.0 1376637
596.0 2624.0 1731279
595.0 2667.0 257365
598.0 2705.0 310875
554.0 2585.0 385012
537.0 2743.0 263793
477.0 2346.0 1608695
478.0 2423.0 1478514
478.0 2475.0 1058210
479.0 2512.0 1727119
478.0 2550.0 1319013
480.0 2590.0 1393142
481.0 2628.0 436244
480.0 2670.0 1229803
481.0 2710.0 568820
440.0 2472.0 1734837
440.0 2630.0 1429059
441.0 2706.0 1473192
399.0 2471.0 1660925
400.0 2628.0 1114865
404.0 2712.0 1495257
399.0 2319.0 1907504
358.0 2346.0 928462
363.0 2471.0 750786
362.0 2512.0 685434
362.0 2550.0 474176
361.0 2589.0 808740
364.0 2629.0 1143896
363.0 2668.0 543911
363.0 2706.0 91216
273.0 2590.0 601847
307.0 2631.0 1523552
279.0 2768.0 531587
245.0 2348.0 1360334
246.0 2425.0 102605
246.0 2473.0 367630
245.0 2518.0 527117
246.0 2552.0 1047613
247.0 2675.0 81541
247.0 2627.0 1507398
248.0 2668.0 257962
247.0 2705.0 1280327
247.0 2738.0 1417747
277.0 2761.0 1418447
230.0 2795.0 302550
805.0 2823.0 1126196
748.0 2836.0 333831
709.0 2863.0 1604156
826.0 2985.0 1602468
827.0 3025.0 711927
826.0 3151.0 75397
828.0 3104.0 1616251
829.0 3143.0 1424326
829.0 2700.0 880366
829.0 3217.0 170634
711.0 2942.0 1156679
712.0 2987.0 1331252
715.0 3031.0 497340
710.0 3069.0 1881356
712.0 3106.0 713689
713.0 3148.0 433260
715.0 3185.0 666446
714.0 3218.0 1868956
714.0 3257.0 1730530
672.0 2993.0 237435
647.0 3015.0 1465864
685.0 3052.0 1425988
273.0 3149.0 1618554
771.0 3277.0 386670
831.0 3414.0 997818
760.0 3376.0 508461
663.0 3343.0 468524
664.0 3452.0 49550
596.0 2865.0 1717949
627.0 3088.0 945054
629.0 3242.0 100426
594.0 2990.0 1162391
597.0 3028.0 789458
595.0 3069.0 1791762
599.0 3106.0 867342
598.0 3147.0 1920999
598.0 3185.0 814490
598.0 3225.0 1545176
599.0 3340.0 1351596
509.0 3034.0 1138950
561.0 3070.0 1693939
561.0 3166.0 1344037
541.0 3194.0 448122
521.0 3245.0 1107514
571.0 3296.0 630206
599.0 3341.0 176138
558.0 3379.0 1869173
532.0 3369.0 848111
485.0 3418.0 1929626
522.0 3445.0 1940542
345.0 2917.0 1688157
403.0 2865.0 1847354
443.0 2898.0 349121
460.0 2837.0 142014
489.0 2867.0 1891105
493.0 2946.0 808336
440.0 2944.0 1667006
479.0 2992.0 902358
481.0 3031.0 1576234
481.0 3072.0 617676
483.0 3109.0 198590
479.0 3151.0 303523
481.0 3185.0 378420
484.0 3223.0 1765130
485.0 3259.0 1178667
470.0 3344.0 747763
443.0 3050.0 487
443.0 3091.0 1348896
454.0 3174.0 968774
445.0 3247.0 1435071
402.0 3021.0 1777127
402.0 3071.0 433430
402.0 3153.0 942414
403.0 3226.0 1483937
342.0 2911.0 105752
365.0 2992.0 173846
364.0 3033.0 696709
365.0 3070.0 1578260
365.0 3111.0 749800
365.0 3000.0 1639493
366.0 3187.0 947568
365.0 3229.0 1032808
367.0 3265.0 1902407
367.0 3342.0 1793684
368.0 3381.0 1628895
311.0 3185.0 1067340
246.0 2869.0 1735076
248.0 2944.0 670671
247.0 2994.0 1576111
247.0 3041.0 1745673
250.0 3074.0 493629
252.0 3109.0 365919
253.0 3153.0 278523
251.0 3191.0 579047
250.0 3229.0 1409568
253.0 3270.0 439593
213.0 3273.0 981023
221.0 3313.0 111384
263.0 3346.0 173205
253.0 3386.0 669907
215.0 3385.0 779655
