# C:\Users\gielpa\PycharmProjects\Genetic-Algorithm\data-bak\pcb3038.tsp\data
2830.0 40.0 1202180
2830.0 77.0 1386980
2830.0 114.0 2348377
2831.0 155.0 4654470
2830.0 194.0 1946119
2831.0 231.0 3358220
2831.0 269.0 7317534
2831.0 309.0 6889585
2830.0 347.0 5680483
2830.0 384.0 4923666
2792.0 35.0 1772965
2792.0 75.0 3924971
2790.0 115.0 5645372
2792.0 153.0 5141853
2791.0 191.0 2241079
2791.0 231.0 2263877
2790.0 271.0 5127701
2791.0 306.0 4146235
2791.0 345.0 2268895
2792.0 384.0 5392656
2800.0 460.0 7064381
2801.0 499.0 2055672
2801.0 538.0 279785
2800.0 578.0 1267522
2802.0 620.0 459773
2800.0 654.0 4230123
2800.0 694.0 6940793
2802.0 732.0 6267843
2800.0 772.0 2936510
2800.0 810.0 3345576
2762.0 459.0 4372940
2761.0 497.0 2689050
2761.0 540.0 7024633
2761.0 578.0 1242048
2762.0 591.0 6602713
2763.0 656.0 2316675
2762.0 694.0 3745481
2761.0 731.0 5018447
2762.0 770.0 7281646
2761.0 808.0 3299185
2801.0 946.0 5331486
2803.0 1034.0 1366653
2723.0 943.0 79889
2724.0 1029.0 2141312
2702.0 1003.0 5151810
2800.0 1098.0 4927228
2799.0 1137.0 1868313
2831.0 1158.0 1743419
2801.0 1178.0 2328435
2800.0 1216.0 2236330
2829.0 1237.0 1666338
2801.0 1254.0 179237
2800.0 1292.0 6106475
2800.0 1331.0 254861
2801.0 1370.0 4597451
2799.0 1409.0 7123077
2804.0 1450.0 2759262
2759.0 1098.0 172737
2762.0 1138.0 4108221
2762.0 1178.0 6194289
2761.0 1213.0 3544457
2763.0 1255.0 2694199
2761.0 1293.0 6919262
2763.0 1330.0 4754490
2761.0 1369.0 4279420
2759.0 1411.0 1872996
2761.0 1446.0 4542196
2762.0 617.0 1880683
2801.0 1507.0 780087
2800.0 1548.0 4961690
2801.0 1581.0 655154
2801.0 1619.0 301741
2799.0 1656.0 5614934
2800.0 1698.0 4050440
2800.0 1738.0 6822104
2800.0 1781.0 5756068
2799.0 1820.0 4965401
2800.0 1856.0 1493186
2760.0 1506.0 1491230
2760.0 1543.0 3608801
2763.0 1586.0 267471
2761.0 1621.0 572933
2761.0 1659.0 6138896
2761.0 1698.0 2359930
2762.0 1737.0 1116840
2761.0 1775.0 2976412
2762.0 1821.0 2214608
2762.0 1853.0 301741
2800.0 2067.0 4371857
2798.0 2102.0 5727793
2799.0 2143.0 5484928
2801.0 2183.0 7305741
2800.0 2221.0 4451278
2801.0 2262.0 325718
2800.0 2299.0 6722555
2800.0 2337.0 7318055
2801.0 2376.0 2255499
2800.0 2414.0 3023894
2760.0 2066.0 3884446
2760.0 2105.0 3414903
2761.0 2144.0 1748471
2761.0 2184.0 624601
2763.0 2222.0 3154539
2760.0 2259.0 115833
2761.0 2297.0 6088821
2760.0 2338.0 4047295
2761.0 2372.0 7012364
2800.0 2411.0 4123356
2800.0 2491.0 379588
2772.0 2512.0 4730833
2732.0 2491.0 4513779
2788.0 2167.0 6987712
2762.0 2676.0 5534215
2732.0 2618.0 4811472
2761.0 2903.0 7106687
2761.0 2983.0 5276584
2799.0 3041.0 4450557
2800.0 3083.0 3426490
2799.0 3117.0 5797272
2799.0 3085.0 2574607
2799.0 3195.0 1853880
2798.0 3234.0 2197196
2799.0 3274.0 132806
2798.0 3312.0 6899106
2798.0 3350.0 6535696
2797.0 3389.0 2613454
2799.0 3427.0 2655464
2800.0 3464.0 5177574
2864.0 3474.0 643911
2865.0 3515.0 1195749
2798.0 3563.0 2056385
2798.0 3796.0 2786080
2797.0 3794.0 3179059
2698.0 39.0 1269851
2697.0 116.0 699322
2716.0 191.0 1276522
2696.0 540.0 7100118
2704.0 1437.0 6729379
2704.0 1583.0 7047457
2703.0 1680.0 2862724
2694.0 2221.0 4423373
2704.0 2317.0 2073429
2714.0 2345.0 108447
2733.0 2374.0 4570379
2720.0 3100.0 6316836
2721.0 3147.0 3029684
2752.0 3198.0 32058
2712.0 3194.0 881616
2683.0 3196.0 4066147
2642.0 3195.0 1585778
2763.0 3292.0 7144320
2761.0 3332.0 2889168
2761.0 3369.0 6592829
2760.0 3409.0 6152392
2732.0 3467.0 4056880
2701.0 3621.0 6303328
2699.0 3852.0 5018388
2781.0 3940.0 2923179
2701.0 3940.0 149844
2623.0 3945.0 3622878
2621.0 -5.0 811156
2744.0 18.0 1153700
2649.0 25.0 2095099
2609.0 48.0 1654721
2659.0 94.0 460251
2658.0 134.0 5518519
2659.0 171.0 645915
2658.0 208.0 3551151
2657.0 248.0 1113809
2660.0 285.0 6008166
2659.0 325.0 6189333
2659.0 368.0 209603
2545.0 92.0 7176994
2543.0 131.0 5450524
2543.0 170.0 2166651
2541.0 212.0 4396321
2538.0 248.0 1666856
2544.0 288.0 5657839
2541.0 246.0 254715
2541.0 362.0 1886067
2571.0 270.0 4627411
2571.0 325.0 432033
2485.0 36.0 5619354
2524.0 54.0 4151062
2494.0 249.0 2032823
2590.0 393.0 4341093
2641.0 411.0 4255980
2659.0 441.0 3142391
2660.0 500.0 980401
2660.0 538.0 3988153
2658.0 577.0 6900298
2659.0 618.0 4842833
2660.0 656.0 4288351
2661.0 701.0 6582101
2658.0 733.0 4833002
2659.0 772.0 1568667
2582.0 439.0 4652871
2592.0 521.0 7273332
2581.0 770.0 1604978
2543.0 497.0 4817027
2542.0 536.0 396551
2543.0 579.0 2315625
2542.0 615.0 6511755
2542.0 657.0 2319331
2543.0 691.0 3837751
2543.0 734.0 4127740
2541.0 771.0 6521463
2542.0 808.0 1595568
2543.0 847.0 155756
2540.0 877.0 4201158
2617.0 847.0 4168925
2620.0 916.0 6582233
2570.0 1004.0 4015401
2529.0 1003.0 876191
2656.0 1042.0 2824477
2658.0 1082.0 4968630
2656.0 1118.0 6442603
2657.0 1159.0 4188315
2656.0 1200.0 206152
2657.0 1236.0 3496249
2657.0 1272.0 2413985
2657.0 1314.0 6930321
2616.0 1137.0 5813123
2617.0 1195.0 1889178
2624.0 1273.0 1108094
2598.0 1314.0 4767766
2558.0 1214.0 957925
2542.0 1040.0 2247785
2540.0 1079.0 258323
2541.0 1121.0 1071906
2540.0 1156.0 1769879
2539.0 1195.0 122360
2539.0 1231.0 2011394
2540.0 1272.0 2424635
2540.0 1311.0 4793119
2501.0 1342.0 4352833
2540.0 1358.0 1569125
2540.0 1398.0 5561602
2512.0 1436.0 4167096
2628.0 1435.0 3702662
2643.0 1484.0 4524335
2667.0 1524.0 779624
2666.0 1560.0 6167392
2665.0 1601.0 4573019
2667.0 1640.0 2320864
2665.0 1679.0 1645131
2665.0 1728.0 6736149
2666.0 1755.0 248459
2666.0 1794.0 1733385
2665.0 1836.0 2537103
2667.0 1873.0 3075123
2646.0 1486.0 4068084
2617.0 1525.0 4121548
2628.0 1715.0 6158722
2618.0 1756.0 3738661
2548.0 1524.0 268726
2550.0 1561.0 7215787
2552.0 1600.0 6968060
2550.0 1640.0 4171147
2550.0 1677.0 437189
2551.0 1717.0 5395506
2551.0 1756.0 221530
2551.0 1798.0 5292991
2549.0 1832.0 483563
2550.0 1874.0 6862811
2579.0 1893.0 7230998
2665.0 1935.0 426478
2647.0 1991.0 4189228
2667.0 2025.0 6134898
2667.0 2064.0 1175466
2667.0 2104.0 5666229
2665.0 2139.0 7277041
2666.0 2178.0 2871382
2665.0 2220.0 11456
2665.0 2254.0 5294573
2548.0 2258.0 2704368
2549.0 2218.0 6590495
2549.0 2180.0 2071360
2550.0 2141.0 5192170
2549.0 2103.0 6887398
2548.0 2064.0 2552181
2548.0 2025.0 2756146
2538.0 1987.0 3972782
2590.0 2333.0 5992895
2666.0 2328.0 3359646
2667.0 2394.0 5945721
2667.0 2432.0 4639486
2666.0 2470.0 2589609
2666.0 2508.0 6444314
2665.0 2550.0 7006777
2665.0 2586.0 4511187
2666.0 2626.0 4981727
2549.0 2393.0 5456594
2548.0 2431.0 4237503
2549.0 2473.0 2988494
2548.0 2512.0 2176210
2546.0 2548.0 767342
2550.0 2591.0 6838686
2548.0 2627.0 6309253
2687.0 2716.0 5403582
2686.0 2868.0 244944
2647.0 2711.0 7283525
2645.0 2866.0 5077914
2643.0 2906.0 2752314
2645.0 2984.0 5606555
2604.0 2905.0 6141587
2605.0 3109.0 5994835
2605.0 3136.0 3361582
2606.0 3290.0 1839050
2606.0 3333.0 3847818
2606.0 3368.0 2441393
2604.0 3410.0 1561274
2568.0 3037.0 157693
2568.0 3079.0 3552245
2568.0 3119.0 5055552
2567.0 3157.0 1724048
2566.0 3195.0 3719051
2567.0 3234.0 6047634
2568.0 3274.0 1489493
2566.0 3310.0 1845761
2568.0 3350.0 1299377
2566.0 3386.0 3050603
2567.0 3428.0 3210184
2568.0 3466.0 3873225
2352.0 89.0 5169508
2348.0 125.0 3273935
2349.0 168.0 4812650
2349.0 208.0 1858004
2350.0 244.0 1353616
2349.0 286.0 1741660
2350.0 322.0 1257735
2400.0 333.0 6582343
2466.0 323.0 1441758
2406.0 207.0 2793065
2378.0 168.0 1346525
2417.0 130.0 1404661
2397.0 70.0 4172458
2468.0 283.0 1948301
2467.0 242.0 6548167
2494.0 245.0 1888742
2467.0 208.0 3200071
2462.0 168.0 3563285
2465.0 129.0 3800459
2465.0 90.0 2161893
2421.0 383.0 6095486
2377.0 449.0 5552198
2458.0 392.0 6630022
2468.0 467.0 6332647
2507.0 561.0 4379763
2351.0 534.0 5069673
2352.0 574.0 2190883
2350.0 614.0 3374293
2350.0 652.0 620185
2352.0 691.0 3160425
2350.0 727.0 5419807
2351.0 768.0 3867895
2467.0 765.0 3506413
2466.0 729.0 1878791
2466.0 692.0 1286433
2466.0 649.0 4765355
2466.0 613.0 6346705
2466.0 574.0 1881100
2467.0 540.0 1594833
2513.0 572.0 6849614
2350.0 827.0 2897968
2418.0 836.0 6399504
2438.0 875.0 6427219
2475.0 833.0 5529042
2495.0 941.0 1307873
2388.0 942.0 5176295
2348.0 940.0 2265444
2475.0 1008.0 704771
2466.0 1038.0 2160363
2351.0 1040.0 3971500
2350.0 1075.0 5972386
2349.0 1114.0 1388226
2347.0 1152.0 2516607
2349.0 1192.0 2174129
2349.0 1232.0 3426778
2348.0 1270.0 496640
2348.0 1307.0 4794394
2388.0 1209.0 7300435
2408.0 1116.0 4702825
2468.0 1310.0 6182553
2466.0 1269.0 3860449
2465.0 1232.0 5215821
2484.0 1212.0 7201814
2465.0 1190.0 225542
2465.0 1158.0 345138
2462.0 1112.0 2549658
2466.0 1075.0 3331216
2367.0 1354.0 5408012
2380.0 1433.0 3390239
2338.0 1452.0 1836343
2415.0 1482.0 895657
2436.0 1431.0 6271769
2425.0 1394.0 3815135
2426.0 1358.0 5040684
2465.0 1471.0 4483371
2473.0 1373.0 1561155
2321.0 1522.0 5733521
2320.0 1557.0 3982978
2320.0 1598.0 414004
2318.0 1638.0 1833780
2320.0 1673.0 421391
2321.0 1717.0 6559541
2322.0 1755.0 5749263
2321.0 1794.0 4597436
2321.0 1832.0 6033589
2322.0 1872.0 5066757
2349.0 1831.0 1360380
2377.0 1870.0 1750014
2378.0 1830.0 4708516
2378.0 1789.0 6227824
2378.0 1752.0 1479937
2378.0 1714.0 7043842
2377.0 1679.0 2733549
2376.0 1637.0 132346
2378.0 1597.0 2710975
2378.0 1558.0 5980561
2380.0 1524.0 4479038
2525.0 1880.0 787149
2493.0 1868.0 6545652
2495.0 1830.0 4166981
2493.0 1791.0 6405003
2492.0 1753.0 2363352
2493.0 1714.0 1898246
2491.0 1676.0 3026766
2492.0 1634.0 5539982
2493.0 1601.0 160510
2494.0 1559.0 1241497
2494.0 1349.0 1464295
2378.0 2022.0 5199715
2379.0 2059.0 3259636
2377.0 2099.0 4418424
2379.0 2137.0 2296528
2377.0 2177.0 1498963
2379.0 2218.0 234179
2379.0 2254.0 1392032
2454.0 2041.0 5987865
2474.0 1953.0 2798066
2495.0 2288.0 4979124
2493.0 2255.0 71862
2494.0 2218.0 757447
2491.0 2176.0 4197059
2492.0 2138.0 2883700
2493.0 2100.0 5672745
2493.0 2061.0 1421121
2495.0 2022.0 3712733
2377.0 2388.0 5774959
2378.0 2425.0 698246
2377.0 2468.0 2415279
2376.0 2501.0 1699823
2377.0 2547.0 4333980
2379.0 2586.0 6347500
2378.0 2624.0 2380307
2378.0 2663.0 4312853
2406.0 2428.0 4464945
2437.0 2505.0 223703
2448.0 2624.0 5317142
2495.0 2665.0 2951032
2495.0 2623.0 1691352
2495.0 2585.0 6755258
2493.0 2547.0 1412848
2493.0 2506.0 237827
2495.0 2468.0 3476219
2494.0 2429.0 1098535
2494.0 2391.0 2351908
2379.0 2749.0 4568729
2377.0 2786.0 5991226
2377.0 2825.0 5272257
2375.0 2865.0 2019668
2378.0 2903.0 1258260
2376.0 2943.0 1901707
2377.0 2981.0 1018711
2446.0 2769.0 7209978
2436.0 2729.0 2918237
2529.0 2979.0 32694
2515.0 3013.0 844673
2494.0 2982.0 3093182
2491.0 2942.0 3025189
2491.0 2902.0 1170876
2492.0 2865.0 6721639
2492.0 2825.0 1297145
2493.0 2786.0 2768968
2493.0 2748.0 2085972
2531.0 2827.0 3783714
2531.0 2787.0 4009546
2530.0 2710.0 7051506
2376.0 3057.0 2000061
2376.0 3095.0 1809728
2376.0 3136.0 3208475
2378.0 3175.0 7328253
2377.0 3212.0 2874959
2377.0 3251.0 5254747
2375.0 3288.0 6200228
2377.0 3328.0 1544052
2378.0 3368.0 4541996
2376.0 3408.0 4431640
2424.0 3426.0 1987054
2454.0 3444.0 128422
2494.0 3403.0 5633184
2495.0 3368.0 4232627
2493.0 3326.0 1855199
2492.0 3286.0 970349
2493.0 3248.0 4945140
2493.0 3210.0 6821861
2493.0 3170.0 7230880
2492.0 3127.0 1345605
2494.0 3095.0 5923990
2495.0 3059.0 4244004
2390.0 3550.0 5973650
2385.0 3695.0 1350246
2504.0 3813.0 2056272
2268.0 3813.0 670772
2150.0 91.0 3769222
2150.0 129.0 4994859
2149.0 165.0 5156580
2147.0 209.0 4294141
2149.0 244.0 3539733
2147.0 282.0 4635486
2149.0 323.0 6965135
2179.0 243.0 1474012
2191.0 66.0 6809324
2228.0 76.0 3092842
2227.0 108.0 4527097
2218.0 303.0 2191600
2240.0 341.0 5248844
2267.0 325.0 4374731
2268.0 282.0 3905801
2326.0 306.0 4577474
2267.0 243.0 704402
2302.0 223.0 6217938
2265.0 203.0 606567
2305.0 188.0 1373642
2264.0 167.0 858201
2267.0 127.0 86816
2265.0 87.0 208056
2303.0 72.0 4910224
2111.0 428.0 4372544
2111.0 466.0 3624853
2187.0 426.0 996764
2246.0 486.0 6980371
2266.0 464.0 5271447
2317.0 468.0 1515978
2229.0 406.0 5366907
2150.0 534.0 6808187
2149.0 573.0 4862276
2147.0 611.0 4340898
2144.0 651.0 6706948
2150.0 691.0 5692173
2148.0 728.0 6742787
2148.0 848.0 4938334
2128.0 807.0 629443
2178.0 611.0 1006616
2188.0 642.0 178108
2225.0 515.0 6815398
2225.0 555.0 1735832
2233.0 728.0 4156510
2303.0 767.0 5751366
2267.0 767.0 6956079
2266.0 730.0 5257091
2303.0 709.0 4590181
2265.0 689.0 5961655
2312.0 650.0 6634417
2266.0 651.0 2084657
2267.0 615.0 2463762
2262.0 571.0 3985888
2266.0 534.0 2481900
2130.0 803.0 2319110
2167.0 848.0 7195264
2245.0 843.0 52449
2286.0 885.0 1183820
2167.0 921.0 2620135
2136.0 939.0 3243264
2149.0 1031.0 6648469
2148.0 1063.0 2825649
2147.0 1107.0 5109259
2149.0 1143.0 6917616
2145.0 1183.0 6903199
2146.0 1219.0 3675518
2146.0 1261.0 4163583
2148.0 1300.0 5944614
2148.0 1333.0 2013111
2146.0 1377.0 327132
2195.0 1378.0 5629913
2193.0 1221.0 4772087
2206.0 1181.0 2539753
2186.0 1142.0 7212397
2206.0 1106.0 1056532
2224.0 1066.0 3192417
2265.0 1375.0 786761
2265.0 1339.0 5225320
2261.0 1296.0 4757834
2263.0 1260.0 407950
2264.0 1220.0 3467194
2291.0 1221.0 6433473
2263.0 1182.0 4718042
2281.0 1164.0 5636997
2264.0 1143.0 2776279
2263.0 1104.0 4151942
2261.0 1065.0 1347694
2261.0 1026.0 4431124
2253.0 1463.0 2293069
2173.0 1462.0 6117385
2146.0 1520.0 4156124
2145.0 1558.0 1340581
2147.0 1597.0 394778
2146.0 1635.0 6978831
2144.0 1677.0 1908699
2147.0 1716.0 578224
2145.0 1753.0 404123
2144.0 1793.0 5383525
2147.0 1831.0 1106607
2146.0 1870.0 2758229
2204.0 1868.0 2522423
2206.0 1830.0 2940046
2205.0 1789.0 7246606
2206.0 1753.0 1292497
2205.0 1714.0 2638002
2202.0 1673.0 1797917
2204.0 1635.0 5426966
2204.0 1596.0 5478655
2203.0 1557.0 2045979
2203.0 1521.0 871007
2251.0 1813.0 6640342
2240.0 1558.0 6068836
2252.0 1521.0 1382169
2308.0 1966.0 6079950
2310.0 1927.0 4906611
2261.0 1922.0 6433632
2194.0 1921.0 2566422
2134.0 1951.0 5964970
2148.0 2080.0 52701
2146.0 2122.0 982760
2143.0 2161.0 1242487
2144.0 2200.0 1773158
2148.0 2240.0 233734
2146.0 2278.0 2160238
2145.0 2316.0 6101050
2145.0 2354.0 6180532
2146.0 2393.0 5674513
2146.0 2434.0 6773009
2186.0 2136.0 2890154
2244.0 2450.0 2064156
2204.0 2430.0 4055196
2203.0 2391.0 6441889
2204.0 2273.0 5197611
2205.0 2314.0 5448433
2199.0 2273.0 6164
2204.0 2239.0 6645274
2230.0 2254.0 4884864
2205.0 2197.0 4486716
2203.0 2158.0 865216
2205.0 2602.0 4699029
2205.0 2083.0 4294867
2241.0 2062.0 3008264
2204.0 2043.0 3240194
2203.0 2014.0 416665
2254.0 2026.0 5025513
2328.0 2024.0 4818226
2319.0 2080.0 1068073
2319.0 2122.0 4191283
2318.0 2165.0 3987929
2287.0 2169.0 3681083
2319.0 2202.0 2467414
2290.0 2230.0 5922949
2319.0 2238.0 5825489
2319.0 2277.0 784975
2291.0 2297.0 4345053
2320.0 2316.0 6020299
2321.0 2355.0 5552634
2319.0 2396.0 1845687
2319.0 2430.0 862684
2348.0 2396.0 4156848
2167.0 2537.0 5485561
2164.0 2576.0 2403361
2163.0 2624.0 1139999
2136.0 2641.0 1682747
2115.0 2584.0 2001360
2107.0 2661.0 5511716
2106.0 2701.0 852439
2107.0 2740.0 630232
2105.0 2775.0 6400745
2106.0 2819.0 6352835
2104.0 2855.0 5847783
2105.0 2894.0 3109578
2105.0 2933.0 1965702
2106.0 2992.0 3677913
2175.0 3029.0 200288
2222.0 2990.0 4272464
2187.0 2932.0 2994955
2183.0 2893.0 3456293
2185.0 2853.0 3466319
2209.0 2813.0 2795044
2186.0 2814.0 199671
2182.0 2778.0 3271034
2185.0 2738.0 1316257
2184.0 2700.0 1226650
2183.0 2661.0 811303
2212.0 2699.0 6412242
2252.0 2739.0 943490
2300.0 2991.0 4994664
2300.0 2964.0 3298096
2301.0 2933.0 1531371
2301.0 2896.0 3314825
2298.0 2854.0 4703988
2299.0 2816.0 4444219
2297.0 2776.0 4399835
2296.0 2738.0 7245436
2299.0 2700.0 4838182
2300.0 2660.0 4639425
2337.0 2703.0 3607566
2336.0 2663.0 1981725
2338.0 2620.0 5840980
2290.0 2585.0 4469123
2106.0 3087.0 1263181
2075.0 3104.0 3227709
2108.0 3123.0 5292886
2107.0 3165.0 635381
2105.0 3201.0 2003458
2107.0 3242.0 7226809
2106.0 3277.0 2249359
2103.0 3318.0 5227534
2106.0 3359.0 5903650
2106.0 3416.0 5368184
2185.0 3356.0 1900301
2185.0 3319.0 2469998
2184.0 3277.0 2338786
2181.0 3242.0 5767209
2184.0 3201.0 5736260
2184.0 3163.0 4866200
2183.0 3122.0 6858343
2182.0 3081.0 7288316
2222.0 3222.0 3331792
2279.0 3184.0 3750897
2328.0 3077.0 3526667
2298.0 3084.0 3927063
2299.0 3125.0 404540
2298.0 3165.0 4011470
2296.0 3205.0 7225184
2299.0 3239.0 565276
2295.0 3280.0 2493326
2300.0 3324.0 2417928
2299.0 3355.0 2678151
2339.0 3260.0 1572236
2327.0 3416.0 4741941
2062.0 3604.0 5827441
2106.0 3606.0 4079098
2167.0 3618.0 1440669
2106.0 3643.0 2514872
2104.0 3684.0 1672886
2105.0 3723.0 456710
2105.0 3764.0 6508738
2103.0 3801.0 3749489
2106.0 3841.0 6934596
2106.0 3884.0 2751010
2166.0 3850.0 7302517
2096.0 71.0 2017449
2097.0 227.0 1353217
2058.0 86.0 7158982
2061.0 131.0 3796626
2060.0 170.0 5852706
2058.0 209.0 3198967
2058.0 248.0 3775775
2057.0 285.0 1001185
2058.0 328.0 3432066
1991.0 187.0 4079116
1979.0 325.0 5588444
1937.0 53.0 4055830
1942.0 90.0 6376813
1944.0 130.0 1855768
1943.0 167.0 3294980
1942.0 209.0 6037073
1941.0 246.0 917072
1941.0 285.0 1229234
1939.0 325.0 7246311
2037.0 410.0 3362798
2010.0 488.0 2877499
2062.0 538.0 2671084
2060.0 574.0 2455011
2059.0 615.0 4900306
2059.0 651.0 1052
2060.0 691.0 3088484
2059.0 732.0 5369624
2059.0 772.0 3290396
2050.0 812.0 4762807
1989.0 733.0 5092023
1990.0 576.0 131763
1941.0 536.0 2299905
1942.0 572.0 4495301
1944.0 614.0 3816144
1943.0 654.0 4630720
1943.0 693.0 5861050
1943.0 729.0 867375
1941.0 771.0 4304836
1951.0 896.0 5805871
2058.0 981.0 2864925
2070.0 1031.0 28488
2069.0 1069.0 823208
2067.0 1107.0 5005021
2068.0 1142.0 606011
2068.0 1182.0 7313744
2068.0 1223.0 3478286
2068.0 1259.0 1240752
2074.0 1299.0 2306456
2107.0 1327.0 2026746
2067.0 1365.0 6560526
2028.0 1318.0 462808
2038.0 1281.0 4624791
2021.0 1243.0 1853486
2000.0 1205.0 6271504
1951.0 1257.0 4016856
1950.0 1223.0 3740681
1951.0 1183.0 6834366
1951.0 1146.0 2853924
1950.0 1111.0 1799313
1950.0 1068.0 5355466
1954.0 1028.0 3678907
1954.0 972.0 2300462
1951.0 893.0 7177057
1971.0 1087.0 2414252
2009.0 1032.0 5402891
1893.0 1348.0 3585337
1912.0 1409.0 606948
1941.0 1427.0 206246
2009.0 1433.0 6147396
2000.0 1387.0 4311719
2028.0 1526.0 7006460
2029.0 1561.0 2192050
2029.0 1599.0 2680071
2029.0 1638.0 1669122
2029.0 1680.0 450515
2028.0 1719.0 298934
2029.0 1755.0 4920113
2028.0 1795.0 1517490
2028.0 1833.0 6659495
2029.0 1872.0 205788
2076.0 1813.0 7269985
2097.0 1853.0 379756
2048.0 1950.0 5846092
2018.0 1930.0 6485149
1971.0 1521.0 3643069
1971.0 1560.0 17735
1971.0 1600.0 5521871
1970.0 1643.0 498459
1969.0 1677.0 7170236
1971.0 1717.0 2507155
1970.0 1754.0 1493698
1969.0 1795.0 6187137
1967.0 1351.0 4323855
1969.0 1871.0 1675174
2065.0 2026.0 150835
2107.0 2095.0 6545414
2085.0 2141.0 3959687
2095.0 2229.0 4201410
2112.0 2317.0 1669059
2009.0 2024.0 6779269
2030.0 2084.0 7093644
2029.0 2123.0 475614
2029.0 2162.0 6696621
2028.0 2202.0 5147365
2028.0 2239.0 880088
2029.0 2275.0 4265839
2027.0 2317.0 64583
2027.0 2354.0 1155688
2027.0 2393.0 6561324
2028.0 2433.0 871187
1971.0 2082.0 37546
1970.0 2120.0 1555649
1970.0 2161.0 5850860
1972.0 2201.0 5718027
1970.0 2239.0 41056
1969.0 2278.0 2903439
1971.0 2317.0 7058114
1970.0 2355.0 6041344
1970.0 2392.0 883879
1969.0 2433.0 778998
1970.0 2469.0 1841308
1949.0 2553.0 2506314
2009.0 2576.0 2001730
2009.0 2622.0 1422227
2029.0 2665.0 3114889
1982.0 2663.0 1098837
1986.0 2707.0 6084583
1988.0 2743.0 3361220
1988.0 2777.0 26354
1989.0 2818.0 5357414
1988.0 2857.0 5226408
1988.0 2893.0 4628342
1988.0 2934.0 6001241
1912.0 2664.0 4501059
1912.0 2703.0 672922
1911.0 2738.0 5331423
1911.0 2779.0 5247907
1913.0 2817.0 3350693
1911.0 2858.0 3221897
1912.0 2895.0 7268626
1910.0 2932.0 5301698
2026.0 2992.0 7216063
1929.0 3049.0 4277922
1990.0 3088.0 963063
1990.0 3125.0 3245251
1989.0 3165.0 6748465
1988.0 3203.0 2833948
1990.0 3244.0 3045266
1986.0 3280.0 5328349
1989.0 3317.0 3329640
1989.0 3357.0 1134592
1989.0 3419.0 1618422
2036.0 3318.0 421188
2045.0 3389.0 6279644
1911.0 3416.0 4504221
1909.0 3357.0 1011752
1911.0 3318.0 3742868
1911.0 3278.0 534829
1911.0 3240.0 4155320
1911.0 3201.0 4641832
1910.0 3165.0 1253702
1912.0 3124.0 1257095
1912.0 3086.0 4087139
1930.0 3049.0 193493
2028.0 2992.0 228640
1988.0 3606.0 596728
1988.0 3646.0 2812694
1989.0 3685.0 3191748
1986.0 3724.0 3667089
1986.0 3766.0 6806503
1987.0 3803.0 3093704
1986.0 3841.0 2715731
1984.0 3880.0 176641
2015.0 3802.0 3787170
2036.0 3841.0 2262869
2015.0 3881.0 6235396
1949.0 3605.0 2487509
1949.0 3647.0 4158419
1949.0 3811.0 4015642
1949.0 3888.0 7261120
1890.0 3540.0 3328925
1911.0 3570.0 2507205
1911.0 3608.0 673043
1910.0 3649.0 2394139
1910.0 3686.0 2265515
1911.0 3726.0 2166044
1911.0 3760.0 6071379
1911.0 3802.0 3911527
1911.0 3841.0 7330202
1911.0 3880.0 4115026
1893.0 3820.0 5733433
1870.0 3782.0 298276
1884.0 90.0 4399081
1886.0 245.0 5535635
1896.0 365.0 7214242
1846.0 91.0 5149551
1848.0 132.0 2880708
1846.0 168.0 7174658
1848.0 211.0 1864710
1848.0 249.0 7094115
1848.0 286.0 2002880
1850.0 327.0 6715669
1789.0 73.0 4283731
1781.0 128.0 6316802
1809.0 182.0 3470700
1819.0 214.0 5226799
1770.0 360.0 680725
1761.0 449.0 242296
1808.0 453.0 778643
1837.0 438.0 4813013
1903.0 516.0 4723476
1857.0 540.0 5273373
1855.0 576.0 2361992
1855.0 615.0 6289773
1854.0 652.0 3747625
1886.0 697.0 1587893
1859.0 694.0 3675740
1856.0 734.0 588564
1825.0 731.0 5452817
1856.0 770.0 6049423
1913.0 770.0 5130980
1894.0 829.0 1850463
1845.0 826.0 2333592
1847.0 904.0 2277453
1863.0 981.0 3764549
1866.0 1020.0 4798229
1866.0 1055.0 6492942
1866.0 1099.0 245843
1865.0 1137.0 1147976
1868.0 1174.0 6757800
1866.0 1215.0 3760863
1866.0 1251.0 3723723
1866.0 1292.0 5678891
1863.0 1329.0 3270850
1864.0 1369.0 3596067
1862.0 1402.0 1412539
1836.0 1214.0 5608590
1749.0 979.0 1577759
1749.0 1018.0 318157
1750.0 1059.0 5400081
1749.0 1098.0 318589
1749.0 1138.0 6928310
1748.0 1175.0 2105277
1748.0 1213.0 2462111
1750.0 1250.0 7250196
1749.0 1293.0 3279905
1717.0 1291.0 4676893
1749.0 1330.0 1194210
1750.0 1371.0 2006839
1751.0 1409.0 959684
1697.0 1389.0 3467388
1920.0 1563.0 1513522
1933.0 1642.0 3228364
1892.0 1636.0 2048690
1913.0 1787.0 4568280
1854.0 1523.0 3111395
1856.0 1562.0 5841838
1855.0 1600.0 5747769
1853.0 1641.0 2785790
1855.0 1678.0 6029894
1855.0 1717.0 5854452
1856.0 1756.0 3342220
1855.0 1794.0 3482072
1852.0 1834.0 211018
1853.0 1952.0 5541271
1930.0 2024.0 2495303
1929.0 2236.0 2093607
1942.0 2277.0 15706
1921.0 2314.0 4636978
1923.0 2382.0 1623299
1932.0 2430.0 2911767
1884.0 2451.0 4686195
1853.0 2023.0 1793022
1855.0 2083.0 6376222
1856.0 2123.0 1335795
1854.0 2160.0 4545962
1854.0 2201.0 1429452
1855.0 2236.0 3852872
1853.0 2277.0 3208120
1856.0 2317.0 6743955
1855.0 2356.0 701519
1855.0 2394.0 4930296
1852.0 2431.0 3754263
1911.0 2528.0 6801360
1871.0 2526.0 1126253
1854.0 2645.0 1229999
1851.0 2990.0 7110863
1832.0 3298.0 2037160
1832.0 3339.0 4937032
1692.0 32.0 5716112
1732.0 91.0 4229201
1733.0 127.0 2846666
1710.0 233.0 1822745
1735.0 170.0 3879693
1731.0 209.0 1868953
1731.0 251.0 7315026
1731.0 288.0 6528490
1731.0 325.0 5109797
1681.0 213.0 3176821
1682.0 249.0 4162702
1645.0 91.0 1856360
1645.0 129.0 1601452
1643.0 167.0 4975656
1642.0 208.0 249707
1643.0 249.0 534551
1643.0 285.0 574672
1641.0 322.0 4409540
1732.0 449.0 2901251
1652.0 450.0 1323415
1736.0 537.0 4075546
1741.0 575.0 3734494
1741.0 614.0 234302
1741.0 658.0 7309536
1710.0 655.0 5591748
1740.0 692.0 2161876
1741.0 730.0 7145430
1742.0 766.0 2940411
1651.0 534.0 5210277
1652.0 575.0 4403294
1652.0 614.0 3216746
1651.0 653.0 2900021
1653.0 692.0 5802167
1654.0 730.0 6247777
1651.0 770.0 1962850
1650.0 856.0 2999596
1785.0 2005.0 5301000
1788.0 2045.0 1735067
1787.0 2085.0 2726105
1788.0 2120.0 110577
1788.0 2160.0 892413
1786.0 2200.0 2328045
1786.0 2238.0 5870295
1787.0 2274.0 6017162
1787.0 2316.0 6026411
1758.0 2317.0 7070711
1788.0 2355.0 5704440
1757.0 2374.0 3764742
1789.0 2368.0 6353200
1785.0 2431.0 5490602
1777.0 2471.0 2411080
1727.0 1947.0 287760
1730.0 1986.0 1736554
1706.0 2082.0 5487680
1709.0 2429.0 3707548
1668.0 2003.0 2191235
1668.0 2044.0 238167
1668.0 2083.0 2598695
1669.0 2121.0 4659404
1669.0 2161.0 1192501
1670.0 2200.0 1653213
1670.0 2237.0 6980356
1669.0 2274.0 5161140
1669.0 2317.0 1831681
1669.0 2356.0 3950540
1669.0 2391.0 6260728
1666.0 2430.0 310628
1797.0 2529.0 7278812
1745.0 2568.0 6557583
1680.0 2515.0 103464
1630.0 2530.0 7134332
1796.0 2665.0 5307144
1795.0 2703.0 1685301
1798.0 2742.0 5637983
1797.0 2778.0 4417738
1796.0 2816.0 1843320
1797.0 2857.0 690633
1795.0 2892.0 5905272
1797.0 2934.0 6200597
1736.0 2719.0 235525
1739.0 2779.0 2151422
1728.0 2859.0 3586706
1729.0 2913.0 6314345
1736.0 2963.0 1362273
1697.0 2664.0 2754703
1699.0 2702.0 2709849
1701.0 2742.0 5291167
1699.0 2778.0 6871048
1699.0 2816.0 685898
1699.0 2856.0 185717
1698.0 2894.0 2835222
1695.0 2937.0 3294466
1795.0 3088.0 797132
1795.0 3129.0 3689477
1797.0 3163.0 551095
1797.0 3203.0 3112452
1796.0 3243.0 5551015
1795.0 3277.0 1919581
1795.0 3320.0 7058739
1796.0 3358.0 4858587
1717.0 3020.0 5975245
1739.0 3184.0 1981308
1696.0 3041.0 5423124
1699.0 3069.0 5396598
1700.0 3109.0 3229512
1700.0 3143.0 4025158
1699.0 3183.0 6450852
1701.0 3223.0 3461999
1699.0 3260.0 1870445
1678.0 3280.0 2561325
1700.0 3302.0 2419654
1701.0 3339.0 1968325
1698.0 3379.0 4595026
1697.0 3418.0 6237037
1794.0 3571.0 4299734
1795.0 3609.0 1123342
1796.0 3647.0 4310168
1795.0 3686.0 4574712
1795.0 3726.0 5915136
1795.0 3764.0 4527651
1794.0 3802.0 1139056
1795.0 3840.0 108368
1796.0 3881.0 2918680
1697.0 3568.0 2393141
1698.0 3605.0 5303659
1698.0 3649.0 6307167
1698.0 3685.0 5815012
1699.0 3723.0 1478535
1696.0 3765.0 6348812
1699.0 3798.0 5221080
1697.0 3847.0 846388
1695.0 3877.0 6675314
1705.0 3918.0 1302639
1443.0 88.0 4128756
1442.0 127.0 5031273
1440.0 167.0 811483
1441.0 204.0 6113667
1442.0 242.0 2431136
1442.0 282.0 6369569
1440.0 321.0 5129384
1482.0 302.0 2858871
1480.0 262.0 489445
1481.0 223.0 6126229
1477.0 68.0 3860433
1529.0 86.0 4642499
1528.0 126.0 4908610
1531.0 167.0 6649287
1526.0 204.0 1330787
1530.0 245.0 6524979
1528.0 283.0 4666885
1530.0 323.0 2021521
1548.0 366.0 5997021
1564.0 331.0 4289054
1415.0 458.0 5160988
1402.0 574.0 1108422
1412.0 610.0 3996499
1453.0 455.0 898235
1452.0 492.0 4643695
1452.0 534.0 4847213
1453.0 572.0 7232004
1451.0 612.0 6726816
1451.0 652.0 6243007
1454.0 687.0 6152130
1453.0 731.0 2815435
1451.0 765.0 3428911
1452.0 805.0 3386528
1452.0 844.0 1016640
1452.0 880.0 6474895
1542.0 891.0 1896258
1537.0 809.0 2001584
1540.0 767.0 5230019
1542.0 727.0 5011784
1615.0 765.0 2793543
1576.0 708.0 5548676
1539.0 689.0 2876468
1533.0 647.0 7292565
1540.0 610.0 2636427
1539.0 573.0 5082375
1538.0 534.0 1524778
1518.0 455.0 846090
1412.0 1054.0 4678047
1432.0 1073.0 6052805
1452.0 1056.0 1690381
1449.0 1093.0 4532829
1450.0 1132.0 5071056
1449.0 1172.0 1032203
1454.0 1210.0 5318737
1452.0 1252.0 1132051
1452.0 1289.0 6660672
1451.0 1324.0 572287
1450.0 1366.0 2271638
1452.0 1406.0 3056151
1509.0 1206.0 2480863
1529.0 1291.0 5001384
1570.0 1055.0 6813570
1570.0 1092.0 1062869
1567.0 1131.0 2352518
1567.0 1171.0 1632594
1566.0 1209.0 1776832
1567.0 1251.0 7119767
1566.0 1290.0 301490
1567.0 1322.0 5827243
1565.0 1370.0 2529582
1567.0 1405.0 4557345
1586.0 1232.0 2360169
1605.0 1190.0 6600884
1663.0 1171.0 4844638
1660.0 1089.0 2644071
1663.0 1056.0 2791914
1598.0 1995.0 1237978
1490.0 2080.0 6930300
1490.0 2121.0 2148123
1487.0 2157.0 5981138
1487.0 2198.0 2661703
1489.0 2235.0 6796094
1487.0 2274.0 5980611
1489.0 2314.0 5426573
1487.0 2351.0 5991560
1492.0 2393.0 672589
1488.0 2429.0 2049643
1517.0 2196.0 4610000
1557.0 2215.0 3560411
1556.0 2078.0 3797771
1602.0 2079.0 4205227
1604.0 2118.0 4498987
1604.0 2074.0 2175443
1605.0 2199.0 2829003
1601.0 2237.0 4533289
1604.0 2272.0 4294147
1603.0 2316.0 6583646
1604.0 2355.0 3806444
1604.0 2391.0 6500719
1603.0 2427.0 3861168
1477.0 2491.0 7219341
1458.0 2546.0 5237406
1468.0 2613.0 2996016
1494.0 2552.0 6587573
1548.0 2553.0 5053246
1594.0 2544.0 6155114
1605.0 2494.0 1689271
1488.0 2659.0 4537554
1486.0 2703.0 2099797
1488.0 2735.0 5784463
1488.0 2776.0 5928836
1457.0 2775.0 212872
1489.0 2813.0 1985539
1488.0 2855.0 3808564
1457.0 2890.0 134621
1488.0 2893.0 3942672
1487.0 2932.0 1423974
1544.0 2775.0 3973533
1547.0 2699.0 2831009
1535.0 2668.0 6223669
1583.0 2660.0 209183
1585.0 2701.0 3854003
1585.0 2738.0 6821907
1584.0 2777.0 1781041
1586.0 2815.0 2667917
1581.0 2852.0 2591086
1586.0 2894.0 978740
1583.0 2933.0 6041396
1485.0 3010.0 6895861
1439.0 3046.0 3897134
1448.0 3124.0 1761119
1488.0 3085.0 3860327
1493.0 3124.0 146029
1489.0 3162.0 6116929
1485.0 3201.0 7126156
1492.0 3244.0 6344321
1487.0 3279.0 811532
1490.0 3316.0 6059335
1488.0 3357.0 5362707
1583.0 3065.0 6084428
1624.0 3107.0 289822
1588.0 3102.0 1996047
1585.0 3146.0 2036232
1583.0 3182.0 3901013
1601.0 3205.0 5564106
1584.0 3223.0 6257956
1584.0 3258.0 1445270
1584.0 3300.0 5009284
1586.0 3341.0 5602513
1582.0 3373.0 862413
1584.0 3417.0 6849262
1613.0 3420.0 2127445
1632.0 3435.0 4475762
1640.0 3473.0 3639852
1671.0 3463.0 5992483
1499.0 3493.0 2363282
1487.0 3528.0 3539406
1488.0 3570.0 5144713
1486.0 3596.0 1635494
1487.0 3643.0 5712484
1487.0 3685.0 643041
1487.0 3722.0 6929711
1488.0 3763.0 826397
1487.0 3800.0 4262764
1488.0 3841.0 5055511
1488.0 3878.0 786658
1547.0 3703.0 6497014
1543.0 3742.0 7124716
1582.0 3572.0 2065716
1583.0 3604.0 416736
1584.0 3648.0 390838
1584.0 3686.0 4003915
1580.0 3722.0 5726629
1584.0 3764.0 2601177
1583.0 3801.0 1801912
1584.0 3842.0 6218063
1586.0 3878.0 3210118
1624.0 3861.0 3062117
1633.0 3901.0 3932198
1661.0 3889.0 5769903
1622.0 3648.0 1486584
1631.0 3607.0 992474
1651.0 3568.0 629871
1187.0 114.0 3591049
1225.0 83.0 5242094
1253.0 91.0 5058018
1283.0 86.0 4716112
1251.0 128.0 3357799
1249.0 163.0 2939604
1252.0 206.0 470796
1230.0 225.0 6121578
1250.0 245.0 5276008
1287.0 243.0 5745969
1254.0 283.0 7092272
1254.0 324.0 4562973
1292.0 324.0 5783259
1319.0 48.0 1438772
1329.0 83.0 5263337
1327.0 126.0 6794536
1329.0 166.0 1809136
1329.0 204.0 6226253
1330.0 244.0 925769
1329.0 284.0 1570219
1329.0 321.0 1475017
1396.0 68.0 6896707
1417.0 128.0 6236308
1415.0 167.0 533964
1405.0 211.0 3281607
1366.0 265.0 6122612
1376.0 333.0 5319870
1415.0 327.0 178623
1260.0 533.0 2725662
1260.0 571.0 2371593
1258.0 610.0 7047232
1259.0 648.0 4223983
1257.0 689.0 3008255
1259.0 727.0 483921
1259.0 765.0 6770289
1258.0 804.0 1111139
1258.0 864.0 172756
1297.0 611.0 5628472
1298.0 574.0 5566331
1298.0 531.0 1233102
1339.0 453.0 3446909
1337.0 493.0 6814729
1334.0 533.0 3484228
1335.0 573.0 3163800
1336.0 612.0 4771055
1336.0 650.0 3145921
1336.0 689.0 1859377
1337.0 733.0 1135605
1336.0 768.0 3480160
1335.0 803.0 1599183
1335.0 844.0 420407
1333.0 885.0 3762144
1384.0 806.0 1340040
1279.0 990.0 6119065
1279.0 1062.0 1950335
1236.0 1135.0 3387913
1239.0 1174.0 2114015
1238.0 1210.0 6943232
1239.0 1250.0 1035547
1239.0 1288.0 3099094
1239.0 1329.0 3506864
1238.0 1364.0 6734227
1238.0 1408.0 6555225
1208.0 1406.0 5548589
1238.0 1444.0 2851421
1277.0 1193.0 5443456
1315.0 1152.0 4808182
1296.0 1319.0 1455167
1357.0 1068.0 4128737
1356.0 1130.0 665690
1356.0 1172.0 2876272
1401.0 976.0 2781398
1395.0 1192.0 5403319
1359.0 1214.0 2076229
1375.0 1231.0 469423
1357.0 1251.0 4276195
1354.0 1288.0 1415654
1353.0 1326.0 1773627
1357.0 1368.0 2570047
1356.0 1406.0 4293015
1051.0 88.0 6402243
1047.0 125.0 5615204
1049.0 170.0 288246
1044.0 206.0 6912348
1046.0 246.0 2581556
1048.0 280.0 1428845
1046.0 322.0 2139253
1099.0 334.0 4004972
1106.0 127.0 5933752
1096.0 95.0 2750236
1136.0 86.0 625900
1134.0 128.0 3600490
1132.0 162.0 4142571
1134.0 204.0 5227828
1135.0 247.0 5093033
1135.0 280.0 62705
1136.0 322.0 5567751
1153.0 387.0 6028031
1182.0 339.0 5853782
1232.0 395.0 202208
1036.0 456.0 6709907
1090.0 425.0 4766294
1162.0 465.0 978776
1233.0 507.0 3031553
1047.0 534.0 3852586
1049.0 572.0 3040445
1045.0 608.0 1402328
1046.0 650.0 4330482
1046.0 689.0 6419964
1046.0 730.0 3866287
1044.0 763.0 3973222
1048.0 805.0 6205191
1047.0 847.0 2717825
1047.0 887.0 6087235
1105.0 805.0 6781022
1092.0 764.0 6169541
1074.0 727.0 6821511
1087.0 613.0 418094
1086.0 533.0 5254042
1128.0 633.0 6999458
1142.0 529.0 3473434
1144.0 573.0 1126463
1142.0 610.0 4706152
1143.0 650.0 5351725
1146.0 690.0 2016050
1142.0 729.0 6699550
1141.0 768.0 2603670
1142.0 804.0 232232
1185.0 592.0 3182977
1221.0 648.0 7082608
1218.0 861.0 1379086
1183.0 863.0 6272110
1094.0 900.0 6105617
1085.0 928.0 2988903
1029.0 942.0 2014365
1027.0 998.0 2272183
1144.0 1009.0 1903344
1174.0 996.0 2894187
1202.0 1000.0 2098924
1174.0 942.0 6322426
998.0 1066.0 5556825
998.0 1104.0 3273214
995.0 1145.0 1219742
999.0 1181.0 6316363
997.0 1222.0 5624443
996.0 1261.0 7133407
997.0 1298.0 5758703
998.0 1339.0 3296898
996.0 1393.0 7225568
1055.0 1431.0 4338710
1093.0 1452.0 996834
1095.0 1424.0 4943521
1055.0 1400.0 2808630
1054.0 1363.0 3622131
1083.0 1384.0 1646144
1094.0 1355.0 5547742
1053.0 1325.0 558191
1053.0 1284.0 3224432
1056.0 1249.0 855683
1058.0 1210.0 1230823
1057.0 1172.0 5872111
1058.0 1136.0 1004091
1059.0 1092.0 5358885
1048.0 1056.0 228530
1078.0 1154.0 4295259
1102.0 1171.0 2488222
1171.0 1055.0 6043448
1173.0 1093.0 6636567
1172.0 1135.0 3058982
1137.0 1134.0 5709874
1174.0 1179.0 5453476
1172.0 1212.0 6418202
1170.0 1251.0 7082466
1152.0 1270.0 2673889
1172.0 1292.0 2680007
1172.0 1330.0 5798930
1171.0 1368.0 4834788
1170.0 1408.0 5429489
784.0 30.0 4598946
806.0 107.0 5955525
842.0 85.0 6053561
844.0 130.0 3266244
843.0 166.0 160520
844.0 206.0 7005734
843.0 245.0 6357630
845.0 282.0 6186445
843.0 322.0 4995623
843.0 361.0 4029394
882.0 166.0 4065700
884.0 88.0 915804
930.0 85.0 2504926
933.0 127.0 1664606
932.0 163.0 6070412
931.0 205.0 2179543
931.0 246.0 3250779
904.0 264.0 6747840
929.0 286.0 6972650
933.0 321.0 7218346
930.0 370.0 3471657
991.0 165.0 6695438
826.0 440.0 2436417
965.0 459.0 6397241
581.0 79.0 3246853
642.0 90.0 1142510
642.0 128.0 1136807
637.0 164.0 346113
642.0 208.0 99040
641.0 248.0 5906495
641.0 285.0 2907583
642.0 323.0 531605
640.0 361.0 5064055
671.0 360.0 2238647
681.0 164.0 3198628
680.0 84.0 4209737
710.0 437.0 4078000
730.0 359.0 1313726
732.0 321.0 3834417
767.0 323.0 1906417
726.0 287.0 6370723
727.0 244.0 7073170
726.0 117.0 5585912
729.0 166.0 4647983
729.0 130.0 3470649
728.0 86.0 6507132
805.0 594.0 2574380
782.0 653.0 3823678
842.0 631.0 3670336
855.0 706.0 1136960
872.0 799.0 221872
845.0 826.0 5930331
843.0 864.0 3388953
890.0 848.0 302795
889.0 883.0 6022440
950.0 919.0 3011693
932.0 883.0 3825067
929.0 846.0 7047774
930.0 804.0 5765359
925.0 765.0 2846669
933.0 726.0 2890361
928.0 689.0 1120267
958.0 690.0 1601175
932.0 651.0 3588981
929.0 612.0 5535244
931.0 570.0 7288561
929.0 535.0 3596103
1001.0 514.0 7142580
573.0 325.0 3299824
611.0 474.0 248921
610.0 503.0 6556866
601.0 575.0 7210718
654.0 571.0 3946116
640.0 648.0 1465985
642.0 688.0 3598920
638.0 728.0 1844131
640.0 766.0 4245823
641.0 805.0 889046
640.0 842.0 1112341
641.0 883.0 4687911
689.0 890.0 7096415
689.0 843.0 1395922
688.0 804.0 2296252
729.0 863.0 3539431
727.0 628.0 4474129
896.0 1027.0 3023121
881.0 971.0 5879104
823.0 961.0 5499831
746.0 958.0 1245485
602.0 953.0 5803818
599.0 1009.0 4276488
828.0 1065.0 2387631
803.0 1085.0 6101166
824.0 1104.0 2677301
825.0 1144.0 3017111
823.0 1181.0 4632608
823.0 1222.0 4680499
825.0 1261.0 3347192
821.0 1298.0 1530426
822.0 1356.0 5629013
843.0 1399.0 5504845
882.0 1336.0 6976395
881.0 1296.0 6797917
882.0 1263.0 1661606
880.0 1215.0 192862
880.0 1178.0 1638463
882.0 1143.0 2035813
882.0 1102.0 576638
879.0 1065.0 6515775
750.0 1088.0 5844941
753.0 1216.0 2292414
754.0 1258.0 7254630
773.0 1307.0 6958738
747.0 1358.0 5151705
710.0 1301.0 1425275
709.0 1261.0 273038
707.0 1223.0 3579677
706.0 1181.0 1699083
707.0 1146.0 1067190
704.0 1102.0 954016
708.0 1067.0 2271252
638.0 1105.0 922508
639.0 1145.0 4968196
641.0 1179.0 4284261
637.0 1222.0 3964953
638.0 1256.0 6224554
639.0 1298.0 3883151
640.0 1337.0 2546165
640.0 1375.0 3185705
641.0 1415.0 92654
602.0 1394.0 837310
638.0 1455.0 5168062
1796.0 1505.0 6055233
1756.0 1494.0 2846617
1717.0 1484.0 2335199
1679.0 1484.0 3713239
1631.0 1473.0 4086426
1533.0 1492.0 3164791
1051.0 1481.0 4087416
1002.0 1482.0 4078133
811.0 1481.0 424231
1758.0 1524.0 6434407
1719.0 1525.0 499142
1678.0 1524.0 415606
1640.0 1525.0 5359059
1601.0 1522.0 6440987
1563.0 1524.0 6474337
1523.0 1524.0 5624089
1485.0 1521.0 1906718
1448.0 1524.0 2094326
1408.0 1523.0 2882603
1370.0 1524.0 6056440
1332.0 1523.0 5903254
1292.0 1524.0 4186381
1252.0 1523.0 463488
1215.0 1523.0 4017739
1175.0 1522.0 6712132
1140.0 1523.0 5632182
1097.0 1524.0 6147399
1060.0 1522.0 888826
1022.0 1522.0 6528080
982.0 1521.0 2214103
947.0 1522.0 3666380
905.0 1521.0 6081322
865.0 1522.0 3337048
829.0 1522.0 7213804
790.0 1523.0 6887169
752.0 1520.0 4475793
713.0 1520.0 4199780
675.0 1521.0 6938188
634.0 1522.0 3373316
597.0 1521.0 5454136
557.0 1521.0 854187
1757.0 1647.0 5513384
1759.0 1687.0 2427600
1739.0 1773.0 5829324
1720.0 1598.0 3350265
1699.0 1744.0 5641426
1679.0 1696.0 5579983
1660.0 1559.0 2836422
1640.0 1658.0 223669
1622.0 1820.0 1332147
1606.0 1548.0 3394565
1563.0 1551.0 5785050
1574.0 1596.0 6004185
1574.0 1763.0 5454932
1548.0 1832.0 3647706
1488.0 1562.0 2013555
1451.0 1561.0 3784301
1464.0 1610.0 6113285
1488.0 1715.0 5504329
1410.0 1627.0 3750180
1411.0 1693.0 6669229
1391.0 1776.0 1505628
1370.0 1594.0 5013894
1361.0 1626.0 3202527
1334.0 1754.0 4692179
1313.0 1783.0 1028641
1274.0 1560.0 2680019
1178.0 1813.0 6623673
1140.0 1814.0 1050072
1080.0 1693.0 5801975
1042.0 1706.0 6999082
1004.0 1636.0 3388794
927.0 1618.0 4364459
928.0 1667.0 1813154
869.0 1743.0 2911032
871.0 1842.0 7063544
830.0 1765.0 7115679
811.0 1642.0 948933
782.0 1630.0 661625
752.0 1611.0 1104379
713.0 1570.0 5473381
716.0 1842.0 7116486
676.0 1751.0 2199964
676.0 1821.0 1802673
628.0 1762.0 2748024
611.0 1716.0 4873336
634.0 1596.0 6907144
598.0 1607.0 733782
560.0 1646.0 1902213
560.0 1685.0 2622601
521.0 1784.0 4859882
1756.0 1869.0 1183459
1717.0 1869.0 4148483
1680.0 1870.0 7245049
1642.0 1871.0 4291412
1602.0 1871.0 4929781
1564.0 1871.0 7205788
1526.0 1870.0 6486049
1487.0 1871.0 5727106
1448.0 1873.0 2912527
1409.0 1871.0 6844992
1369.0 1872.0 2148949
1333.0 1872.0 232833
1294.0 1872.0 995850
1253.0 1873.0 2323116
1218.0 1872.0 5544303
1176.0 1870.0 716779
1139.0 1869.0 562787
1100.0 1872.0 1870521
1061.0 1871.0 4568069
1024.0 1869.0 2410336
983.0 1871.0 3168986
945.0 1870.0 1555108
904.0 1870.0 6747790
869.0 1870.0 6564862
829.0 1870.0 2590813
789.0 1872.0 5592374
751.0 1867.0 720928
713.0 1872.0 6534115
674.0 1868.0 3894317
637.0 1869.0 2107840
596.0 1871.0 1416358
557.0 1872.0 6030558
1642.0 1902.0 4570954
1563.0 1899.0 1955064
1456.0 1928.0 2026640
1256.0 1899.0 4434104
1234.0 1936.0 7329312
1144.0 1909.0 3957266
1102.0 1910.0 1574970
1060.0 1909.0 6286335
984.0 1898.0 896393
948.0 1909.0 6825580
883.0 1927.0 2510904
848.0 1907.0 6019354
769.0 1906.0 74280
716.0 1899.0 1248716
674.0 1908.0 2804663
599.0 1908.0 4394353
1475.0 1984.0 153031
1428.0 2007.0 4152705
1429.0 2044.0 5599065
1430.0 2082.0 6877472
1430.0 2122.0 1187384
1429.0 2160.0 820490
1429.0 2198.0 3387230
1430.0 2238.0 3366283
1429.0 2277.0 659962
1428.0 2314.0 2892790
1432.0 2369.0 837061
1428.0 2391.0 6617554
1429.0 2427.0 2230915
1425.0 2493.0 5243256
1380.0 2004.0 1093574
1410.0 2102.0 1279214
1380.0 2239.0 3676633
1409.0 2370.0 2264294
1352.0 2311.0 6281524
1351.0 2340.0 7099070
1351.0 2410.0 1730148
1313.0 2156.0 338823
1270.0 2334.0 2229203
1274.0 2490.0 5735802
1379.0 2550.0 2851590
1343.0 2547.0 1726128
1362.0 2602.0 2957764
1291.0 2527.0 6663630
1265.0 2560.0 2558044
1286.0 2635.0 1674642
1363.0 2662.0 4550830
1369.0 2701.0 4805099
1394.0 2722.0 6462288
1371.0 2740.0 6157599
1370.0 2782.0 737740
1370.0 2817.0 5080197
1369.0 2857.0 1947842
1409.0 2886.0 6899020
1369.0 2894.0 4032154
1369.0 2935.0 2717635
1273.0 2933.0 3857188
1272.0 2893.0 286368
1273.0 2852.0 5539918
1274.0 2814.0 6725580
1275.0 2780.0 3140409
1272.0 2737.0 3227618
1271.0 2701.0 4199471
1273.0 2664.0 6689341
1234.0 2963.0 3428987
1272.0 2961.0 6884083
1390.0 2982.0 2136018
1252.0 3025.0 4276859
1343.0 3049.0 5038657
1372.0 3087.0 2835901
1372.0 3128.0 1412008
1373.0 3166.0 2365982
1371.0 3201.0 598977
1372.0 3240.0 5462428
1369.0 3287.0 5338658
1369.0 3317.0 6635667
1374.0 3358.0 4135773
1328.0 3417.0 7243609
1294.0 3421.0 5383647
1271.0 3357.0 7019010
1276.0 3318.0 576288
1274.0 3278.0 6722429
1233.0 3280.0 2902394
1273.0 3239.0 4167030
1275.0 3199.0 6991972
1273.0 3164.0 5804690
1276.0 3126.0 69341
1275.0 3085.0 7175518
1224.0 3184.0 5631961
1194.0 3144.0 4171243
1320.0 3201.0 4996522
1322.0 3260.0 5069146
1392.0 3504.0 4899266
1423.0 3532.0 4374009
1399.0 3764.0 6281363
1408.0 3862.0 4917206
1439.0 3890.0 3487997
1370.0 3528.0 278639
1370.0 3569.0 5366347
1368.0 3612.0 1220509
1369.0 3646.0 3993198
1371.0 3683.0 1809990
1370.0 3723.0 1506076
1370.0 3765.0 1492924
1367.0 3801.0 4823407
1368.0 3840.0 318337
1367.0 3882.0 2601144
1331.0 3871.0 1681468
1332.0 3792.0 1475522
1312.0 3586.0 5786286
1274.0 3528.0 4137315
1272.0 3567.0 3540814
1272.0 3606.0 3152335
1272.0 3648.0 915284
1273.0 3683.0 133380
1272.0 3722.0 1801970
1273.0 3764.0 5444331
1274.0 3808.0 3157228
1274.0 3841.0 4002646
1274.0 3879.0 3640010
1234.0 2182.0 3721256
1248.0 2241.0 646881
1226.0 2276.0 3712847
1195.0 2006.0 5465907
1198.0 2043.0 1931025
1199.0 2079.0 7229601
1197.0 2119.0 6804244
1199.0 2162.0 4988504
1196.0 2200.0 1686121
1198.0 2238.0 4760571
1195.0 2278.0 6887463
1197.0 2317.0 950634
1198.0 2357.0 2623583
1196.0 2392.0 2209075
1197.0 2432.0 737417
1206.0 2489.0 1970587
1157.0 2003.0 3727397
1157.0 2042.0 4458812
1158.0 2081.0 5089440
1158.0 2118.0 2758839
1159.0 2162.0 4672335
1156.0 2200.0 5013306
1156.0 2240.0 68694
1156.0 2278.0 5392244
1159.0 2315.0 657394
1157.0 2351.0 6895036
1160.0 2393.0 5914040
1159.0 2431.0 2046547
1155.0 2472.0 5146106
1161.0 2509.0 3518500
1119.0 2470.0 3844852
1191.0 2576.0 7095918
1119.0 2573.0 1414956
1194.0 2740.0 4806812
1155.0 2661.0 3085640
1159.0 2700.0 6874126
1159.0 2738.0 4400849
1160.0 2776.0 4089315
1161.0 2815.0 3764472
1159.0 2854.0 2962577
1157.0 2892.0 6445157
1163.0 2929.0 1420633
1108.0 2815.0 6118741
1108.0 2912.0 53988
1082.0 2758.0 5115007
1062.0 2657.0 7333846
1063.0 2701.0 6357894
1064.0 2739.0 4844243
1062.0 2776.0 6871466
1063.0 2816.0 6809906
1061.0 2850.0 5085061
1060.0 2894.0 7168922
1059.0 2933.0 6926194
1176.0 3028.0 5854243
1158.0 3088.0 4905724
1160.0 3126.0 711250
1155.0 3166.0 5312789
1158.0 3201.0 5824530
1159.0 3242.0 4855117
1157.0 3282.0 90832
1158.0 3320.0 2101851
1158.0 3356.0 2852201
1109.0 3068.0 4063122
1121.0 3105.0 5946767
1097.0 3206.0 3195407
1064.0 3088.0 6261782
1062.0 3131.0 7075089
1064.0 3162.0 710610
1062.0 3203.0 6294063
1061.0 3241.0 2382812
1059.0 3280.0 4064350
1061.0 3320.0 5849557
1062.0 3357.0 4194033
1213.0 3625.0 5895941
1224.0 3667.0 3347602
1186.0 3743.0 984844
1204.0 3783.0 2222771
1157.0 3530.0 5816301
1158.0 3569.0 1161239
1159.0 3611.0 1241870
1160.0 3645.0 846434
1153.0 3686.0 579870
1158.0 3729.0 2456008
1158.0 3765.0 4681307
1156.0 3801.0 2818288
1157.0 3843.0 5848774
1157.0 3880.0 2470727
1118.0 3501.0 618855
1118.0 3794.0 5091522
1118.0 3870.0 4132033
1059.0 3529.0 189849
1061.0 3568.0 4532037
1063.0 3607.0 1280643
1062.0 3647.0 416259
1061.0 3682.0 1927665
1062.0 3730.0 2938415
1059.0 3763.0 2548799
1061.0 3801.0 3954743
1059.0 3842.0 2137256
1060.0 3880.0 5503013
954.0 1976.0 6339362
955.0 2023.0 3574478
1083.0 2026.0 2542062
1073.0 2061.0 1085321
1012.0 2100.0 575110
1072.0 2198.0 4691607
981.0 2279.0 6918875
1050.0 2507.0 5933142
964.0 2624.0 1867538
1005.0 2681.0 1200338
984.0 2719.0 1386734
1031.0 3009.0 3885935
1004.0 3059.0 3352433
970.0 3018.0 7187598
1003.0 3426.0 1221191
968.0 3425.0 3238496
928.0 2006.0 793412
928.0 2048.0 4103814
928.0 2081.0 4299076
927.0 2122.0 1622410
927.0 2159.0 1888721
928.0 2200.0 2916502
925.0 2241.0 2977433
927.0 2276.0 7294242
926.0 2317.0 4650115
928.0 2354.0 3824151
926.0 2391.0 6356762
929.0 2429.0 3435292
926.0 2469.0 1971779
924.0 2508.0 5021025
886.0 2003.0 4191661
889.0 2045.0 84375
888.0 2083.0 2718938
888.0 2120.0 5138052
889.0 2159.0 4203741
887.0 2201.0 6580807
886.0 2241.0 311874
890.0 2276.0 173982
886.0 2315.0 2243507
888.0 2353.0 3859689
888.0 2392.0 6537965
886.0 2430.0 5506763
887.0 2468.0 2636737
889.0 2509.0 1148753
910.0 2588.0 3539033
947.0 2662.0 4307298
869.0 2633.0 2529521
947.0 2659.0 5455221
946.0 2700.0 383781
946.0 2740.0 4436139
946.0 2777.0 4197808
947.0 2815.0 4789217
945.0 2856.0 534546
947.0 2894.0 1671737
944.0 2932.0 7218066
847.0 2929.0 3526307
848.0 2891.0 2794529
850.0 2854.0 677194
847.0 2813.0 413527
848.0 2775.0 570481
847.0 2736.0 3333448
849.0 2699.0 1707476
849.0 2665.0 3732528
863.0 2987.0 6571020
867.0 3019.0 4209880
944.0 3021.0 6612434
941.0 3088.0 3342528
944.0 3127.0 1527448
945.0 3160.0 1212467
945.0 3203.0 4503828
943.0 3242.0 169314
945.0 3275.0 46215
946.0 3321.0 2605962
945.0 3359.0 3681678
849.0 3087.0 168275
849.0 3125.0 6111947
850.0 3162.0 3878699
848.0 3202.0 5722652
850.0 3242.0 5749465
850.0 3283.0 3889464
853.0 3319.0 6182380
938.0 3441.0 5388758
910.0 3440.0 5083671
943.0 3530.0 4760939
947.0 3570.0 7054202
943.0 3609.0 1366189
946.0 3647.0 1112506
947.0 3683.0 6624203
947.0 3725.0 335900
947.0 3761.0 1266304
946.0 3803.0 3158710
946.0 3843.0 3611799
946.0 3883.0 2405123
904.0 3703.0 1216613
928.0 3742.0 604586
904.0 3793.0 4626628
895.0 3834.0 5345989
897.0 3859.0 3034973
867.0 3522.0 37412
848.0 3607.0 2230864
848.0 3647.0 42221
849.0 3683.0 267677
848.0 3727.0 665696
852.0 3757.0 7183823
850.0 3800.0 1240037
849.0 3841.0 1255017
850.0 3878.0 2540249
826.0 3821.0 50054
811.0 3858.0 316047
694.0 1955.0 791045
824.0 1976.0 5928040
804.0 2041.0 1138097
793.0 2081.0 3702102
762.0 2117.0 3206172
803.0 2142.0 519412
750.0 2159.0 1529541
773.0 2180.0 6213663
861.0 2487.0 5127309
831.0 2503.0 995290
842.0 2583.0 2298853
759.0 2718.0 6011827
791.0 2779.0 6006172
780.0 2967.0 6695728
829.0 3000.0 6307194
808.0 3237.0 6571522
819.0 3279.0 3379964
760.0 3319.0 1449653
780.0 3424.0 5850935
808.0 3444.0 5084719
785.0 3527.0 2945767
780.0 3572.0 6730682
748.0 3550.0 3773139
750.0 3708.0 2876174
655.0 1966.0 4887785
656.0 2011.0 3519048
655.0 2040.0 5185819
656.0 2082.0 1673946
658.0 2123.0 2680165
656.0 2160.0 971512
656.0 2198.0 1074776
658.0 2239.0 6905660
657.0 2274.0 1057796
657.0 2314.0 2974585
657.0 2356.0 2611705
657.0 2390.0 3788258
654.0 2430.0 7022997
655.0 2469.0 5594426
656.0 2509.0 4717243
599.0 2004.0 1198447
597.0 2042.0 1532685
598.0 2081.0 6621919
596.0 2122.0 6103058
598.0 2161.0 2983492
599.0 2196.0 1820969
600.0 2239.0 5968263
597.0 2278.0 7190082
597.0 2317.0 977449
598.0 2354.0 6308443
597.0 2393.0 4725087
598.0 2432.0 1948004
597.0 2516.0 2873490
598.0 2551.0 4213515
734.0 2663.0 5307548
735.0 2701.0 3979437
735.0 2741.0 94890
735.0 2780.0 2921173
735.0 2814.0 3466833
734.0 2851.0 851004
732.0 2896.0 4923112
734.0 2932.0 1668977
704.0 2834.0 4375477
680.0 2771.0 7034871
689.0 2693.0 4202340
697.0 2630.0 3465502
657.0 2881.0 5894961
639.0 2595.0 1660381
636.0 2631.0 6104288
639.0 2673.0 2750334
637.0 2708.0 3245102
635.0 2748.0 2205186
635.0 2787.0 6399680
635.0 2822.0 725635
636.0 2863.0 4457059
636.0 2902.0 5942429
636.0 2944.0 6260178
598.0 2592.0 118663
600.0 2629.0 2492575
596.0 2671.0 2245076
598.0 2707.0 4701250
596.0 2748.0 759675
596.0 2787.0 1217364
597.0 2825.0 703587
598.0 2863.0 2516159
595.0 2900.0 6172881
595.0 2943.0 6441045
733.0 3020.0 6217780
628.0 2998.0 3781223
547.0 3010.0 4632343
734.0 3087.0 6739823
733.0 3125.0 6538570
736.0 3164.0 557928
732.0 3202.0 3093162
732.0 3237.0 3189773
733.0 3277.0 7100556
734.0 3320.0 1731838
703.0 3459.0 7148250
692.0 3587.0 6524748
733.0 3607.0 923381
731.0 3644.0 2882231
733.0 3687.0 2197264
734.0 3723.0 63267
732.0 3767.0 1628090
732.0 3804.0 4432914
734.0 3844.0 5649906
733.0 3880.0 7310
674.0 3086.0 4788702
676.0 3122.0 3951984
674.0 3169.0 6669793
674.0 3199.0 1905871
672.0 3241.0 3919909
675.0 3279.0 2956339
677.0 3320.0 1106295
676.0 3359.0 3692277
675.0 3396.0 1528341
674.0 3436.0 3904293
666.0 3472.0 5695008
676.0 3531.0 5271392
675.0 3571.0 3966269
672.0 3609.0 4839025
674.0 3648.0 5232619
675.0 3684.0 2571322
675.0 3726.0 261160
674.0 3764.0 928469
674.0 3802.0 5691200
674.0 3844.0 5873857
676.0 3877.0 1682238
578.0 3144.0 2023851
620.0 3223.0 2514961
640.0 3271.0 5224037
607.0 3341.0 3079128
636.0 3439.0 5110201
597.0 3533.0 2668407
609.0 3940.0 319386
438.0 49.0 1506125
417.0 284.0 1678433
457.0 122.0 3407047
453.0 162.0 94013
454.0 202.0 6483401
456.0 242.0 4686774
457.0 282.0 4385201
457.0 320.0 2581668
456.0 361.0 3581212
484.0 185.0 7044530
524.0 122.0 3177361
525.0 166.0 4286401
526.0 204.0 6731389
523.0 245.0 6577097
524.0 283.0 1113554
526.0 323.0 2290065
524.0 361.0 756503
559.0 390.0 3845527
390.0 410.0 304961
363.0 47.0 807759
339.0 124.0 6006460
340.0 165.0 247981
340.0 204.0 1525684
342.0 243.0 1627673
341.0 282.0 6051127
341.0 323.0 926413
342.0 359.0 5415620
322.0 48.0 1938823
302.0 127.0 6736076
300.0 163.0 4807270
302.0 203.0 7135442
301.0 244.0 4154476
302.0 285.0 6971741
305.0 325.0 2907996
304.0 362.0 1701853
247.0 382.0 1327804
223.0 282.0 2210665
212.0 110.0 5225946
233.0 50.0 5153109
169.0 41.0 5738828
186.0 128.0 6229781
186.0 164.0 2587099
186.0 203.0 1313195
189.0 246.0 1652800
186.0 285.0 1101179
186.0 322.0 5466416
188.0 361.0 7013050
148.0 358.0 4383565
147.0 322.0 5490322
147.0 287.0 4688484
150.0 244.0 2263707
149.0 207.0 4763100
149.0 166.0 1647273
149.0 129.0 1307957
111.0 168.0 3522488
91.0 51.0 907411
54.0 48.0 2816661
33.0 126.0 6055380
33.0 167.0 1835907
35.0 118.0 2958094
35.0 248.0 1612314
33.0 360.0 4137855
31.0 364.0 868597
33.0 368.0 2705407
34.0 372.0 4304099
33.0 323.0 2610326
34.0 362.0 7309326
63.0 360.0 1045909
90.0 324.0 6929644
534.0 473.0 680461
529.0 610.0 2601502
494.0 504.0 261007
467.0 475.0 4074269
437.0 532.0 3351008
454.0 603.0 6101897
397.0 524.0 3655888
415.0 479.0 4765036
366.0 604.0 6810009
322.0 524.0 4087451
312.0 465.0 456223
272.0 522.0 1862350
273.0 571.0 3008061
262.0 436.0 2428574
229.0 452.0 1092909
224.0 484.0 4552010
119.0 573.0 4497064
117.0 526.0 408889
54.0 574.0 4439123
52.0 493.0 5074078
64.0 453.0 1929079
4.0 554.0 7055378
-47.0 512.0 3493566
4.0 602.0 3573212
34.0 632.0 2103088
12.0 666.0 1537709
550.0 691.0 1981438
525.0 650.0 6117499
525.0 689.0 6704377
521.0 729.0 4174885
523.0 766.0 1641454
523.0 805.0 6286273
521.0 841.0 3130928
527.0 884.0 1671067
455.0 1299.0 7032269
427.0 884.0 3651017
428.0 843.0 3771912
429.0 804.0 4654276
428.0 768.0 7088865
427.0 728.0 5818974
426.0 685.0 1272241
430.0 648.0 971565
370.0 725.0 4340288
387.0 781.0 2381886
367.0 823.0 6002378
311.0 883.0 2207676
311.0 839.0 3590859
313.0 801.0 3285026
313.0 767.0 6940579
309.0 724.0 499871
311.0 685.0 5738945
316.0 649.0 5000274
234.0 650.0 5528947
234.0 685.0 3404201
234.0 724.0 4396061
212.0 745.0 2970660
233.0 764.0 156078
233.0 802.0 4992053
235.0 843.0 4201556
236.0 885.0 3317071
158.0 670.0 690862
117.0 646.0 3567143
118.0 688.0 2756841
119.0 728.0 170877
118.0 767.0 4394927
120.0 805.0 2213775
119.0 842.0 880876
120.0 882.0 5420163
544.0 1038.0 2170052
522.0 951.0 1838325
477.0 1046.0 6470804
475.0 979.0 2860379
449.0 1050.0 384283
396.0 976.0 1459209
299.0 941.0 1098384
243.0 918.0 5100108
262.0 991.0 6219272
214.0 951.0 2266200
205.0 987.0 1729698
225.0 1026.0 4281802
166.0 979.0 4863211
127.0 1015.0 744987
106.0 972.0 7138007
89.0 1017.0 5966698
23.0 968.0 2408459
-61.0 801.0 1902306
-57.0 32.0 5084730
523.0 1103.0 5245889
524.0 1143.0 6786017
523.0 1183.0 6385469
522.0 1223.0 4216481
523.0 1256.0 1192838
523.0 1296.0 6077605
523.0 1337.0 5264387
523.0 1377.0 7303855
526.0 1415.0 3082347
523.0 1454.0 5846225
476.0 1084.0 2895930
476.0 1121.0 6069330
475.0 1162.0 4067538
475.0 1199.0 218819
477.0 1241.0 5180470
474.0 1277.0 645454
475.0 1316.0 6672133
478.0 1355.0 6751987
478.0 1394.0 5177536
475.0 1431.0 700089
475.0 1473.0 1615586
878.0 1506.0 1992351
474.0 1549.0 93303
475.0 1587.0 1809552
475.0 1625.0 6444864
478.0 1665.0 1696163
475.0 1706.0 532454
475.0 1743.0 3832032
476.0 1781.0 3877877
476.0 1830.0 4084483
476.0 1912.0 6707871
436.0 1087.0 3905536
439.0 1123.0 3574240
438.0 1160.0 2057142
434.0 1202.0 6035473
436.0 1238.0 4200814
435.0 1281.0 4025189
436.0 1320.0 4008311
435.0 1357.0 4839906
436.0 1396.0 5577315
436.0 1435.0 5693029
438.0 1473.0 6772556
435.0 1502.0 3295645
435.0 1552.0 7284820
434.0 1587.0 528269
436.0 1627.0 1417422
438.0 1665.0 7174341
437.0 1703.0 5873150
437.0 1744.0 4838039
438.0 1781.0 2386770
438.0 1822.0 1629905
437.0 1862.0 3047385
434.0 1900.0 3021234
391.0 1086.0 522199
377.0 1192.0 2580634
385.0 1230.0 3318671
367.0 1268.0 5727373
378.0 1551.0 2037661
358.0 1841.0 7169694
346.0 1899.0 6805772
317.0 1122.0 4353780
322.0 1162.0 3560157
322.0 1200.0 843528
319.0 1239.0 147886
321.0 1277.0 1142077
319.0 1317.0 418572
321.0 1353.0 932801
321.0 1394.0 4718284
320.0 1430.0 2931107
320.0 1471.0 943776
320.0 1550.0 2369627
321.0 1590.0 2369641
318.0 1625.0 7023906
319.0 1664.0 1712684
320.0 1704.0 4104419
321.0 1743.0 5845600
319.0 1784.0 2461030
321.0 1821.0 4406050
321.0 1859.0 3537650
319.0 1899.0 5167977
279.0 1061.0 4743837
283.0 1122.0 3909879
281.0 1161.0 1762649
281.0 1198.0 5047924
280.0 1240.0 4766633
282.0 1274.0 5646617
281.0 1318.0 1768910
281.0 1355.0 6209876
281.0 1395.0 4537293
281.0 1435.0 5953644
283.0 1473.0 7297181
281.0 1550.0 6421020
281.0 1584.0 1592195
282.0 1626.0 6811465
281.0 1667.0 5456137
281.0 1704.0 2053573
281.0 1743.0 1541205
284.0 1783.0 576502
283.0 1822.0 1583242
282.0 1860.0 2271732
282.0 1900.0 904157
216.0 1181.0 6184640
246.0 1373.0 773231
241.0 1433.0 6083241
230.0 1471.0 2139186
260.0 1514.0 1528793
236.0 1541.0 2354414
235.0 1838.0 6612604
205.0 1063.0 2397605
167.0 1100.0 2676012
170.0 1131.0 3955585
166.0 1084.0 678075
165.0 1202.0 5621205
167.0 1239.0 6461889
187.0 1260.0 2309660
168.0 1281.0 1523049
167.0 1315.0 3791153
165.0 1360.0 3261959
168.0 1391.0 5764915
167.0 1434.0 7104113
170.0 1471.0 4973897
167.0 1550.0 6658843
166.0 1587.0 5074780
165.0 1626.0 4035331
167.0 1665.0 3095048
167.0 1711.0 3797467
169.0 1743.0 4343471
167.0 1781.0 1001105
167.0 1820.0 4046954
168.0 1858.0 260272
167.0 1901.0 2045635
131.0 1055.0 1734254
129.0 1094.0 2504671
128.0 1132.0 2813611
125.0 1172.0 5181405
128.0 1213.0 1886482
126.0 1250.0 5551281
128.0 1290.0 4398896
123.0 1327.0 2005603
127.0 1367.0 4901377
128.0 1405.0 7243647
129.0 1443.0 2599834
127.0 1485.0 3902030
128.0 1522.0 4530964
131.0 1560.0 4216598
129.0 1599.0 7008354
130.0 1638.0 196612
130.0 1678.0 92640
127.0 1713.0 7088088
128.0 1753.0 2318230
91.0 1058.0 6652675
89.0 1097.0 5615485
87.0 1131.0 4510501
87.0 1169.0 3238038
86.0 1211.0 4394537
86.0 1248.0 1565294
90.0 1292.0 7813
87.0 1240.0 2726849
90.0 1369.0 5721138
86.0 1408.0 1452210
88.0 1445.0 3337722
90.0 1483.0 6717692
91.0 1520.0 2822518
88.0 1558.0 5875224
94.0 1606.0 5852210
91.0 1639.0 6667257
88.0 1676.0 6607947
89.0 1629.0 2561268
89.0 1758.0 3484964
53.0 1057.0 7076827
49.0 1094.0 1899668
49.0 1135.0 3007542
51.0 1175.0 4535528
51.0 1213.0 3899549
49.0 1251.0 676052
50.0 1288.0 1498962
50.0 1328.0 43708
51.0 1366.0 3308318
49.0 1404.0 1082120
51.0 1444.0 6031173
50.0 1483.0 5433263
51.0 1522.0 3101668
50.0 1558.0 6804757
53.0 1600.0 5945447
50.0 1637.0 541625
50.0 1673.0 1002055
47.0 1712.0 5750287
50.0 1754.0 4673937
49.0 1795.0 4282133
11.0 1055.0 5970229
16.0 1095.0 6462564
12.0 1134.0 5505419
13.0 1173.0 4424878
15.0 1210.0 1259570
12.0 1249.0 607885
11.0 1289.0 4942753
14.0 1328.0 2044715
13.0 1368.0 2542232
14.0 1406.0 291566
16.0 1441.0 5208228
13.0 1482.0 7214205
14.0 1521.0 4669967
10.0 1561.0 117845
12.0 1594.0 6348779
10.0 1637.0 1914185
15.0 1678.0 5377505
15.0 1714.0 3338092
11.0 1753.0 6526124
11.0 1793.0 4648812
21.0 1882.0 1989462
88.0 1327.0 5639207
88.0 1712.0 5026558
503.0 2002.0 489475
512.0 2040.0 2157689
542.0 2099.0 5278058
521.0 2140.0 2061507
534.0 2179.0 5572471
484.0 2098.0 2254567
434.0 2062.0 5028802
414.0 2020.0 4495822
394.0 2137.0 3619240
426.0 2198.0 7068731
463.0 2277.0 3233195
484.0 2313.0 4187393
415.0 2292.0 2261309
435.0 2373.0 3943303
436.0 2437.0 1179524
463.0 2438.0 5562632
494.0 2458.0 185570
484.0 2516.0 3412778
484.0 2552.0 5623822
483.0 2592.0 2713114
483.0 2630.0 5965439
484.0 2671.0 1713612
483.0 2707.0 3447042
484.0 2748.0 4832858
482.0 2784.0 3791708
482.0 2824.0 2087168
484.0 2863.0 6646923
485.0 2903.0 7296615
483.0 2939.0 5250070
521.0 2941.0 4225850
520.0 2899.0 6675513
523.0 2862.0 1828250
521.0 2823.0 4040787
521.0 2787.0 453037
524.0 2745.0 5244895
520.0 2709.0 2118269
521.0 2669.0 7071677
522.0 2631.0 5419860
520.0 2593.0 2842927
473.0 3011.0 862107
337.0 1933.0 3218807
359.0 1964.0 3568518
368.0 2001.0 1331519
368.0 2039.0 5264362
367.0 2079.0 6937670
367.0 2118.0 5205461
368.0 2160.0 6671784
367.0 2197.0 4155803
367.0 2238.0 67094
368.0 2275.0 3810096
368.0 2313.0 1909780
370.0 2351.0 1618709
369.0 2392.0 152635
365.0 2427.0 5724924
322.0 2080.0 2066319
319.0 2118.0 920827
318.0 2156.0 2795232
319.0 2199.0 1879127
318.0 2233.0 1471594
319.0 2274.0 3154966
319.0 2315.0 2514718
318.0 2352.0 4892120
319.0 2394.0 2998526
318.0 2428.0 4162417
290.0 1972.0 5548581
281.0 1999.0 529320
282.0 2042.0 3894771
280.0 2078.0 7246668
278.0 2115.0 4964710
280.0 2161.0 2399036
280.0 2195.0 5440497
279.0 2236.0 6494180
281.0 2278.0 4754194
280.0 2312.0 4469001
281.0 2355.0 3825478
280.0 2392.0 2380351
277.0 2427.0 799954
348.0 2503.0 6631239
385.0 2524.0 3985969
387.0 2554.0 2087320
365.0 2582.0 4077711
376.0 2622.0 6917637
394.0 2750.0 739743
395.0 2952.0 6791475
308.0 2526.0 6772240
279.0 2527.0 2154056
280.0 2563.0 6800283
321.0 2604.0 6247566
283.0 2600.0 3925692
316.0 2640.0 938268
282.0 2640.0 5097132
321.0 2680.0 4658561
280.0 2679.0 3893233
320.0 2717.0 3271393
282.0 2717.0 3418677
320.0 2757.0 4135908
279.0 2755.0 6821007
318.0 2798.0 4711820
283.0 2794.0 3070849
319.0 2833.0 3679942
281.0 2832.0 6562054
318.0 2870.0 471176
282.0 2869.0 6306807
321.0 2910.0 6655984
280.0 2910.0 5725418
320.0 2949.0 5467745
281.0 2949.0 3370259
557.0 3089.0 3592866
559.0 3125.0 5741467
556.0 3164.0 4590510
558.0 3201.0 1395862
558.0 3240.0 6127015
559.0 3279.0 5656201
558.0 3317.0 3328971
559.0 3356.0 5702907
561.0 3393.0 3704766
560.0 3437.0 3594608
490.0 3277.0 7282558
463.0 3085.0 5440611
462.0 3122.0 6021364
464.0 3163.0 5345813
463.0 3200.0 3432605
461.0 3235.0 6246178
464.0 3278.0 2339620
462.0 3316.0 4028494
464.0 3355.0 7136353
463.0 3395.0 2644182
464.0 3434.0 78282
558.0 3532.0 2969615
559.0 3568.0 5848880
559.0 3604.0 992020
562.0 3645.0 1429493
558.0 3685.0 6766117
561.0 3724.0 4543745
558.0 3766.0 2917645
559.0 3800.0 7222947
560.0 3839.0 632662
561.0 3879.0 1756493
520.0 3760.0 6736193
509.0 3800.0 4735876
511.0 3840.0 514469
509.0 3879.0 6891896
460.0 3489.0 6483790
443.0 3519.0 4539502
452.0 3565.0 498033
464.0 3606.0 1037700
463.0 3644.0 4522081
461.0 3685.0 2166839
462.0 3721.0 47455
463.0 3761.0 2010075
462.0 3801.0 6934451
462.0 3840.0 6506481
462.0 3877.0 2131142
444.0 3036.0 7263869
357.0 3037.0 2147790
394.0 3260.0 4164534
397.0 3339.0 5241273
396.0 3418.0 3165745
384.0 3512.0 4028959
388.0 3548.0 6514362
374.0 3609.0 2344711
403.0 3646.0 2642287
424.0 3687.0 5724199
406.0 3743.0 6250125
405.0 3906.0 7040893
442.0 3919.0 2281148
344.0 3087.0 3177706
349.0 3124.0 2458340
346.0 3162.0 3638854
347.0 3201.0 2387946
348.0 3238.0 6273470
347.0 3275.0 174384
346.0 3317.0 4124354
349.0 3358.0 4028289
347.0 3397.0 1829426
349.0 3432.0 39722
349.0 3477.0 1247786
347.0 3511.0 3414088
348.0 3547.0 5623734
346.0 3604.0 3000531
346.0 3643.0 6326224
347.0 3687.0 6282237
348.0 3724.0 6476989
346.0 3762.0 5317718
348.0 3798.0 1878319
344.0 3839.0 5379584
347.0 3876.0 2746451
324.0 3413.0 3375835
307.0 3501.0 2087456
296.0 3558.0 4832614
327.0 3629.0 2844735
296.0 3743.0 2959720
270.0 3124.0 6876642
272.0 3161.0 621767
269.0 3197.0 6310707
272.0 3238.0 4622318
270.0 3279.0 6190740
271.0 3318.0 3607308
273.0 3356.0 2276035
250.0 3220.0 774450
231.0 3288.0 6285443
221.0 3338.0 2180837
242.0 3377.0 1046111
263.0 3453.0 5061815
252.0 3529.0 3806970
212.0 3470.0 2847164
211.0 3514.0 6258232
272.0 3587.0 2199391
270.0 3624.0 2374785
268.0 3665.0 6712347
270.0 3706.0 756366
270.0 3742.0 4692083
270.0 3784.0 7108789
270.0 3820.0 5836352
270.0 3858.0 1116080
271.0 3916.0 2436658
213.0 3824.0 4917614
194.0 3917.0 4545515
223.0 2021.0 2941658
222.0 2140.0 215486
234.0 2410.0 3034506
231.0 2490.0 5188345
202.0 2079.0 4538918
203.0 2120.0 5788395
202.0 2159.0 5727597
203.0 2197.0 2634260
201.0 2237.0 3791825
204.0 2274.0 3202871
204.0 2316.0 3156009
202.0 2353.0 682391
200.0 2392.0 4834839
204.0 2428.0 121561
203.0 2602.0 3092965
204.0 2643.0 3816975
205.0 2699.0 4355705
205.0 2721.0 7029776
204.0 2759.0 6606091
204.0 2799.0 5538198
204.0 2836.0 5228606
203.0 2877.0 2662747
204.0 2913.0 438543
204.0 2953.0 5544011
164.0 2003.0 6434511
165.0 2042.0 4154477
165.0 2081.0 2651276
164.0 2120.0 6649571
164.0 2159.0 3215942
165.0 2197.0 978826
164.0 2233.0 2831982
164.0 2274.0 1525194
166.0 2315.0 3786899
165.0 2351.0 6906332
164.0 2392.0 5025519
164.0 2430.0 2784368
165.0 2487.0 517212
164.0 2523.0 3642221
166.0 2567.0 4192418
165.0 2602.0 6734186
166.0 2643.0 534824
163.0 2683.0 6410070
165.0 2721.0 6008931
165.0 2759.0 6903383
164.0 2799.0 1426986
163.0 2837.0 2340454
166.0 2869.0 4718901
166.0 2911.0 1119394
164.0 2954.0 2002431
128.0 2080.0 2855194
127.0 2140.0 6920046
127.0 2180.0 6394603
125.0 2219.0 467852
125.0 2258.0 2517664
127.0 2296.0 6113214
125.0 2158.0 5349345
128.0 2373.0 3772153
127.0 2416.0 5841565
126.0 2448.0 3893756
128.0 2489.0 3458008
127.0 2528.0 983168
127.0 2564.0 26748
126.0 2607.0 4995959
127.0 2642.0 3666513
126.0 2683.0 4019741
126.0 2720.0 1561575
128.0 2760.0 993253
127.0 2796.0 2234530
124.0 2834.0 984137
127.0 2874.0 6004042
129.0 2914.0 7311330
78.0 1990.0 216538
88.0 2137.0 1669594
90.0 2177.0 4175314
87.0 2218.0 6856635
87.0 2258.0 6329375
90.0 2298.0 5814522
91.0 2343.0 5228255
90.0 2373.0 480099
92.0 2420.0 3326411
89.0 2449.0 3073302
87.0 2489.0 2919232
86.0 2524.0 164751
90.0 2565.0 2251584
88.0 2604.0 4049030
89.0 2643.0 4622556
87.0 2679.0 6341013
89.0 2718.0 1977671
89.0 2757.0 7147971
90.0 2806.0 2835043
88.0 2835.0 1305309
87.0 2872.0 5693136
88.0 2911.0 2043661
50.0 2137.0 14080
50.0 2176.0 2512492
51.0 2216.0 1649256
49.0 2257.0 2403211
50.0 2294.0 4854091
49.0 2334.0 1632305
49.0 2370.0 1199768
48.0 2408.0 4187740
50.0 2449.0 6335533
50.0 2489.0 2723221
50.0 2525.0 5421023
49.0 2564.0 5554604
50.0 2603.0 6563044
50.0 2643.0 5128280
49.0 2681.0 6869194
50.0 2717.0 3401894
50.0 2757.0 1428122
51.0 2796.0 1509756
49.0 2834.0 7180266
49.0 2874.0 4020832
-23.0 1994.0 5024335
10.0 2137.0 2268133
12.0 2178.0 5575519
11.0 2217.0 4550522
11.0 2256.0 3986440
11.0 2292.0 7331880
11.0 2333.0 1462180
13.0 2378.0 3073609
10.0 2411.0 1924435
9.0 2448.0 2288344
10.0 2484.0 1180763
9.0 2524.0 555619
11.0 2563.0 1418239
10.0 2601.0 3049412
10.0 2640.0 830502
11.0 2682.0 390327
9.0 2718.0 4554011
10.0 2754.0 5327907
10.0 2801.0 4570778
10.0 2834.0 4419785
11.0 2872.0 5743214
126.0 2334.0 3917863
173.0 3143.0 2805425
174.0 3184.0 3360124
155.0 3123.0 2243610
154.0 3162.0 4854238
156.0 3203.0 11488
154.0 3241.0 3834382
154.0 3278.0 5626045
154.0 3314.0 345162
156.0 3355.0 6550155
153.0 3397.0 6720451
136.0 3468.0 5571224
135.0 3510.0 6492981
155.0 3551.0 143383
156.0 3591.0 1832350
155.0 3627.0 6760498
155.0 3665.0 4162759
154.0 3707.0 5195204
152.0 3744.0 2246577
156.0 3791.0 889090
155.0 3822.0 4062525
157.0 3861.0 5445659
115.0 3547.0 7009954
114.0 3585.0 6054067
114.0 3600.0 7045530
113.0 3610.0 1096669
113.0 3624.0 5253786
112.0 3663.0 2096536
112.0 3699.0 2134207
112.0 3739.0 2763736
112.0 3779.0 1489672
116.0 3819.0 1109222
113.0 3858.0 4505193
114.0 3898.0 4012318
105.0 3102.0 1365104
103.0 3159.0 6943661
107.0 3256.0 6623777
105.0 3295.0 212183
105.0 3375.0 199551
66.0 3215.0 5009765
64.0 3374.0 3892752
75.0 3462.0 6094614
36.0 3460.0 2374601
75.0 3546.0 755949
37.0 3547.0 4825994
76.0 3624.0 6543315
35.0 3622.0 1468972
77.0 3702.0 7235060
37.0 3701.0 7247777
77.0 3778.0 1447433
37.0 3780.0 7311526
78.0 3858.0 2965887
36.0 3856.0 4285895
-4.0 3873.0 4176080
17.0 2052.0 5048456
16.0 2962.0 7320815
-66.0 3134.0 797237
-68.0 3905.0 2642952
38.0 3941.0 4146629
