# C:\Users\gielpa\PycharmProjects\Genetic-Algorithm\data-bak\pcb442.tsp\data
200.0 400.0 700565
200.0 500.0 1002892
200.0 600.0 715360
200.0 700.0 457892
200.0 800.0 775037
200.0 900.0 238977
200.0 1000.0 476929
200.0 1100.0 1009674
200.0 1200.0 389767
200.0 1300.0 129604
200.0 1400.0 428613
200.0 1500.0 382496
200.0 1600.0 354916
200.0 1700.0 271541
200.0 1800.0 846820
200.0 1900.0 861495
200.0 2000.0 910214
200.0 2100.0 786632
200.0 2200.0 1065364
200.0 2300.0 852829
200.0 2400.0 291463
200.0 2500.0 270019
200.0 2600.0 621734
200.0 2700.0 1065475
200.0 2800.0 782153
200.0 2900.0 934649
200.0 3000.0 369202
200.0 3100.0 956916
200.0 3200.0 446433
200.0 3300.0 718919
200.0 3400.0 442363
200.0 3500.0 424580
200.0 3600.0 607958
300.0 400.0 1039094
300.0 500.0 641488
300.0 600.0 49674
300.0 700.0 151105
300.0 800.0 520304
300.0 900.0 416121
300.0 1000.0 1001428
300.0 1100.0 445996
300.0 1200.0 814908
300.0 1300.0 443597
300.0 1400.0 482512
300.0 1500.0 1040481
300.0 1600.0 472369
300.0 1700.0 311286
300.0 1800.0 581503
300.0 1900.0 669479
300.0 2000.0 543976
300.0 2100.0 1050346
300.0 2200.0 335232
300.0 2300.0 167340
300.0 2400.0 891624
300.0 2500.0 139998
300.0 2600.0 866446
300.0 2700.0 568300
300.0 2800.0 132119
300.0 2900.0 300024
300.0 3000.0 21885
300.0 3100.0 736274
300.0 3200.0 857713
300.0 3300.0 13351
300.0 3400.0 96196
300.0 3500.0 377829
400.0 400.0 65616
400.0 500.0 909818
400.0 600.0 585304
400.0 700.0 70535
400.0 800.0 982649
400.0 900.0 100261
400.0 1000.0 457273
400.0 1100.0 254082
400.0 1200.0 465058
400.0 1300.0 956788
400.0 1400.0 82993
400.0 1500.0 691379
400.0 1600.0 283949
400.0 1700.0 35454
400.0 1800.0 200556
400.0 1900.0 83848
400.0 2000.0 775179
400.0 2100.0 983326
400.0 2200.0 259943
400.0 2300.0 396083
400.0 2400.0 78680
400.0 2500.0 884272
400.0 2600.0 156043
400.0 2700.0 1035754
400.0 2800.0 355883
400.0 2900.0 504397
400.0 3000.0 526711
400.0 3100.0 301146
400.0 3200.0 948076
400.0 3300.0 464572
400.0 3400.0 627857
400.0 3500.0 306029
400.0 3600.0 446177
500.0 1500.0 558742
500.0 1829.0 159407
500.0 3100.0 488446
600.0 400.0 161621
700.0 300.0 970184
700.0 600.0 783587
700.0 1500.0 989242
700.0 1600.0 720186
700.0 1800.0 878608
700.0 2100.0 712518
700.0 2400.0 1051072
700.0 2700.0 880637
700.0 3000.0 599275
700.0 3300.0 141913
700.0 3600.0 516235
800.0 300.0 388239
800.0 600.0 210840
800.0 1030.0 190421
800.0 1500.0 517452
800.0 1800.0 601064
800.0 2100.0 768439
800.0 2400.0 371461
800.0 2600.0 283151
800.0 2700.0 179802
800.0 3000.0 398234
800.0 3300.0 556303
800.0 3600.0 795368
900.0 300.0 632021
900.0 600.0 116129
900.0 1500.0 522308
900.0 1800.0 123068
900.0 2100.0 742056
900.0 2400.0 294658
900.0 2700.0 839706
900.0 3000.0 141695
900.0 3300.0 132185
900.0 3600.0 586230
1000.0 300.0 116916
1000.0 600.0 918627
1000.0 1100.0 453098
1000.0 1500.0 396199
1000.0 1629.0 624322
1000.0 1800.0 908365
1000.0 2100.0 797649
1000.0 2400.0 210815
1000.0 2600.0 1066937
1000.0 2700.0 988614
1000.0 3000.0 324370
1000.0 3300.0 473322
1000.0 3600.0 932229
1100.0 300.0 146169
1100.0 600.0 187807
1100.0 700.0 865927
1100.0 900.0 12978
1100.0 1500.0 422860
1100.0 1800.0 878968
1100.0 2100.0 296522
1100.0 2400.0 916775
1100.0 2700.0 734138
1100.0 3000.0 202952
1100.0 3300.0 230278
1100.0 3600.0 899622
1200.0 300.0 68986
1200.0 600.0 49325
1200.0 1500.0 209547
1200.0 1700.0 427931
1200.0 1800.0 944820
1200.0 2100.0 358641
1200.0 2400.0 566575
1200.0 2700.0 294094
1200.0 3000.0 683892
1200.0 3300.0 169875
1200.0 3600.0 739592
1300.0 300.0 494543
1300.0 600.0 657755
1300.0 700.0 1060647
1300.0 1130.0 628576
1300.0 1500.0 821432
1300.0 1800.0 333025
1300.0 2100.0 84068
1300.0 2200.0 940628
1300.0 2400.0 236533
1300.0 2700.0 89572
1300.0 3000.0 187271
1300.0 3300.0 451124
1300.0 3600.0 567258
1400.0 300.0 467017
1400.0 600.0 503514
1400.0 930.0 224713
1400.0 1500.0 800715
1400.0 1800.0 879418
1400.0 2000.0 817684
1400.0 2100.0 812490
1400.0 2400.0 863011
1400.0 2500.0 632564
1400.0 2700.0 174788
1400.0 2820.0 839185
1400.0 2900.0 940162
1400.0 3000.0 173733
1400.0 3300.0 339263
1400.0 3600.0 561802
1500.0 1500.0 303192
1500.0 1800.0 622494
1500.0 1900.0 378848
1500.0 2100.0 613869
1500.0 2400.0 994453
1500.0 2700.0 701888
1500.0 2800.0 584401
1500.0 2860.0 472167
1500.0 3000.0 462832
1500.0 3300.0 464627
1500.0 3600.0 575801
1600.0 1100.0 1054876
1600.0 1300.0 78286
1600.0 1500.0 200223
1600.0 1800.0 1064664
1600.0 2100.0 406908
1600.0 2400.0 259908
1600.0 2700.0 612171
1600.0 3000.0 1035005
1600.0 3300.0 476723
1600.0 3600.0 300219
1700.0 1200.0 789412
1700.0 1500.0 147029
1700.0 1800.0 16953
1700.0 2100.0 1064661
1700.0 2400.0 511242
1700.0 3600.0 918413
1800.0 300.0 648355
1800.0 600.0 490457
1800.0 1230.0 809075
1800.0 1500.0 892198
1800.0 1800.0 581985
1800.0 2100.0 136108
1800.0 2400.0 746011
1900.0 300.0 952372
1900.0 600.0 64330
1900.0 3000.0 1064243
1900.0 3520.0 658277
2000.0 300.0 642552
2000.0 370.0 498592
2000.0 600.0 938538
2000.0 800.0 403513
2000.0 900.0 219180
2000.0 1000.0 443368
2000.0 1100.0 408320
2000.0 1200.0 716777
2000.0 1300.0 112379
2000.0 1400.0 223997
2000.0 1500.0 187417
2000.0 1600.0 185488
2000.0 1700.0 365000
2000.0 1800.0 447518
2000.0 1900.0 680055
2000.0 2000.0 499815
2000.0 2100.0 383228
2000.0 2200.0 1030273
2000.0 2300.0 123960
2000.0 2400.0 855242
2000.0 2500.0 604033
2000.0 2600.0 781426
2000.0 2700.0 433894
2000.0 2800.0 850432
2000.0 2900.0 993346
2000.0 3000.0 847230
2000.0 3100.0 351887
2000.0 3500.0 312224
2100.0 300.0 669567
2100.0 600.0 378347
2100.0 3200.0 894527
2200.0 300.0 608752
2200.0 469.0 505213
2200.0 600.0 876450
2200.0 3200.0 105590
2300.0 300.0 23963
2300.0 600.0 722598
2300.0 3400.0 108877
2400.0 300.0 727671
2400.0 600.0 806304
2400.0 2100.0 965240
2500.0 300.0 451366
2500.0 800.0 650244
2600.0 400.0 469261
2600.0 500.0 978711
2600.0 800.0 699034
2600.0 900.0 158100
2600.0 1000.0 982496
2600.0 1100.0 11875
2600.0 1200.0 385437
2600.0 1300.0 240055
2600.0 1400.0 563978
2600.0 1500.0 898887
2600.0 1600.0 65538
2600.0 1700.0 15072
2600.0 1800.0 384477
2600.0 1900.0 189136
2600.0 2000.0 396655
2600.0 2100.0 284059
2600.0 2200.0 1060690
2600.0 2300.0 459782
2600.0 2400.0 364852
2600.0 2500.0 1026286
2600.0 2600.0 1065914
2600.0 2700.0 816000
2600.0 2800.0 609097
2600.0 2900.0 565023
2600.0 3000.0 273569
2600.0 3100.0 311491
2600.0 3400.0 67621
2700.0 700.0 740188
2700.0 800.0 173257
2700.0 900.0 765637
2700.0 1000.0 685065
2700.0 1100.0 594528
2700.0 1200.0 949879
2700.0 1300.0 335968
2700.0 1400.0 668719
2700.0 1500.0 80448
2700.0 1600.0 752644
2700.0 1700.0 274832
2700.0 1800.0 31899
2700.0 1900.0 673419
2700.0 2000.0 605304
2700.0 2100.0 759732
2700.0 2200.0 966068
2700.0 2300.0 281097
2700.0 2500.0 251970
2700.0 2600.0 875166
2700.0 2700.0 610177
2700.0 2800.0 692902
2700.0 2900.0 121090
2700.0 3000.0 28401
2700.0 3100.0 936910
2700.0 3200.0 164037
2700.0 3300.0 444099
2700.0 3400.0 844923
2700.0 3500.0 741336
2700.0 3600.0 160406
2700.0 3700.0 876921
2700.0 3800.0 345335
2800.0 900.0 167134
2800.0 1130.0 159975
2900.0 400.0 141400
2900.0 500.0 1014677
2900.0 1400.0 92838
2900.0 2400.0 577465
2900.0 3000.0 127501
3000.0 700.0 371071
3000.0 800.0 466487
3000.0 900.0 135155
3000.0 1000.0 710796
3000.0 1100.0 20571
3000.0 1200.0 110553
3000.0 1300.0 325862
3000.0 1500.0 407959
3000.0 1600.0 734699
3000.0 1700.0 546131
3000.0 1800.0 878807
3000.0 1900.0 718637
3000.0 2000.0 672340
3000.0 2100.0 563110
3000.0 2200.0 300688
3000.0 2300.0 851672
3000.0 2500.0 264645
3000.0 2600.0 79165
3000.0 2700.0 131638
3000.0 2800.0 711817
3000.0 2900.0 1008470
3000.0 3000.0 16029
3000.0 3100.0 696281
3000.0 3200.0 661780
3000.0 3300.0 911976
3000.0 3400.0 279038
3000.0 3500.0 178869
3000.0 3600.0 646457
3000.0 3700.0 703923
3000.0 3800.0 492279
150.0 3500.0 1001257
150.0 3550.0 582204
469.0 2550.0 659552
469.0 3350.0 11016
469.0 3450.0 686401
540.0 2330.0 159708
540.0 2430.0 753891
620.0 3650.0 633825
620.0 3709.0 186273
750.0 2550.0 775762
850.0 520.0 657131
850.0 700.0 547903
850.0 2280.0 696477
939.0 740.0 261270
950.0 2220.0 45413
910.0 2600.0 237458
1050.0 1050.0 66481
1150.0 1350.0 476733
1170.0 2280.0 989088
1220.0 2210.0 634283
1350.0 750.0 416423
1350.0 1700.0 794623
1350.0 2140.0 595939
1450.0 770.0 428635
1550.0 300.0 1042253
1550.0 500.0 313692
1550.0 1850.0 135727
1650.0 1050.0 998333
1690.0 2680.0 440365
1710.0 310.0 445706
1710.0 510.0 351341
1750.0 750.0 21927
1790.0 2580.0 539020
1720.0 2610.0 901796
1790.0 3330.0 84799
1720.0 3409.0 686329
1829.0 2700.0 55114
1829.0 2800.0 541221
1829.0 3450.0 118668
2060.0 1650.0 224644
2050.0 3150.0 7599
2170.0 1900.0 837470
2110.0 2000.0 433667
2120.0 2750.0 635784
2150.0 3250.0 79121
2290.0 1400.0 45394
2220.0 2820.0 455652
2280.0 3250.0 716209
2390.0 1300.0 685055
2320.0 1500.0 665865
2450.0 710.0 502162
2620.0 3650.0 276369
2750.0 520.0 511781
2760.0 2360.0 720195
2850.0 2200.0 531908
2850.0 2700.0 488182
2850.0 3350.0 420730
2930.0 950.0 934419
2950.0 1750.0 919502
2950.0 2050.0 150024
520.0 3200.0 991606
2300.0 3500.0 493472
2320.0 3150.0 272862
530.0 2100.0 996581
2550.0 710.0 796540
750.0 490.0 127722
0.0 0.0 105556
