# C:\Users\gielpa\PycharmProjects\Genetic-Algorithm\data-bak\pr107.tsp\data
8375.0 4700.0 206581
8775.0 4700.0 170632
8375.0 4900.0 557318
8175.0 4900.0 124265
8775.0 4900.0 554952
8575.0 4900.0 299506
8775.0 5400.0 291314
8375.0 5450.0 343127
8775.0 5600.0 526799
8575.0 5600.0 388422
8375.0 5650.0 166293
8175.0 5650.0 257352
8375.0 6200.0 373259
8775.0 6200.0 124781
8375.0 6400.0 443488
8175.0 6400.0 275315
8775.0 6400.0 14027
8575.0 6400.0 520786
8375.0 7000.0 308794
8775.0 7000.0 29028
8375.0 7200.0 32384
8175.0 7200.0 133689
8775.0 7200.0 2841
8575.0 7200.0 44447
8375.0 7800.0 24338
8775.0 7800.0 147535
8375.0 8000.0 137512
8175.0 8000.0 443885
8775.0 8000.0 98120
8575.0 8000.0 325149
8375.0 8700.0 235887
8775.0 8700.0 504622
8375.0 8900.0 348724
8175.0 8900.0 225393
8775.0 8900.0 454453
8575.0 8900.0 493718
8375.0 9600.0 4145
8775.0 9600.0 70267
8375.0 9800.0 521545
8175.0 9800.0 185515
8775.0 9800.0 436448
8575.0 9800.0 218712
8375.0 10500.0 558249
8775.0 10450.0 6624
8375.0 10700.0 199042
8175.0 10700.0 193626
8775.0 10650.0 43367
8575.0 10650.0 106263
8375.0 11300.0 107854
8775.0 11300.0 563376
8375.0 11500.0 528849
8175.0 11500.0 556571
8775.0 11500.0 426067
8575.0 11500.0 153858
15825.0 11500.0 360828
15825.0 10700.0 162558
15825.0 9800.0 416914
15825.0 8900.0 98053
15825.0 8000.0 540377
15825.0 7200.0 528330
15825.0 6400.0 82215
15825.0 5650.0 31455
15825.0 4900.0 385789
16025.0 4700.0 489034
16425.0 4700.0 158108
16025.0 4900.0 336013
16225.0 4900.0 460025
16425.0 4900.0 258631
16425.0 5400.0 92144
16025.0 5450.0 484284
16225.0 5600.0 211333
16425.0 5600.0 43012
16025.0 5650.0 363266
16025.0 6200.0 1893
16425.0 6200.0 544043
16025.0 6400.0 555469
16225.0 6400.0 170656
16425.0 6400.0 207176
16025.0 7000.0 560684
16425.0 7000.0 398847
16025.0 7200.0 391376
16225.0 7200.0 69014
16425.0 7200.0 73661
16025.0 7800.0 109859
16425.0 7800.0 246772
16025.0 8000.0 350085
16225.0 8000.0 160673
16425.0 8000.0 217918
16025.0 8700.0 68054
16425.0 8700.0 314286
16025.0 8900.0 476372
16225.0 8900.0 404158
16425.0 8900.0 542251
16025.0 9600.0 344180
16425.0 9600.0 66252
16025.0 9800.0 517864
16225.0 9800.0 434707
16425.0 9800.0 109466
16025.0 10500.0 162057
16425.0 10450.0 306517
16025.0 10700.0 169727
16225.0 10650.0 79024
16425.0 10650.0 529717
16025.0 11300.0 166962
16425.0 11300.0 363687
16025.0 11500.0 332512
16225.0 11500.0 563589
