# C:\Users\gielpa\PycharmProjects\Genetic-Algorithm\data-bak\pr1002.tsp\data
1150.0 4000.0 1906154
1050.0 2750.0 9116832
1150.0 2250.0 3230367
1250.0 2050.0 2931326
1350.0 2350.0 5380739
1050.0 1550.0 2390482
3350.0 1700.0 2538461
3450.0 1450.0 2401798
3550.0 1600.0 7124918
3950.0 1700.0 8215840
4050.0 2000.0 5753428
4050.0 2150.0 2056088
4250.0 1650.0 5927572
4150.0 1500.0 6524440
4450.0 1450.0 6434477
4400.0 1700.0 4951446
4600.0 1850.0 5080962
4900.0 1550.0 8746675
5100.0 1550.0 1607828
5350.0 1450.0 8984804
4950.0 1700.0 8730200
4850.0 1900.0 5039880
4900.0 2050.0 6855407
5000.0 2150.0 596753
5100.0 2050.0 3209206
5400.0 2050.0 1810505
5750.0 2000.0 7855207
5900.0 2050.0 2728863
5600.0 2250.0 6986821
5400.0 2300.0 6680385
5250.0 2250.0 2101786
5000.0 2350.0 4310854
5000.0 2550.0 4634377
5050.0 2800.0 6512181
5250.0 2750.0 3225214
5450.0 2750.0 1715515
5400.0 2950.0 2526780
5200.0 3150.0 1499069
5050.0 3100.0 1243921
4950.0 3300.0 3147158
5100.0 3600.0 2913377
5200.0 3650.0 460638
5350.0 3750.0 2546144
5450.0 3750.0 4143282
5600.0 3750.0 4238191
5600.0 4250.0 8444118
5450.0 4250.0 4316256
5350.0 4150.0 1720556
5050.0 3800.0 4316779
4950.0 3500.0 5697865
4700.0 3500.0 3071161
4400.0 3700.0 2334215
4450.0 3500.0 9049773
4100.0 3500.0 989569
4150.0 3300.0 8408452
4100.0 3150.0 3615398
4300.0 3300.0 6255814
4500.0 3150.0 1623930
4500.0 2950.0 3354181
4700.0 3000.0 809860
4700.0 2800.0 5237169
4700.0 2500.0 3051683
4600.0 2350.0 2073591
4550.0 2500.0 8136470
4550.0 2800.0 872887
4300.0 2800.0 6645308
4100.0 2950.0 7553105
3700.0 2800.0 96670
3550.0 2800.0 523976
3400.0 2700.0 3875103
3400.0 3200.0 773760
3700.0 3100.0 519627
3550.0 3300.0 6882425
3350.0 4250.0 3704164
3350.0 4650.0 3172314
3250.0 5200.0 4490327
4000.0 5050.0 3277264
4100.0 4750.0 5029578
3950.0 4650.0 1767971
3950.0 4250.0 8627737
4200.0 4150.0 144264
4200.0 4550.0 51189
4500.0 4400.0 8544715
4700.0 4350.0 1602342
4700.0 4750.0 5324378
4500.0 4800.0 9088389
4500.0 4950.0 3540046
4350.0 4750.0 7263722
4350.0 4900.0 5010252
4247.0 5150.0 7290398
4354.0 5256.0 3112933
4247.0 5256.0 4478995
4100.0 5250.0 6426489
4100.0 5350.0 2359436
4000.0 5550.0 8466161
4199.0 5554.0 2184207
4305.0 5554.0 5468589
4304.0 5447.0 3636704
4500.0 5450.0 5740135
4500.0 6050.0 2000603
4650.0 6000.0 536601
4800.0 6100.0 695731
5050.0 6050.0 8570057
5150.0 6150.0 4254654
5300.0 6050.0 2589776
5400.0 6050.0 4881327
5150.0 5500.0 8667525
5250.0 5350.0 4671813
5300.0 5150.0 4493915
5650.0 5350.0 8042973
5800.0 5350.0 4970885
5650.0 5500.0 6391935
5800.0 5500.0 1941839
5750.0 5700.0 2221269
5750.0 5850.0 4939142
5700.0 6000.0 5736921
5700.0 6150.0 4093749
5550.0 6000.0 4878034
5550.0 6150.0 111529
6000.0 6600.0 7679672
6000.0 7000.0 3090987
5550.0 6650.0 939232
5400.0 6550.0 1724625
5300.0 6450.0 951850
5150.0 6550.0 1069641
5150.0 7000.0 3373492
5050.0 6550.0 2635024
4800.0 6500.0 7753148
4650.0 6400.0 67297
4500.0 6550.0 6851004
4250.0 6700.0 3697037
4250.0 6350.0 4689112
4250.0 5950.0 1591125
4100.0 5850.0 6824675
3950.0 5950.0 6017601
3800.0 5950.0 7986515
3950.0 6350.0 7251545
3800.0 6350.0 6499775
3250.0 7000.0 6351557
3300.0 7450.0 72649
3300.0 7550.0 4254636
3900.0 7850.0 4198606
4250.0 7800.0 2628901
4400.0 7750.0 6860603
4250.0 7300.0 5677996
4450.0 7450.0 8823918
4650.0 7450.0 2291128
4550.0 7650.0 2187955
4550.0 7900.0 9055778
4650.0 8150.0 5895470
4400.0 8250.0 1128736
4250.0 8250.0 4653392
4550.0 8750.0 345600
4550.0 8950.0 3894529
4250.0 9250.0 2091350
4300.0 9450.0 691756
4500.0 9750.0 2975449
4300.0 9950.0 8265594
4300.0 10150.0 1061820
4100.0 10150.0 8341631
3900.0 10150.0 8137725
4200.0 9850.0 1440071
4050.0 9700.0 2074243
4200.0 9450.0 7268738
4050.0 9200.0 6766930
3900.0 9250.0 5934478
3750.0 9500.0 6396808
3450.0 9450.0 1328271
3300.0 9350.0 360380
3300.0 10650.0 8363847
3450.0 10450.0 6751313
3750.0 10500.0 980655
3600.0 11100.0 152898
3750.0 11200.0 7675003
3750.0 11400.0 3218280
3600.0 11600.0 3301116
3900.0 11550.0 6224780
3900.0 11400.0 2306625
3900.0 11150.0 5076854
4100.0 11150.0 1927176
4300.0 11150.0 1315224
4600.0 11100.0 249308
4600.0 10850.0 2658472
4550.0 10550.0 343160
4500.0 10250.0 891642
5600.0 9750.0 17103
5600.0 10250.0 4018533
5950.0 10250.0 8743653
6100.0 10250.0 6314543
6250.0 10200.0 57440
6400.0 10300.0 5677350
6200.0 10300.0 8783431
6150.0 10400.0 5650535
5950.0 10550.0 6681752
5650.0 10550.0 828064
5600.0 10850.0 4672331
5950.0 10850.0 3594716
6050.0 11050.0 580224
6150.0 11050.0 3555580
6200.0 11150.0 4526500
5950.0 11150.0 1323442
5600.0 11100.0 3320408
5950.0 11650.0 3538472
6050.0 11550.0 4250651
6450.0 11550.0 5524484
6350.0 11350.0 7549134
6550.0 11350.0 2489851
6500.0 11150.0 3543563
6650.0 11050.0 2768218
6950.0 11250.0 1996139
6950.0 10650.0 4795882
7000.0 10500.0 3558107
7200.0 10500.0 3088922
7200.0 10200.0 5530037
7100.0 10250.0 1398823
7050.0 10400.0 3950701
6900.0 10450.0 6202243
6700.0 10300.0 2043877
6850.0 10200.0 7757126
7000.0 10050.0 7905319
6800.0 9950.0 3447578
7000.0 9800.0 548047
7100.0 9750.0 4461980
7300.0 9650.0 2104206
7300.0 9350.0 8691967
7300.0 9150.0 5140783
7300.0 9000.0 6182827
7000.0 9000.0 877098
6900.0 9000.0 1062767
6950.0 9250.0 6511143
6700.0 9150.0 102098
6800.0 9350.0 8072722
6700.0 9650.0 9021559
6700.0 9800.0 5277096
6600.0 9800.0 2194658
6500.0 10050.0 2599249
6400.0 10050.0 4741066
6200.0 9950.0 7628256
6100.0 10050.0 7528241
6100.0 9800.0 6582083
5950.0 9750.0 7146633
6000.0 9600.0 6946849
6150.0 9200.0 8408353
6250.0 8950.0 6518553
6250.0 8850.0 3432584
6350.0 8850.0 6894471
6150.0 8600.0 76146
6150.0 8500.0 4727721
6000.0 8450.0 3510747
6000.0 8600.0 994826
5550.0 8950.0 7124714
5550.0 8750.0 3012692
5650.0 8150.0 5050601
5550.0 7900.0 5974713
5550.0 7650.0 3965023
5650.0 7450.0 8134429
5900.0 7350.0 9086564
5950.0 7650.0 8361193
6000.0 7850.0 1233245
6400.0 8350.0 3765969
6450.0 8600.0 8202291
6500.0 8700.0 4314005
6500.0 9000.0 975798
6600.0 9000.0 6864073
6699.0 8856.0 1361216
6699.0 8750.0 7272260
6805.0 8749.0 2975769
6750.0 8600.0 7614122
6750.0 8500.0 5100953
6600.0 8000.0 5967591
6900.0 8350.0 2840743
7200.0 8000.0 7634449
7350.0 7650.0 8546818
7000.0 7350.0 7016022
7100.0 6750.0 806068
7100.0 6600.0 8292791
6800.0 6000.0 6968719
6603.0 6057.0 8927964
6498.0 6057.0 8925547
6604.0 5950.0 6160172
6700.0 5800.0 3469003
6600.0 5700.0 6586622
6550.0 5500.0 4520386
6800.0 5500.0 2233472
7100.0 5500.0 5121164
7100.0 5100.0 3255248
7350.0 4900.0 3038556
7350.0 4750.0 4021508
7350.0 4150.0 412804
7350.0 4050.0 7448650
7350.0 3900.0 3696971
7350.0 3800.0 7458926
6950.0 3900.0 6379646
6850.0 3800.0 6501612
6850.0 4050.0 3655860
6950.0 4150.0 7495710
6650.0 4900.0 9033989
6700.0 5050.0 6680497
6700.0 5300.0 1063223
6600.0 5200.0 8496943
6250.0 5500.0 222533
6106.0 5606.0 3157385
5999.0 5607.0 5229857
5998.0 5500.0 751167
6250.0 5000.0 4326314
6100.0 4800.0 2291061
6000.0 4450.0 1023835
6100.0 4400.0 8634198
6100.0 4150.0 6096336
6000.0 3950.0 1414722
6000.0 3800.0 8380129
5850.0 3750.0 594010
5750.0 3450.0 924771
5850.0 3050.0 4788084
6000.0 3200.0 3233205
6000.0 3300.0 4226179
6100.0 3650.0 3645982
6148.0 3556.0 6393328
6148.0 3450.0 5465722
6254.0 3557.0 4511364
6450.0 3750.0 3448032
6450.0 3650.0 1050406
6450.0 3450.0 6556362
6254.0 3206.0 6217166
6148.0 3206.0 1056233
6148.0 3099.0 5029652
6450.0 2950.0 1725069
6450.0 2800.0 8124846
6300.0 2800.0 181005
6150.0 2800.0 3224923
6000.0 2800.0 4237793
6150.0 2300.0 6639204
6300.0 2300.0 3264038
6450.0 2300.0 9017429
8100.0 1700.0 5478845
8200.0 1450.0 1552886
8300.0 1600.0 5622980
8700.0 1700.0 1252829
8800.0 2000.0 9002327
8800.0 2150.0 279750
9000.0 1650.0 2439703
8900.0 1500.0 3816031
9200.0 1450.0 6242123
9150.0 1700.0 5832244
9350.0 1850.0 2052608
9650.0 1550.0 8220387
9850.0 1550.0 4378639
10100.0 1450.0 6402844
9700.0 1700.0 3964622
9600.0 1900.0 5014120
9650.0 2050.0 1239520
9750.0 2150.0 1295602
9850.0 2050.0 6782186
10150.0 2050.0 6707992
10500.0 2000.0 2215102
10650.0 2050.0 6122899
10350.0 2250.0 6571465
10150.0 2300.0 3745647
10000.0 2250.0 4595399
9750.0 2350.0 4761930
9750.0 2550.0 7598387
9800.0 2800.0 3774818
10000.0 2750.0 8713108
10200.0 2750.0 5108723
10150.0 2950.0 4095877
9950.0 3150.0 2571922
9800.0 3100.0 8249448
9700.0 3300.0 8152460
9850.0 3600.0 5289212
9950.0 3650.0 3791604
10100.0 3750.0 2060868
10200.0 3750.0 5457068
10350.0 3750.0 2353456
10350.0 4250.0 4687070
10200.0 4250.0 7007991
10100.0 4150.0 3675261
9800.0 3800.0 2817120
9700.0 3500.0 3022230
9450.0 3500.0 3559191
9150.0 3700.0 8865087
9200.0 3500.0 6231027
8850.0 3500.0 3710596
8900.0 3300.0 8943278
8850.0 3150.0 1739496
9050.0 3300.0 8249250
9250.0 3150.0 7757001
9250.0 2950.0 5088979
9450.0 3000.0 6601142
9450.0 2800.0 1937930
9450.0 2500.0 7811725
9350.0 2350.0 2571517
9300.0 2500.0 4912659
9300.0 2800.0 545594
9050.0 2800.0 6332651
8850.0 2950.0 459988
8450.0 2800.0 604109
8300.0 2800.0 8236786
8150.0 2700.0 2769997
8150.0 3200.0 7552503
8450.0 3100.0 8211922
8300.0 3300.0 4916174
8100.0 4250.0 8577155
8100.0 4650.0 1285639
8000.0 5200.0 8309574
8750.0 5050.0 659733
8850.0 4750.0 4332582
8700.0 4650.0 7024797
8700.0 4250.0 2289124
8950.0 4150.0 8628644
8950.0 4550.0 8631625
9250.0 4400.0 1478647
9450.0 4350.0 2656468
9450.0 4750.0 1296544
9250.0 4800.0 6968364
9250.0 4950.0 6946733
9100.0 4750.0 1979533
9100.0 4900.0 4987603
8997.0 5150.0 8820263
9104.0 5256.0 5932650
8997.0 5256.0 4071584
8850.0 5250.0 6251903
8850.0 5350.0 8124582
8750.0 5550.0 4570100
8949.0 5554.0 2430826
9055.0 5554.0 141975
9054.0 5447.0 2207873
9250.0 5450.0 9089248
9250.0 6050.0 4013504
9400.0 6000.0 6908553
9550.0 6100.0 1757161
9800.0 6050.0 4769735
9900.0 6150.0 1129698
10050.0 6050.0 3028902
10150.0 6050.0 7706378
9900.0 5500.0 34781
10000.0 5350.0 2578027
10050.0 5150.0 221743
10400.0 5350.0 2916833
10550.0 5350.0 8641041
10400.0 5500.0 3904328
10550.0 5500.0 8887750
10500.0 5700.0 469574
10500.0 5850.0 7258307
10450.0 6000.0 3944718
10450.0 6150.0 216361
10300.0 6000.0 99683
10300.0 6150.0 52036
10750.0 6600.0 193155
10750.0 7000.0 5659169
10300.0 6650.0 7136269
10150.0 6550.0 2483012
10050.0 6450.0 3134778
9900.0 6550.0 7463249
9900.0 7000.0 6172815
9800.0 6550.0 8333765
9550.0 6500.0 1488875
9400.0 6400.0 1891758
9250.0 6550.0 3290348
9000.0 6700.0 2437040
9000.0 6350.0 755090
9000.0 5950.0 2825726
8850.0 5850.0 3544664
8700.0 5950.0 6388833
8550.0 5950.0 8617391
8700.0 6350.0 706544
8550.0 6350.0 8889145
8000.0 7000.0 8519613
8050.0 7450.0 1446048
8050.0 7550.0 5099342
8650.0 7850.0 5239134
9000.0 7800.0 2019521
9150.0 7750.0 265791
9000.0 7300.0 629541
9200.0 7450.0 7465547
9400.0 7450.0 8369742
9300.0 7650.0 4020792
9300.0 7900.0 1725951
9400.0 8150.0 8918088
9150.0 8250.0 8133547
9000.0 8250.0 8607261
9300.0 8750.0 1212485
9300.0 8950.0 6387826
9000.0 9250.0 3809684
9050.0 9450.0 296348
9250.0 9750.0 1045346
9050.0 9950.0 2781656
9050.0 10150.0 3283483
8850.0 10150.0 4190326
8650.0 10150.0 2352755
8950.0 9850.0 3370749
8800.0 9700.0 7963980
8950.0 9450.0 834078
8800.0 9200.0 6262238
8650.0 9250.0 2212790
8500.0 9500.0 6638356
8200.0 9450.0 1254437
8050.0 9350.0 7018702
8050.0 10650.0 801188
8200.0 10450.0 4479503
8500.0 10500.0 2458478
8350.0 11100.0 8695250
8500.0 11200.0 7542604
8500.0 11400.0 7694835
8350.0 11600.0 2435171
8650.0 11550.0 81305
8650.0 11400.0 4931542
8650.0 11150.0 1317712
8850.0 11150.0 6946418
9050.0 11150.0 7579665
9350.0 11100.0 5871947
9350.0 10850.0 5109167
9300.0 10550.0 2573909
9250.0 10250.0 6709091
10350.0 9750.0 1137137
10350.0 10250.0 3235203
10700.0 10250.0 7542126
10850.0 10250.0 6131991
11000.0 10200.0 56417
11150.0 10300.0 1784036
10950.0 10300.0 725565
10900.0 10400.0 6273145
10700.0 10550.0 6128501
10400.0 10550.0 749784
10350.0 10850.0 867223
10700.0 10850.0 2926033
10800.0 11050.0 1306176
10900.0 11050.0 3184562
10950.0 11150.0 420652
10700.0 11150.0 5987468
10350.0 11100.0 5713709
10700.0 11650.0 7954413
10800.0 11550.0 3908473
11200.0 11550.0 78394
11100.0 11350.0 2814266
11300.0 11350.0 1020689
11250.0 11150.0 484463
11400.0 11050.0 2787032
11700.0 11250.0 5171138
11700.0 10650.0 5880928
11750.0 10500.0 7264952
11950.0 10500.0 72412
11950.0 10200.0 7118709
11850.0 10250.0 2023932
11800.0 10400.0 4903132
11650.0 10450.0 132567
11450.0 10300.0 1336836
11600.0 10200.0 8134939
11750.0 10050.0 7956225
11550.0 9950.0 4562486
11750.0 9800.0 3545919
11850.0 9750.0 6312957
12050.0 9650.0 1069117
12050.0 9350.0 492537
12050.0 9150.0 2870362
12050.0 9000.0 7589450
11750.0 9000.0 904023
11650.0 9000.0 3818167
11700.0 9250.0 1396842
11450.0 9150.0 5428442
11550.0 9350.0 4852144
11450.0 9650.0 3267504
11450.0 9800.0 8409819
11350.0 9800.0 993158
11250.0 10050.0 4031472
11150.0 10050.0 2101073
10950.0 9950.0 2178066
10850.0 10050.0 5480337
10850.0 9800.0 8975425
10700.0 9750.0 1590194
10750.0 9600.0 6782491
10900.0 9200.0 7575614
11000.0 8950.0 6651119
11000.0 8850.0 5125582
11100.0 8850.0 8620885
10900.0 8600.0 5318100
10900.0 8500.0 3709808
10750.0 8450.0 7388953
10750.0 8600.0 940121
10300.0 8950.0 7708144
10300.0 8750.0 2802922
10400.0 8150.0 7189265
10300.0 7900.0 3082721
10300.0 7650.0 7960545
10400.0 7450.0 5077893
10650.0 7350.0 4546704
10700.0 7650.0 2842545
10750.0 7850.0 8535574
11150.0 8350.0 8917490
11200.0 8600.0 918448
11250.0 8700.0 2397851
11250.0 9000.0 2009634
11350.0 9000.0 8050429
11449.0 8856.0 6287998
11449.0 8750.0 7887982
11555.0 8749.0 4022475
11500.0 8600.0 6277287
11500.0 8500.0 1802319
11350.0 8000.0 3238686
11650.0 8350.0 3566854
11950.0 8000.0 1802524
12100.0 7650.0 4889124
11750.0 7350.0 5224041
11850.0 6750.0 708894
11850.0 6600.0 3521000
11550.0 6000.0 6836241
11353.0 6057.0 2675426
11248.0 6057.0 91226
11354.0 5950.0 6794376
11450.0 5800.0 6336156
11350.0 5700.0 1867758
11300.0 5500.0 7160996
11550.0 5500.0 3057810
11850.0 5500.0 5630479
11850.0 5100.0 5816819
12100.0 4900.0 7439426
12100.0 4750.0 7303984
12100.0 4150.0 812450
12100.0 4050.0 3805267
12100.0 3900.0 1269313
12100.0 3800.0 7271196
11700.0 3900.0 2693033
11600.0 3800.0 3893197
11600.0 4050.0 6998828
11700.0 4150.0 7025141
11400.0 4900.0 3758708
11450.0 5050.0 3930354
11450.0 5300.0 2937082
11350.0 5200.0 7878225
11000.0 5500.0 4354697
10856.0 5606.0 6825561
10749.0 5607.0 2647499
10748.0 5500.0 1756968
11000.0 5000.0 1930961
10850.0 4800.0 8998257
10750.0 4450.0 3614854
10850.0 4400.0 2263921
10850.0 4150.0 8378134
10750.0 3950.0 8320268
10750.0 3800.0 4560195
10600.0 3750.0 664639
10500.0 3450.0 2356935
10600.0 3050.0 773987
10750.0 3200.0 2782667
10750.0 3300.0 5358134
10850.0 3650.0 2273380
10898.0 3556.0 6123278
10898.0 3450.0 7269959
11004.0 3557.0 9040012
11200.0 3750.0 6704670
11200.0 3650.0 8276930
11200.0 3450.0 7031558
11004.0 3206.0 2096229
10898.0 3206.0 9058517
10898.0 3099.0 3226128
11200.0 2950.0 8244116
11200.0 2800.0 9062300
11050.0 2800.0 2734957
10900.0 2800.0 1634165
10750.0 2800.0 1734473
10900.0 2300.0 17244
11050.0 2300.0 4445276
11200.0 2300.0 2238459
12850.0 1700.0 3542605
12950.0 1450.0 6644259
13050.0 1600.0 7951842
13450.0 1700.0 8974248
13550.0 2000.0 4892523
13550.0 2150.0 723006
13750.0 1650.0 8988987
13650.0 1500.0 5674453
13950.0 1450.0 2590456
13900.0 1700.0 6504833
14100.0 1850.0 1781886
14400.0 1550.0 8464444
14600.0 1550.0 5805748
14850.0 1450.0 8632564
14450.0 1700.0 377970
14350.0 1900.0 2147255
14400.0 2050.0 6494752
14500.0 2150.0 3518467
14600.0 2050.0 2616446
14900.0 2050.0 4617390
15250.0 2000.0 565621
15400.0 2050.0 218448
15100.0 2250.0 8609375
14900.0 2300.0 8645207
14750.0 2250.0 7893142
14500.0 2350.0 2332422
14500.0 2550.0 4685183
14550.0 2800.0 5105688
14750.0 2750.0 893450
14950.0 2750.0 6835084
14900.0 2950.0 1784170
14700.0 3150.0 7520720
14550.0 3100.0 1396276
14450.0 3300.0 47884
14600.0 3600.0 3138053
14700.0 3650.0 3114660
14850.0 3750.0 8146597
14950.0 3750.0 4489888
15100.0 3750.0 8795326
15100.0 4250.0 4762404
14950.0 4250.0 6278608
14850.0 4150.0 6638933
14550.0 3800.0 5802135
14450.0 3500.0 7345704
14200.0 3500.0 8409477
13900.0 3700.0 6171450
13950.0 3500.0 8544665
13600.0 3500.0 4524903
13650.0 3300.0 5925217
13600.0 3150.0 9007209
13800.0 3300.0 2629379
14000.0 3150.0 5847252
14000.0 2950.0 8183066
14200.0 3000.0 2078422
14200.0 2800.0 7312267
14200.0 2500.0 315930
14100.0 2350.0 5046280
14050.0 2500.0 2351511
14050.0 2800.0 2096245
13800.0 2800.0 1646965
13600.0 2950.0 5782653
13200.0 2800.0 5459413
13050.0 2800.0 4434808
12900.0 2700.0 2634986
12900.0 3200.0 308718
13200.0 3100.0 5095951
13050.0 3300.0 4626409
12850.0 4250.0 5029439
12850.0 4650.0 7023691
12750.0 5200.0 2442469
13500.0 5050.0 587930
13600.0 4750.0 5190174
13450.0 4650.0 2530502
13450.0 4250.0 8194908
13700.0 4150.0 1028865
13700.0 4550.0 7764628
14000.0 4400.0 652060
14200.0 4350.0 7913327
14200.0 4750.0 2065742
14000.0 4800.0 4833030
14000.0 4950.0 2074302
13850.0 4750.0 1590533
13850.0 4900.0 7056035
13747.0 5150.0 5145402
13854.0 5256.0 3213232
13747.0 5256.0 2737647
13600.0 5250.0 3688596
13600.0 5350.0 6229454
13500.0 5550.0 6566129
13699.0 5554.0 8791743
13805.0 5554.0 4263310
13804.0 5447.0 6760127
14000.0 5450.0 266827
14000.0 6050.0 385000
14150.0 6000.0 2008872
14300.0 6100.0 205835
14550.0 6050.0 6636180
14650.0 6150.0 6605086
14800.0 6050.0 84102
14900.0 6050.0 4123217
14650.0 5500.0 8215664
14750.0 5350.0 2393110
14800.0 5150.0 9077532
15150.0 5350.0 907117
15300.0 5350.0 1943435
15150.0 5500.0 4650482
15300.0 5500.0 469562
15250.0 5700.0 2594821
15250.0 5850.0 4860859
15200.0 6000.0 8580541
15200.0 6150.0 7124079
15050.0 6000.0 4711899
15050.0 6150.0 6431255
15500.0 6600.0 8157560
15500.0 7000.0 2344018
15050.0 6650.0 6727769
14900.0 6550.0 5399674
14800.0 6450.0 7539335
14650.0 6550.0 7167574
14650.0 7000.0 4512811
14550.0 6550.0 6956916
14300.0 6500.0 1338802
14150.0 6400.0 6153987
14000.0 6550.0 7822439
13750.0 6700.0 1632108
13750.0 6350.0 1488232
13750.0 5950.0 2675415
13600.0 5850.0 7189506
13450.0 5950.0 3190717
13300.0 5950.0 3120514
13450.0 6350.0 169045
13300.0 6350.0 847375
12750.0 7000.0 2281056
12800.0 7450.0 8360552
12800.0 7550.0 4733656
13400.0 7850.0 1846216
13750.0 7800.0 1142854
13900.0 7750.0 2378965
13750.0 7300.0 1724260
13950.0 7450.0 7183992
14150.0 7450.0 4557187
14050.0 7650.0 4934986
14050.0 7900.0 1710950
14150.0 8150.0 8328448
13900.0 8250.0 2416765
13750.0 8250.0 5688024
14050.0 8750.0 8003407
14050.0 8950.0 7247536
13750.0 9250.0 4957024
13800.0 9450.0 1912239
14000.0 9750.0 3784296
13800.0 9950.0 3268359
13800.0 10150.0 6974593
13600.0 10150.0 4504169
13400.0 10150.0 927994
13700.0 9850.0 3794401
13550.0 9700.0 7966469
13700.0 9450.0 5734643
13550.0 9200.0 6921662
13400.0 9250.0 7339515
13250.0 9500.0 8734307
12950.0 9450.0 7383940
12800.0 9350.0 7658062
12800.0 10650.0 4870517
12950.0 10450.0 975257
13250.0 10500.0 8483523
13100.0 11100.0 1019405
13250.0 11200.0 2260738
13250.0 11400.0 1925436
13100.0 11600.0 8916862
13400.0 11550.0 3352456
13400.0 11400.0 8767132
13400.0 11150.0 3745877
13600.0 11150.0 2158277
13800.0 11150.0 2688360
14100.0 11100.0 8241242
14100.0 10850.0 8717906
14050.0 10550.0 5730468
14000.0 10250.0 9092051
15100.0 9750.0 6742660
15100.0 10250.0 2120035
15450.0 10250.0 3418266
15600.0 10250.0 6412010
15750.0 10200.0 5019644
15900.0 10300.0 8362342
15700.0 10300.0 5390296
15650.0 10400.0 1789440
15450.0 10550.0 118378
15150.0 10550.0 5163417
15100.0 10850.0 8581918
15450.0 10850.0 526813
15550.0 11050.0 7609969
15650.0 11050.0 3826355
15700.0 11150.0 2210604
15450.0 11150.0 4050030
15100.0 11100.0 5290410
15450.0 11650.0 6730558
15550.0 11550.0 144289
15950.0 11550.0 5006121
15850.0 11350.0 1028742
16050.0 11350.0 5462191
16000.0 11150.0 3642220
16150.0 11050.0 2698867
16450.0 11250.0 8641520
16450.0 10650.0 8991233
16500.0 10500.0 3919550
16700.0 10500.0 5737092
16700.0 10200.0 2352354
16600.0 10250.0 5669436
16550.0 10400.0 3005630
16400.0 10450.0 1076121
16200.0 10300.0 6697967
16350.0 10200.0 2462480
16500.0 10050.0 8041806
16300.0 9950.0 2391411
16500.0 9800.0 5408620
16600.0 9750.0 5824444
16800.0 9650.0 6141116
16800.0 9350.0 3850611
16800.0 9150.0 571447
16800.0 9000.0 6532469
16500.0 9000.0 5044530
16400.0 9000.0 776002
16450.0 9250.0 706667
16200.0 9150.0 5679073
16300.0 9350.0 3763104
16200.0 9650.0 8749471
16200.0 9800.0 4816386
16100.0 9800.0 5810940
16000.0 10050.0 8432633
15900.0 10050.0 2457677
15700.0 9950.0 3322368
15600.0 10050.0 8865951
15600.0 9800.0 6240136
15450.0 9750.0 3448220
15500.0 9600.0 1616079
15650.0 9200.0 6862246
15750.0 8950.0 5510419
15750.0 8850.0 1273808
15850.0 8850.0 9049818
15650.0 8600.0 1034388
15650.0 8500.0 1242241
15500.0 8450.0 1053536
15500.0 8600.0 1966654
15050.0 8950.0 7008446
15050.0 8750.0 3019572
15150.0 8150.0 3599367
15050.0 7900.0 8313690
15050.0 7650.0 2658466
15150.0 7450.0 7190283
15400.0 7350.0 935260
15450.0 7650.0 1390186
15500.0 7850.0 8996596
15900.0 8350.0 8937782
15950.0 8600.0 7015284
16000.0 8700.0 7609126
16000.0 9000.0 8540723
16100.0 9000.0 8466345
16199.0 8856.0 2021269
16199.0 8750.0 4617207
16305.0 8749.0 5663966
16250.0 8600.0 1955297
16250.0 8500.0 6351434
16100.0 8000.0 2782892
16400.0 8350.0 1564801
16700.0 8000.0 7009737
16850.0 7650.0 6301424
16500.0 7350.0 7180257
16600.0 6750.0 6347271
16600.0 6600.0 2499776
16300.0 6000.0 491388
16103.0 6057.0 1877490
15998.0 6057.0 6340216
16104.0 5950.0 3700650
16200.0 5800.0 253212
16100.0 5700.0 4083154
16050.0 5500.0 2053583
16300.0 5500.0 7372062
16600.0 5500.0 7195332
16600.0 5100.0 7549804
16850.0 4900.0 1603632
16850.0 4750.0 6188941
16850.0 4150.0 4677905
16850.0 4050.0 7932454
16850.0 3900.0 5217858
16850.0 3800.0 7503956
16450.0 3900.0 7051392
16350.0 3800.0 2041503
16350.0 4050.0 8910669
16450.0 4150.0 7640363
16150.0 4900.0 3698511
16200.0 5050.0 7000449
16200.0 5300.0 3089938
16100.0 5200.0 1790994
15750.0 5500.0 212452
15606.0 5606.0 4801943
15499.0 5607.0 1927865
15498.0 5500.0 437811
15750.0 5000.0 5747162
15600.0 4800.0 7872877
15500.0 4450.0 3588882
15600.0 4400.0 4269203
15600.0 4150.0 4140029
15500.0 3950.0 8437278
15500.0 3800.0 5698795
15350.0 3750.0 1264322
15250.0 3450.0 4360223
15350.0 3050.0 7207962
15500.0 3200.0 3527148
15500.0 3300.0 9004721
15600.0 3650.0 3754049
15648.0 3556.0 2754196
15648.0 3450.0 4314408
15754.0 3557.0 8473949
15950.0 3750.0 2710346
15950.0 3650.0 8534041
15950.0 3450.0 2011462
15754.0 3206.0 4375525
15648.0 3206.0 3243200
15648.0 3099.0 2516452
15950.0 2950.0 7681182
15950.0 2800.0 1849158
15800.0 2800.0 6843611
15650.0 2800.0 6814644
15500.0 2800.0 4951580
15650.0 2300.0 6231638
15800.0 2300.0 8660491
15950.0 2300.0 5706778
6450.0 4950.0 5924439
11200.0 4950.0 8104418
15950.0 4950.0 6164913
5050.0 5750.0 7873927
5050.0 8450.0 8279962
5050.0 11650.0 3539612
9800.0 5750.0 6551089
9800.0 8450.0 9060176
9800.0 11650.0 5376901
14550.0 5750.0 925763
14550.0 8450.0 6716752
14550.0 11650.0 2308436
