# C:\Users\gielpa\PycharmProjects\Genetic-Algorithm\data-bak\pr124.tsp\data
4475.0 8657.0 268200
4475.0 8969.0 218421
4475.0 9407.0 658109
4475.0 9719.0 582898
5450.0 10475.0 290411
5475.0 9750.0 613054
5475.0 8650.0 711341
4575.0 8425.0 4074
5425.0 3300.0 450556
5425.0 3000.0 514637
5425.0 2400.0 593626
5425.0 2100.0 435098
5425.0 1800.0 348944
6000.0 2375.0 289528
6375.0 2375.0 550799
6000.0 3375.0 630921
6375.0 3375.0 477756
6475.0 4675.0 90173
6475.0 4875.0 580174
6475.0 5275.0 644742
6475.0 5475.0 553170
6100.0 6675.0 255832
6350.0 6675.0 305092
6350.0 7275.0 447092
6100.0 7275.0 57240
6550.0 7625.0 397249
5775.0 8650.0 739902
6075.0 8650.0 342502
6375.0 8650.0 617853
6375.0 9750.0 472432
6075.0 9750.0 499922
5775.0 9750.0 661664
6975.0 9750.0 517724
6675.0 9750.0 251476
6675.0 8650.0 435814
6875.0 8650.0 739577
6850.0 7275.0 430840
6600.0 7275.0 505243
6600.0 6675.0 271753
6850.0 6675.0 661144
7100.0 5425.0 113434
7100.0 5275.0 305699
7100.0 5075.0 438962
7100.0 4875.0 595829
7100.0 4675.0 283151
6925.0 3300.0 601351
6925.0 3000.0 650077
6925.0 2700.0 345168
6925.0 2400.0 660671
6925.0 2100.0 351079
6925.0 1800.0 682405
7700.0 3725.0 737308
7850.0 3700.0 474942
7700.0 4725.0 418141
7750.0 7475.0 740866
8125.0 7525.0 259956
8500.0 7475.0 183071
8500.0 8225.0 235258
7600.0 9025.0 726652
8350.0 9025.0 365972
7975.0 9075.0 724382
8350.0 9775.0 479425
9375.0 11225.0 194157
9531.0 11225.0 676525
9475.0 10275.0 107274
9275.0 10050.0 511624
10375.0 9525.0 221386
9687.0 11225.0 499320
9843.0 11225.0 378444
9999.0 11225.0 483028
10155.0 11225.0 41487
10311.0 11225.0 509714
10467.0 11225.0 197818
10623.0 11225.0 434552
10779.0 11225.0 110974
10935.0 11225.0 684042
11091.0 11225.0 58240
11247.0 11225.0 379949
11403.0 11225.0 695091
11559.0 11225.0 28439
11175.0 9800.0 133997
11275.0 9475.0 488536
10650.0 9400.0 732012
11275.0 9175.0 153801
11125.0 5350.0 630616
11025.0 4750.0 719046
11000.0 4600.0 720035
11000.0 3600.0 314858
11650.0 3350.0 394919
11725.0 4825.0 508490
12500.0 5950.0 318711
11715.0 11225.0 299893
11871.0 11225.0 493510
12027.0 11225.0 202261
12183.0 11225.0 752646
12339.0 11225.0 38311
12495.0 11225.0 570455
12651.0 11225.0 667583
12807.0 11225.0 181232
12963.0 11225.0 63145
13325.0 6100.0 220744
13100.0 4625.0 138493
12825.0 3800.0 93503
12850.0 2425.0 558630
13585.0 1975.0 721811
13585.0 2131.0 542809
13585.0 2287.0 649650
13585.0 2443.0 449811
13585.0 2599.0 655940
13585.0 2755.0 337364
13585.0 2911.0 249494
13585.0 3067.0 339888
13585.0 3223.0 747761
13585.0 3379.0 338097
13585.0 9615.0 573755
13585.0 9771.0 494982
13585.0 9927.0 527388
13585.0 10083.0 328740
13585.0 10239.0 305597
13585.0 10395.0 525779
13585.0 10551.0 42825
13585.0 10707.0 174083
13585.0 10863.0 688827
13585.0 11019.0 669123
