# C:\Users\gielpa\PycharmProjects\Genetic-Algorithm\data-bak\pr136.tsp\data
5300.0 1965.0 933606
7275.0 1965.0 300533
12450.0 1965.0 251282
14425.0 1965.0 771562
4118.0 2275.0 20033
4743.0 2275.0 527128
5935.0 2275.0 406248
6560.0 2275.0 877374
11268.0 2275.0 62659
11893.0 2275.0 579883
13085.0 2275.0 774240
13710.0 2275.0 649511
14425.0 2590.0 849100
12450.0 2590.0 459814
10250.0 2675.0 155231
7275.0 2590.0 676341
5300.0 2590.0 597501
3100.0 2675.0 629061
5300.0 2760.0 236462
7275.0 2760.0 391134
12450.0 2760.0 36462
14425.0 2760.0 10499
13710.0 3075.0 89940
13085.0 3075.0 916656
11893.0 3075.0 876005
11268.0 3075.0 85630
6560.0 3075.0 662286
5935.0 3075.0 304456
4743.0 3075.0 452866
4118.0 3075.0 193200
5300.0 3385.0 203557
7275.0 3385.0 468718
12450.0 3385.0 127909
14425.0 3385.0 78610
14425.0 4515.0 533720
12450.0 4515.0 348486
7275.0 4515.0 51303
5300.0 4515.0 797975
4118.0 4825.0 59491
4743.0 4825.0 404726
5935.0 4825.0 914626
6560.0 4825.0 387367
11268.0 4825.0 772932
11893.0 4825.0 95821
13085.0 4825.0 426353
13710.0 4825.0 809639
14425.0 5140.0 734337
12450.0 5140.0 489249
10250.0 5225.0 542642
7275.0 5140.0 456681
5300.0 5140.0 621140
3100.0 5225.0 322052
5300.0 5310.0 642066
7275.0 5310.0 365822
12450.0 5310.0 894110
14425.0 5310.0 414076
13710.0 5625.0 556476
13085.0 5625.0 800077
11893.0 5625.0 640532
11268.0 5625.0 370354
6560.0 5625.0 871679
5935.0 5625.0 25847
4743.0 5625.0 779495
4118.0 5625.0 929774
5300.0 5935.0 629209
7275.0 5935.0 910937
12450.0 5935.0 413652
14425.0 5935.0 677316
14425.0 7065.0 922389
12450.0 7065.0 354028
7275.0 7065.0 438673
5300.0 7065.0 577148
4118.0 7375.0 447864
4743.0 7375.0 1715
5935.0 7375.0 232062
6560.0 7375.0 14996
11268.0 7375.0 178094
11893.0 7375.0 502897
13085.0 7375.0 388582
13710.0 7375.0 397554
14425.0 7690.0 772714
12450.0 7690.0 264062
7275.0 7690.0 230543
5300.0 7690.0 555585
3100.0 7775.0 543686
5300.0 7860.0 215827
7275.0 7860.0 504028
10250.0 7775.0 899819
12450.0 7860.0 447035
14425.0 7860.0 784691
13710.0 8175.0 142048
13085.0 8175.0 835119
11893.0 8175.0 741481
11268.0 8175.0 790985
6560.0 8175.0 355875
5935.0 8175.0 799265
4743.0 8175.0 659340
4118.0 8175.0 695814
5300.0 8485.0 162689
7275.0 8485.0 31677
12450.0 8485.0 919590
14425.0 8485.0 115633
14425.0 9615.0 262098
12450.0 9615.0 733269
7275.0 9615.0 57850
5300.0 9615.0 764090
4118.0 9925.0 556810
4743.0 9925.0 893005
5935.0 9925.0 229473
6560.0 9925.0 221843
11268.0 9925.0 925036
11893.0 9925.0 823652
13085.0 9925.0 475758
13710.0 9925.0 639135
14425.0 10240.0 631368
12450.0 10240.0 274545
7275.0 10240.0 157455
5300.0 10240.0 771067
3100.0 10325.0 744737
5300.0 10410.0 484632
7275.0 10410.0 470948
10250.0 10325.0 615947
12450.0 10410.0 332835
14425.0 10410.0 101487
13710.0 10725.0 448660
13085.0 10725.0 81494
11893.0 10725.0 625543
11268.0 10725.0 133049
6560.0 10725.0 161799
5935.0 10725.0 950400
4743.0 10725.0 675616
4118.0 10725.0 561107
14425.0 11035.0 63191
12450.0 11035.0 199117
7275.0 11035.0 231213
5300.0 11035.0 104031
