# C:\Users\gielpa\PycharmProjects\Genetic-Algorithm\data-bak\pr144.tsp\data
4350.0 4425.0 335530
4500.0 4425.0 570876
4300.0 4725.0 86121
4300.0 4825.0 731414
4300.0 4950.0 704262
4300.0 5050.0 664295
4350.0 8875.0 85538
4500.0 8875.0 511694
4300.0 9175.0 412
4300.0 9275.0 306347
4300.0 9400.0 656724
4300.0 9500.0 330107
4950.0 10600.0 120964
5150.0 10600.0 665248
5525.0 9525.0 802371
5525.0 9425.0 47862
5525.0 9225.0 543403
5525.0 9125.0 354178
4950.0 8875.0 553947
5250.0 8875.0 743727
5550.0 8875.0 360410
4950.0 6150.0 818029
5150.0 6150.0 300724
5525.0 5075.0 346269
5525.0 4975.0 241754
5525.0 4775.0 71071
5525.0 4675.0 577818
4950.0 4425.0 74494
5250.0 4425.0 184112
5550.0 4425.0 888658
5875.0 2325.0 383346
5875.0 2475.0 234789
5875.0 2625.0 686184
5875.0 2775.0 671110
5675.0 4825.0 5184
5675.0 4925.0 446460
5875.0 6775.0 227943
5875.0 6925.0 743764
5875.0 7075.0 533831
5875.0 7225.0 563063
5675.0 9275.0 17220
5675.0 9375.0 146472
8125.0 10150.0 285827
8225.0 10150.0 629655
8325.0 10150.0 137368
8125.0 5700.0 595772
8225.0 5700.0 605487
8325.0 5700.0 175318
8675.0 3150.0 271962
8675.0 3250.0 782990
8675.0 3350.0 485817
8675.0 3450.0 447126
8675.0 3550.0 366774
8675.0 3650.0 34648
8675.0 3750.0 474558
8675.0 3850.0 397624
8675.0 3950.0 306987
8675.0 4050.0 740665
8425.0 5700.0 287882
8525.0 5700.0 14034
8675.0 7600.0 298278
8675.0 7700.0 370426
8675.0 7800.0 688807
8675.0 7900.0 631550
8675.0 8000.0 201123
8675.0 8100.0 884397
8675.0 8200.0 109890
8675.0 8300.0 835447
8675.0 8400.0 210543
8675.0 8500.0 451546
8425.0 10150.0 339887
8525.0 10150.0 250056
10850.0 9500.0 250977
10850.0 9400.0 206009
10850.0 9275.0 482375
10850.0 9175.0 621429
10900.0 8875.0 603822
11050.0 8875.0 7146
10850.0 5050.0 283596
10850.0 4950.0 157828
10850.0 4825.0 766724
10850.0 4725.0 621194
10900.0 4425.0 39138
11050.0 4425.0 243862
11500.0 4425.0 418939
11800.0 4425.0 358175
11500.0 6150.0 529222
11700.0 6150.0 502052
11500.0 8875.0 11474
11800.0 8875.0 795902
11500.0 10600.0 26536
11700.0 10600.0 807295
12075.0 9525.0 725005
12075.0 9425.0 745492
12225.0 9375.0 44371
12225.0 9275.0 496289
12075.0 9225.0 754017
12075.0 9125.0 550976
12100.0 8875.0 175603
12425.0 7225.0 195791
12425.0 7075.0 645216
12425.0 6925.0 475230
12425.0 6775.0 801001
12075.0 5075.0 502314
12075.0 4975.0 82694
12225.0 4925.0 883886
12225.0 4825.0 580021
12075.0 4775.0 279993
12075.0 4675.0 488828
12100.0 4425.0 129176
12425.0 2775.0 722754
12425.0 2625.0 653412
12425.0 2475.0 672872
12425.0 2325.0 16099
14675.0 5700.0 798654
14675.0 10150.0 807173
14775.0 10150.0 359471
14875.0 10150.0 736935
14975.0 10150.0 400641
15075.0 10150.0 435204
15225.0 8500.0 85851
15225.0 8400.0 796596
15225.0 8300.0 340319
15225.0 8200.0 809636
15225.0 8100.0 512525
15225.0 8000.0 39785
15225.0 7900.0 801452
15225.0 7800.0 853298
15225.0 7700.0 909492
15225.0 7600.0 622649
14775.0 5700.0 157217
14875.0 5700.0 746604
14975.0 5700.0 287420
15075.0 5700.0 160551
15225.0 4050.0 350216
15225.0 3950.0 460249
15225.0 3850.0 216660
15225.0 3750.0 285991
15225.0 3650.0 16930
15225.0 3550.0 791027
15225.0 3450.0 531471
15225.0 3350.0 399192
15225.0 3250.0 621692
15225.0 3150.0 430265
