# C:\Users\gielpa\PycharmProjects\Genetic-Algorithm\data-bak\pr152.tsp\data
2100.0 1850.0 29093
2100.0 3000.0 798630
2100.0 4400.0 352819
2100.0 5550.0 917360
2100.0 6950.0 183252
2100.0 8100.0 868322
2100.0 9500.0 145222
2100.0 10650.0 12667
2348.0 11205.0 489015
2350.0 10050.0 588874
2348.0 8655.0 963814
2350.0 7500.0 516991
2348.0 6105.0 188643
2350.0 4950.0 1236917
2348.0 3555.0 611590
2350.0 2400.0 73409
2625.0 11175.0 989447
2775.0 10995.0 622525
2625.0 10025.0 530842
2634.0 9748.0 319128
2607.0 9831.0 977443
2625.0 8625.0 813063
2775.0 8445.0 13235
2625.0 7475.0 524050
2607.0 7281.0 311788
2634.0 7198.0 1102439
2625.0 6075.0 685031
2775.0 5895.0 516672
2625.0 4925.0 748938
2607.0 4731.0 513385
2634.0 4648.0 672321
2625.0 3525.0 1216147
2775.0 3345.0 930163
2625.0 2375.0 562621
2634.0 2098.0 1121692
2607.0 2181.0 798012
2825.0 3025.0 226134
2825.0 5575.0 726129
2825.0 8125.0 499068
2825.0 10675.0 304065
8349.0 10106.0 819584
8353.0 9397.0 193676
8349.0 7556.0 333745
8353.0 6847.0 554378
8349.0 5006.0 661158
8353.0 4297.0 643135
8349.0 2456.0 588950
8353.0 1747.0 947117
8474.0 1777.0 101069
8576.0 1803.0 229950
8575.0 2325.0 453881
8474.0 4327.0 272400
8576.0 4353.0 452941
8575.0 4875.0 1146114
8474.0 6877.0 217004
8576.0 6903.0 806094
8575.0 7425.0 769828
8474.0 9427.0 807460
8576.0 9453.0 843602
8575.0 9975.0 159356
8625.0 9875.0 1084744
8675.0 9675.0 21499
8675.0 9525.0 227235
8669.0 9450.0 1052157
8625.0 7325.0 1205228
8675.0 7125.0 1152531
8675.0 6975.0 728073
8669.0 6900.0 855890
8625.0 4775.0 1020587
8675.0 4575.0 674994
8675.0 4425.0 933647
8669.0 4350.0 937334
8625.0 2225.0 224413
8675.0 1875.0 972375
8675.0 2025.0 636623
8669.0 1800.0 1053182
9250.0 1850.0 1085081
9250.0 3000.0 578862
9250.0 4400.0 999144
9250.0 5550.0 1246139
9250.0 6950.0 511346
9250.0 8100.0 322447
9250.0 9500.0 1045943
9250.0 10650.0 927625
9498.0 11205.0 880733
9500.0 10050.0 1102385
9498.0 8655.0 115783
9500.0 7500.0 599656
9498.0 6105.0 267275
9500.0 4950.0 1246019
9498.0 3555.0 575158
9500.0 2400.0 127842
9784.0 2098.0 359692
9757.0 2181.0 402151
9775.0 2375.0 70817
9775.0 3525.0 452215
9784.0 4648.0 524073
9757.0 4731.0 1066909
9775.0 4925.0 587712
9775.0 6075.0 270033
9784.0 7198.0 524395
9757.0 7281.0 639702
9775.0 7475.0 721124
9775.0 8625.0 735541
9784.0 9748.0 144751
9757.0 9831.0 280195
9775.0 10025.0 1071623
9775.0 11175.0 511747
9925.0 10995.0 925687
9975.0 10675.0 125046
9925.0 8445.0 920272
9975.0 8125.0 599949
9925.0 5895.0 21917
9975.0 5575.0 323387
9925.0 3345.0 442196
9975.0 3025.0 956767
15499.0 10106.0 578485
15503.0 9397.0 1145019
15499.0 7556.0 571565
15503.0 6847.0 730268
15499.0 5006.0 1238992
15503.0 4297.0 1183224
15499.0 2456.0 1031858
15503.0 1747.0 425772
15624.0 1777.0 764197
15726.0 1803.0 418931
15775.0 2225.0 948974
15725.0 2325.0 182492
15624.0 4327.0 237423
15726.0 4353.0 1152484
15775.0 4775.0 339559
15725.0 4875.0 427938
15624.0 6877.0 81438
15726.0 6903.0 104194
15775.0 7325.0 598334
15725.0 7425.0 523625
15624.0 9427.0 1167730
15726.0 9453.0 228976
15775.0 9875.0 270322
15725.0 9975.0 133326
15825.0 9675.0 429045
15825.0 9525.0 594073
15819.0 9450.0 722266
15825.0 7125.0 1110883
15825.0 6975.0 818838
15819.0 6900.0 311733
15825.0 4575.0 126065
15825.0 4425.0 169532
15819.0 4350.0 347764
15825.0 1875.0 309152
15825.0 2025.0 1243223
15819.0 1800.0 49652
