# C:\Users\gielpa\PycharmProjects\Genetic-Algorithm\data-bak\pr226.tsp\data
15625.0 1150.0 1007647
14625.0 1200.0 1503134
14525.0 1200.0 873483
14425.0 1200.0 796182
14125.0 1200.0 1741609
14025.0 1200.0 80591
13925.0 1200.0 119100
13975.0 1500.0 1914534
13625.0 1200.0 1151502
13475.0 1200.0 1506746
13475.0 1600.0 194884
13475.0 1750.0 791419
13475.0 1900.0 638408
13325.0 1200.0 216152
13175.0 1200.0 897246
13100.0 1725.0 568409
12675.0 1725.0 1042695
12025.0 1300.0 712052
11425.0 1600.0 232621
9725.0 1450.0 1885071
7975.0 1150.0 1226641
6975.0 1200.0 936339
6875.0 1200.0 1311780
6775.0 1200.0 1861810
6475.0 1200.0 1659262
6375.0 1200.0 1775094
6275.0 1200.0 1290024
6325.0 1500.0 1212862
5975.0 1200.0 1119601
5825.0 1200.0 180970
5825.0 1600.0 1244826
5825.0 1750.0 885354
5825.0 1900.0 697020
5675.0 1200.0 703374
5525.0 1200.0 372935
5450.0 1725.0 818952
5025.0 1725.0 823532
4375.0 1300.0 1496216
3775.0 1600.0 1245916
2075.0 1450.0 590716
2075.0 3850.0 388755
3775.0 2300.0 619988
4375.0 3300.0 173151
5025.0 2150.0 1756427
5450.0 2150.0 141977
5475.0 2500.0 1505628
5475.0 3000.0 895918
5825.0 2050.0 104701
6325.0 2200.0 19593
7975.0 2150.0 1092113
8725.0 2550.0 868685
8725.0 2650.0 1235208
8725.0 2750.0 859062
8725.0 2850.0 1815049
8725.0 2950.0 541164
8725.0 3050.0 532900
8725.0 3200.0 1704472
8725.0 3300.0 873804
8725.0 3400.0 540377
8725.0 3500.0 1841010
8725.0 3600.0 506336
8725.0 3700.0 353747
8725.0 3800.0 772222
9725.0 3850.0 1432004
11425.0 2300.0 1033201
12025.0 3300.0 1050473
12675.0 2150.0 241551
13100.0 2150.0 1693742
13125.0 2500.0 1266219
13125.0 3000.0 180169
13475.0 2050.0 1917587
13975.0 2200.0 208167
15625.0 2150.0 675137
16375.0 2550.0 664983
16375.0 2650.0 1405139
16375.0 2750.0 397945
16375.0 2850.0 60486
16375.0 2950.0 1753817
16375.0 3050.0 507960
16375.0 3200.0 1302626
16375.0 3300.0 781299
16375.0 3400.0 642512
16375.0 3500.0 788189
16375.0 3600.0 1460911
16375.0 3700.0 1197550
16375.0 3800.0 506054
4875.0 6500.0 1145700
4875.0 6700.0 1812282
4875.0 6600.0 1412623
4875.0 6800.0 869818
4875.0 6900.0 461055
4875.0 7000.0 158314
4875.0 7100.0 643957
4875.0 7200.0 6329
4975.0 6500.0 1745534
4975.0 6600.0 334375
4975.0 6700.0 1480306
4975.0 6800.0 920617
4975.0 6900.0 1813774
4975.0 7000.0 442636
4975.0 7100.0 188849
4975.0 7200.0 200712
12525.0 6500.0 44464
12525.0 6700.0 1447481
12525.0 6600.0 204123
12525.0 6800.0 1008542
12525.0 6900.0 706311
12525.0 7000.0 1268771
12525.0 7100.0 1439452
12525.0 7200.0 706563
12625.0 6500.0 1498524
12625.0 6600.0 1394300
12625.0 6700.0 617263
12625.0 6800.0 1282618
12625.0 6900.0 1459368
12625.0 7000.0 419527
12625.0 7100.0 1240721
12625.0 7200.0 1503696
12625.0 8450.0 320868
12625.0 8550.0 158528
12625.0 8650.0 709014
12625.0 8750.0 1290890
12625.0 8850.0 119616
12625.0 8950.0 1780183
12625.0 9050.0 598540
12525.0 8450.0 1827324
12525.0 8650.0 1677238
12525.0 8550.0 49696
12525.0 8750.0 1429286
12525.0 8950.0 1939195
12525.0 8850.0 684982
12525.0 9050.0 1312021
10075.0 8800.0 1529962
9975.0 8800.0 270040
9875.0 8800.0 407715
9775.0 8800.0 1304022
4975.0 8450.0 574338
4975.0 8550.0 1445351
4975.0 8650.0 1160123
4975.0 8750.0 1508371
4975.0 8850.0 901624
4975.0 8950.0 994004
4975.0 9050.0 1243160
4875.0 8450.0 915154
4875.0 8650.0 468399
4875.0 8550.0 709539
4875.0 8750.0 1656065
4875.0 8950.0 1574258
4875.0 8850.0 1684231
4875.0 9050.0 797882
2425.0 8800.0 667451
2325.0 8800.0 1647855
2225.0 8800.0 1272971
2125.0 8800.0 144294
1875.0 11850.0 18316
1975.0 11850.0 714380
2075.0 11850.0 1709302
2425.0 11850.0 1304821
2525.0 11850.0 971452
2625.0 11850.0 1381306
2725.0 11850.0 1011564
2825.0 11850.0 134545
2925.0 11850.0 846530
3025.0 11850.0 1884690
3125.0 11850.0 1692455
3375.0 11850.0 143955
3475.0 11850.0 1580450
3575.0 11850.0 1024547
3675.0 11850.0 317051
3775.0 11850.0 1792668
4075.0 11850.0 452069
4175.0 11850.0 1145976
4275.0 11850.0 915244
4375.0 11850.0 1053126
4475.0 11850.0 967670
4575.0 11850.0 1708437
4675.0 11850.0 1316873
4775.0 11850.0 825339
4875.0 11850.0 977157
4975.0 11850.0 1337741
5375.0 11850.0 1383339
5475.0 11850.0 1293621
5575.0 11850.0 81289
5675.0 11850.0 1167656
5775.0 11850.0 188308
5875.0 11850.0 653146
5975.0 11850.0 503175
6075.0 11850.0 179410
6175.0 11850.0 531562
6275.0 11850.0 180655
9525.0 11850.0 1114178
9625.0 11850.0 635276
9725.0 11850.0 1602499
10075.0 11850.0 307572
10175.0 11850.0 68003
10275.0 11850.0 1510609
10375.0 11850.0 1867313
10475.0 11850.0 473906
10575.0 11850.0 1664334
10675.0 11850.0 1209603
10775.0 11850.0 1329831
11025.0 11850.0 27312
11125.0 11850.0 230233
11225.0 11850.0 1553477
11325.0 11850.0 57464
11425.0 11850.0 1127098
11725.0 11850.0 1588417
11825.0 11850.0 1915618
11925.0 11850.0 359833
12025.0 11850.0 31152
12125.0 11850.0 509922
12225.0 11850.0 1046487
12325.0 11850.0 1898834
12425.0 11850.0 1963757
12525.0 11850.0 267387
12625.0 11850.0 746686
13025.0 11850.0 1875177
13125.0 11850.0 521932
13225.0 11850.0 1458334
13325.0 11850.0 282680
13425.0 11850.0 864641
13525.0 11850.0 268201
13625.0 11850.0 1847975
13725.0 11850.0 474197
13825.0 11850.0 169664
13925.0 11850.0 1795572
