# C:\Users\gielpa\PycharmProjects\Genetic-Algorithm\data-bak\pr2392.tsp\data
1639.0 2156.0 14330394
1875.0 2925.0 1961933
2150.0 2925.0 6598599
2425.0 2925.0 10409304
2525.0 2675.0 13236536
2525.0 2575.0 14858304
2525.0 2375.0 5148976
2525.0 2275.0 19439920
2525.0 2175.0 14509095
2786.0 2148.0 13564450
2786.0 2249.0 17679705
2786.0 2352.0 10913700
2785.0 2451.0 11843725
2785.0 2552.0 12496158
2787.0 2651.0 3216928
2925.0 2925.0 12504562
3198.0 2925.0 10760927
3475.0 2925.0 8009681
3725.0 2925.0 9617713
3675.0 2675.0 3601108
3675.0 2575.0 10195589
3675.0 2375.0 416339
3675.0 2275.0 18178501
3675.0 2175.0 12302217
4189.0 2156.0 8233017
4190.0 2256.0 5984023
4190.0 2355.0 8719337
4189.0 2456.0 4706580
4189.0 2556.0 4560252
4190.0 2656.0 2943961
4275.0 2975.0 382140
4425.0 2925.0 7756230
4700.0 2925.0 15607282
4975.0 2925.0 6096002
5075.0 2675.0 9998950
5075.0 2575.0 3416710
5075.0 2375.0 16863196
5075.0 2275.0 11812237
5075.0 2175.0 19243063
5336.0 2148.0 7673120
5336.0 2249.0 1187808
5336.0 2352.0 12248589
5335.0 2451.0 3322096
5335.0 2552.0 14779344
5337.0 2651.0 3341857
5475.0 2925.0 4884357
5748.0 2925.0 5119273
6025.0 2925.0 10407848
6275.0 2925.0 16522085
6225.0 2675.0 11188824
6225.0 2575.0 14169607
6225.0 2375.0 16788201
6225.0 2275.0 6178620
6225.0 2175.0 10775431
6739.0 2156.0 8748643
6740.0 2256.0 7807791
6740.0 2355.0 18740089
6739.0 2456.0 13614895
6739.0 2556.0 512526
6740.0 2656.0 17532412
6825.0 2975.0 19153823
6975.0 2925.0 9437908
7250.0 2925.0 13153771
7525.0 2925.0 16327139
7625.0 2675.0 12762889
7625.0 2575.0 5659937
7625.0 2375.0 13709787
7625.0 2275.0 3164078
7625.0 2175.0 19884553
7886.0 2148.0 1011825
7886.0 2249.0 7238554
7886.0 2352.0 7199772
7885.0 2451.0 5008958
7885.0 2552.0 13353054
7887.0 2651.0 18854118
8025.0 2925.0 18210841
8298.0 2925.0 5787470
8575.0 2925.0 7497151
8825.0 2925.0 18194282
8775.0 2675.0 11648298
8775.0 2575.0 7176528
8775.0 2375.0 7723674
8775.0 2275.0 1288481
8775.0 2175.0 5032047
9289.0 2156.0 14437372
9290.0 2256.0 7838781
9290.0 2355.0 13231801
9289.0 2456.0 15542131
9289.0 2556.0 4473674
9290.0 2656.0 5117714
9375.0 2975.0 3455982
9525.0 2925.0 17201234
9800.0 2925.0 15697726
10075.0 2925.0 3940443
10175.0 2675.0 5294052
10175.0 2575.0 18315619
10175.0 2375.0 1652458
10175.0 2275.0 18428403
10175.0 2175.0 16253455
10436.0 2148.0 18244515
10436.0 2249.0 11145006
10436.0 2352.0 20139280
10435.0 2451.0 12195017
10435.0 2552.0 8189776
10437.0 2651.0 19772084
10575.0 2925.0 19957639
10848.0 2925.0 5732728
11125.0 2925.0 15360616
11325.0 2175.0 10954042
11325.0 2275.0 4766255
11325.0 2375.0 11068117
11325.0 2575.0 6955468
11325.0 2675.0 14370980
11375.0 2925.0 15617940
11375.0 3125.0 5964230
11400.0 3225.0 20114978
11400.0 3325.0 9182116
11400.0 3475.0 18593578
11400.0 3625.0 18806377
11300.0 3825.0 14771554
11125.0 3825.0 14023684
11125.0 3925.0 18065090
11025.0 3975.0 6224656
10925.0 3975.0 7516706
10925.0 3875.0 1169387
10550.0 3925.0 8762160
10550.0 3725.0 18943871
10550.0 3325.0 19805783
10100.0 3325.0 14381037
10100.0 3725.0 6680269
10100.0 3925.0 6116903
9725.0 3875.0 6577993
9725.0 3975.0 19805618
9625.0 3975.0 19601076
9550.0 3875.0 18549551
9425.0 3875.0 5820378
9275.0 3900.0 551245
9250.0 3700.0 7427248
9250.0 3575.0 10951278
9250.0 3475.0 10489869
9250.0 3375.0 19295260
9250.0 3275.0 9195950
8825.0 3125.0 19637820
8850.0 3225.0 19174273
8850.0 3325.0 747023
8850.0 3475.0 17368118
8850.0 3625.0 8965082
8750.0 3825.0 16284248
8575.0 3825.0 583176
8575.0 3925.0 17111424
8475.0 3975.0 12367942
8375.0 3875.0 18614085
8375.0 3975.0 7999033
8400.0 4125.0 1519005
8300.0 4175.0 11749871
8400.0 4275.0 13560699
8500.0 4175.0 16462188
8675.0 4325.0 9859873
8775.0 4425.0 10069732
8825.0 4325.0 2112992
9275.0 4275.0 16197568
9375.0 4275.0 71080
9325.0 4375.0 20089360
9400.0 4450.0 10885202
9400.0 4550.0 18504075
9325.0 4500.0 8833872
9215.0 4560.0 14164689
9215.0 4710.0 8444867
9375.0 4775.0 16921328
9215.0 4860.0 14975767
9215.0 5010.0 1576121
9215.0 5160.0 12264566
9215.0 5310.0 7491721
9215.0 5460.0 17034411
9215.0 5610.0 6169785
9475.0 5675.0 8320623
9475.0 5525.0 9042332
9475.0 5425.0 3409524
9475.0 5275.0 10695213
9475.0 5025.0 10956167
9575.0 5075.0 15960459
9725.0 5075.0 5134198
9675.0 4975.0 19878374
9575.0 4925.0 8573767
9525.0 4775.0 10877060
9600.0 4675.0 1546748
9625.0 4775.0 4969466
9775.0 4775.0 12019905
9975.0 4600.0 11459753
9875.0 4600.0 10080505
9800.0 4525.0 14104198
9700.0 4525.0 6121621
9700.0 4425.0 5225157
9800.0 4425.0 1196750
9800.0 4325.0 14785595
9700.0 4275.0 14423059
9600.0 4175.0 11520193
9700.0 4125.0 18647188
9800.0 4175.0 14189002
9875.0 4275.0 14159014
9975.0 4275.0 4506467
10075.0 4175.0 6791678
10275.0 4175.0 7067124
10375.0 4175.0 16238940
10575.0 4175.0 6121718
10675.0 4275.0 12602154
10775.0 4275.0 4893012
10850.0 4325.0 2657286
10850.0 4425.0 4319057
10850.0 4525.0 6187102
10775.0 4575.0 16717655
10675.0 4575.0 2624454
10875.0 4775.0 16996814
11025.0 4775.0 12788488
11175.0 4725.0 791861
11050.0 4675.0 10922171
10950.0 4500.0 14814670
10950.0 4400.0 16133303
10950.0 4275.0 4573975
10850.0 4175.0 17702529
10950.0 4125.0 5508050
11050.0 4175.0 14317141
11225.0 4325.0 14870598
11375.0 4325.0 2115074
11325.0 4425.0 13834541
11325.0 4575.0 14137219
11325.0 4675.0 18633272
11325.0 4775.0 10824784
11325.0 4925.0 5863662
11450.0 4925.0 16006826
11450.0 5075.0 11001024
11422.0 5204.0 7375735
11425.0 5325.0 5257948
11325.0 5275.0 7062271
11325.0 5375.0 15192182
11175.0 5375.0 6498584
11175.0 5275.0 7973138
11125.0 5175.0 6639724
11100.0 5025.0 18035998
10975.0 4975.0 13777874
10925.0 5075.0 327006
10950.0 5175.0 13783601
10900.0 5275.0 14260382
10900.0 5375.0 14780569
10800.0 5175.0 1328911
10525.0 5175.0 1730613
10325.0 5175.0 17557038
10325.0 5025.0 18900003
10425.0 5075.0 32666
10475.0 4975.0 18161663
10325.0 4875.0 3758889
10175.0 4975.0 16355289
10225.0 5075.0 2161746
10125.0 5175.0 13137243
9975.0 5175.0 6437886
10050.0 5250.0 11444353
10050.0 5350.0 17946093
10025.0 5450.0 2923689
10175.0 5450.0 10600272
10325.0 5450.0 347370
10475.0 5450.0 14915344
10575.0 5450.0 10291272
10675.0 5450.0 10976692
10525.0 6025.0 22489
10525.0 6125.0 8221530
10675.0 6125.0 12846927
10825.0 6025.0 5338232
11025.0 6050.0 8608075
11224.0 5908.0 15582352
11400.0 5975.0 9060357
11400.0 6375.0 14507015
11400.0 6575.0 6063558
11175.0 6575.0 18291823
11025.0 6450.0 11020756
10975.0 6675.0 10272453
11075.0 6775.0 16924301
10975.0 6875.0 6057709
11175.0 6975.0 19784583
11375.0 6975.0 342988
11325.0 7075.0 378359
11400.0 7150.0 15202159
11125.0 7150.0 12172466
10975.0 7150.0 14441826
10875.0 7325.0 2764214
10925.0 7425.0 5701779
11075.0 7425.0 7525076
11175.0 7475.0 6563102
11075.0 7575.0 10687085
11175.0 7625.0 6720581
11175.0 7725.0 11851928
11025.0 7725.0 3014863
11025.0 7825.0 7795815
11175.0 7825.0 4447052
11325.0 7875.0 8489012
11425.0 7925.0 5776437
11425.0 8075.0 11009043
11325.0 8075.0 7344154
11275.0 8175.0 16030362
11425.0 8225.0 10697398
11425.0 8375.0 473335
11275.0 8325.0 11787101
11175.0 8325.0 11354733
11075.0 8225.0 960705
10975.0 8225.0 8061136
10925.0 7975.0 1481403
10775.0 7825.0 17555275
10825.0 7600.0 15760949
10725.0 7575.0 1364210
10775.0 7425.0 4924782
10675.0 7425.0 11883588
10525.0 7425.0 18331030
10525.0 7575.0 3981013
10450.0 7750.0 1550807
10300.0 7750.0 13037083
10425.0 7875.0 9284412
10525.0 7925.0 10456052
10575.0 7825.0 3826867
10625.0 7975.0 19914879
10725.0 7975.0 9218790
10725.0 8075.0 4287727
10625.0 8125.0 12343383
10525.0 8075.0 9333809
10425.0 8025.0 14407353
10425.0 8125.0 1952692
10250.0 8225.0 12984150
10150.0 8225.0 20156280
10225.0 8125.0 13984670
10275.0 7975.0 2823100
10125.0 7975.0 16091282
10000.0 7875.0 9601283
10000.0 7775.0 13747684
9825.0 7825.0 11368845
9625.0 7725.0 14422139
9475.0 7725.0 1056162
9425.0 7625.0 11949210
9575.0 7625.0 5608638
9625.0 7475.0 19088166
9725.0 7575.0 4132443
9825.0 7475.0 19030178
10025.0 7525.0 4236039
9975.0 7425.0 4582715
9925.0 7275.0 6691902
9825.0 7075.0 2188747
9625.0 7075.0 18073151
9725.0 6975.0 15932494
9875.0 6775.0 2750249
9725.0 6775.0 1883439
9575.0 6825.0 9196839
9575.0 6675.0 15404439
9725.0 6425.0 9085395
9625.0 6200.0 15732183
9725.0 6025.0 11543626
9625.0 6000.0 411484
9225.0 6375.0 227302
9225.0 6525.0 7135964
9375.0 6525.0 2351753
9375.0 6675.0 13353214
9225.0 6675.0 867638
9225.0 6875.0 4547582
9225.0 7075.0 2625849
9226.0 7259.0 11499396
9225.0 7260.0 11421748
9226.0 7409.0 7570420
9225.0 7410.0 255382
9225.0 7560.0 2852140
9226.0 7560.0 19628702
9225.0 7710.0 10183291
9225.0 7711.0 7044294
9325.0 7825.0 19933689
9225.0 7875.0 7131910
9225.0 7975.0 11851930
9225.0 8075.0 2994468
9225.0 8175.0 17475713
9225.0 8275.0 6488371
9225.0 8375.0 15337291
9225.0 8475.0 1404129
9275.0 8825.0 17741380
9475.0 8825.0 15561572
9578.0 8820.0 721175
9847.0 8703.0 3246050
9875.0 8825.0 11874788
10025.0 8725.0 12493488
10075.0 8825.0 11718158
10175.0 8725.0 10239311
10100.0 8575.0 19403175
10250.0 8375.0 506725
10250.0 8475.0 10416251
10250.0 8625.0 16057752
10475.0 8775.0 12406863
10575.0 8775.0 16665492
10675.0 8775.0 7915214
10775.0 8775.0 13657138
10925.0 8775.0 18444014
10875.0 8625.0 8851317
10875.0 8525.0 3869203
10975.0 8575.0 2841013
11175.0 8475.0 4649643
11275.0 8425.0 10106784
11350.0 8575.0 13094421
11450.0 8675.0 14212256
11350.0 8775.0 5566931
11325.0 9325.0 17556430
11325.0 9425.0 475250
11325.0 9525.0 2533592
11325.0 9725.0 1872199
11325.0 9825.0 18197734
11125.0 10075.0 17928391
11375.0 10075.0 2171915
11375.0 10275.0 16820246
11400.0 10375.0 119688
11400.0 10475.0 12716875
11400.0 10625.0 3825115
11400.0 10775.0 5378839
11300.0 10975.0 18581433
11125.0 10975.0 12694531
11125.0 11075.0 3064720
11025.0 11125.0 18150733
10925.0 11125.0 9820134
10925.0 11025.0 14938299
10550.0 10875.0 7720773
10550.0 11075.0 9345260
10275.0 11325.0 12884746
10375.0 11325.0 3949987
10575.0 11325.0 5155128
10675.0 11425.0 392551
10775.0 11425.0 19752518
10850.0 11475.0 6203877
10850.0 11575.0 14948337
10850.0 11675.0 19036957
10775.0 11725.0 9835526
10675.0 11725.0 6880613
10875.0 11925.0 19680832
11025.0 11925.0 13820322
11175.0 11875.0 13615433
11050.0 11825.0 18401222
10950.0 11650.0 19804602
10950.0 11550.0 4116975
10950.0 11425.0 16873567
10850.0 11325.0 14012963
10950.0 11275.0 9537433
11050.0 11325.0 15488055
11225.0 11475.0 4447165
11375.0 11475.0 4818855
11325.0 11575.0 10516186
11325.0 11725.0 10127665
11325.0 11825.0 3917950
11325.0 11925.0 3926539
11325.0 12075.0 11858193
11450.0 12075.0 18187311
11450.0 12225.0 10245056
11422.0 12354.0 12459928
11425.0 12475.0 14212836
11325.0 12425.0 12276471
11325.0 12525.0 8322502
11175.0 12525.0 3916854
11175.0 12425.0 2331171
11125.0 12325.0 16806983
11100.0 12175.0 12728986
10975.0 12125.0 11852903
10925.0 12225.0 12525491
10950.0 12325.0 15774781
10900.0 12425.0 8729805
10900.0 12525.0 930991
10800.0 12325.0 1662370
10525.0 12325.0 3020904
10425.0 12225.0 8508107
10475.0 12125.0 5154975
10325.0 12025.0 13504388
10175.0 12125.0 20051902
10225.0 12225.0 10224207
10325.0 12175.0 16102370
10325.0 12325.0 16946747
10125.0 12325.0 13681418
9975.0 12325.0 5825889
10050.0 12400.0 19203985
10050.0 12500.0 8446877
10025.0 12600.0 7628440
10175.0 12600.0 16370759
10325.0 12600.0 9067281
10475.0 12600.0 11905287
10575.0 12600.0 19149764
10675.0 12600.0 2192099
10525.0 13175.0 16724985
10525.0 13275.0 3710863
10675.0 13275.0 7749081
10825.0 13175.0 6203776
11025.0 13200.0 18518677
11224.0 13058.0 3481502
11400.0 13125.0 10106851
11400.0 13525.0 16254262
11400.0 13725.0 19075590
11175.0 13725.0 4266378
11025.0 13600.0 7498578
10975.0 13825.0 7058263
11075.0 13925.0 16051178
10975.0 14025.0 1120788
11175.0 14125.0 16807207
11375.0 14125.0 61678
11325.0 14225.0 14470572
11400.0 14300.0 11718304
11125.0 14300.0 20141216
10975.0 14300.0 3613812
10875.0 14475.0 6309071
10925.0 14575.0 15357180
10825.0 14750.0 16322013
10725.0 14725.0 6927187
10775.0 14575.0 8675312
10675.0 14575.0 6828187
10525.0 14575.0 13863237
10525.0 14725.0 13967708
10450.0 14900.0 16521791
10300.0 14900.0 10100838
10425.0 15025.0 9250876
10425.0 15175.0 17475497
10425.0 15275.0 12230187
10525.0 15225.0 1881511
10625.0 15275.0 3205177
10725.0 15225.0 14293610
10725.0 15125.0 13382807
10625.0 15125.0 16216967
10525.0 15075.0 18131536
10575.0 14975.0 12002119
10775.0 14975.0 8992631
10925.0 15125.0 12279445
11025.0 14975.0 16322012
11025.0 14875.0 10363665
11075.0 14725.0 79383
11075.0 14575.0 12292858
11175.0 14625.0 14996842
11175.0 14775.0 7523527
11175.0 14875.0 1284746
11175.0 14975.0 6928218
11325.0 15025.0 17534792
11425.0 15075.0 2274544
11425.0 15225.0 12657921
11325.0 15225.0 6594612
11275.0 15325.0 8472435
11425.0 15375.0 13588840
11425.0 15525.0 8448561
11350.0 15725.0 14822833
11450.0 15825.0 17080803
11350.0 15925.0 11961426
11175.0 15625.0 15866155
11275.0 15575.0 15587557
11275.0 15475.0 16599969
11175.0 15475.0 15595842
11075.0 15375.0 8362076
10975.0 15375.0 5838399
10875.0 15675.0 7306120
10975.0 15725.0 864461
10875.0 15775.0 1447128
10925.0 15925.0 6395536
10775.0 15925.0 2945334
10675.0 15925.0 9437231
10575.0 15925.0 11139625
10475.0 15925.0 17598568
10250.0 15775.0 745692
10175.0 15875.0 10825600
10075.0 15975.0 3421438
9875.0 15975.0 12192045
9847.0 15853.0 6418734
10025.0 15875.0 17434457
10100.0 15725.0 2471178
10250.0 15625.0 3278688
10250.0 15525.0 2560547
10250.0 15375.0 2050408
10150.0 15375.0 14988546
10225.0 15275.0 15058439
10275.0 15125.0 7292721
10125.0 15125.0 1546310
10000.0 15025.0 15702299
10000.0 14925.0 19823792
9825.0 14975.0 16983489
9625.0 14875.0 14527604
9475.0 14875.0 11432248
9425.0 14775.0 10705258
9575.0 14775.0 12480853
9625.0 14625.0 19487161
9725.0 14725.0 14899688
9825.0 14625.0 18247582
10025.0 14675.0 17594705
9975.0 14575.0 2485164
9925.0 14425.0 623343
9825.0 14225.0 6632986
9625.0 14225.0 14837075
9725.0 14125.0 4643577
9875.0 13925.0 1966130
9725.0 13925.0 15216823
9575.0 13975.0 12788085
9575.0 13825.0 767301
9725.0 13575.0 9095638
9625.0 13350.0 1329135
9725.0 13175.0 1026898
9625.0 13150.0 3074596
9225.0 13525.0 13638420
9225.0 13675.0 15451766
9375.0 13675.0 10530032
9375.0 13825.0 12198399
9225.0 13825.0 13914434
9225.0 14025.0 4948391
9225.0 14225.0 7253060
9226.0 14409.0 12513081
9225.0 14410.0 3632753
9226.0 14559.0 8543830
9225.0 14560.0 3631521
9225.0 14710.0 8336470
9226.0 14710.0 6580050
9225.0 14860.0 17287072
9225.0 14861.0 10143835
9325.0 14975.0 17532296
9225.0 15025.0 1672329
9225.0 15125.0 4858288
9225.0 15225.0 15204211
9225.0 15325.0 14719909
9225.0 15425.0 10358230
9225.0 15525.0 3194074
9225.0 15625.0 10853215
9578.0 15970.0 2521815
9475.0 15975.0 17746998
9275.0 15975.0 13290003
8900.0 15825.0 4428442
8800.0 15925.0 11988483
8800.0 15725.0 7945846
8725.0 15575.0 19316357
8625.0 15625.0 11483669
8425.0 15725.0 9434514
8325.0 15675.0 15728346
8325.0 15775.0 3374838
8375.0 15925.0 7428618
8225.0 15925.0 2918635
8125.0 15925.0 3313219
8025.0 15925.0 17047718
7925.0 15925.0 6189001
7700.0 15775.0 3316204
7700.0 15625.0 17946984
7700.0 15525.0 6815571
7550.0 15725.0 17361834
7625.0 15875.0 3548818
7525.0 15975.0 3929888
7475.0 15875.0 12775943
7325.0 15975.0 13117635
7297.0 15853.0 2868037
7028.0 15970.0 3112580
6925.0 15975.0 11236138
6725.0 15975.0 18868000
6675.0 15625.0 17785152
6675.0 15525.0 3772137
6675.0 15425.0 9686004
6675.0 15325.0 7200818
6675.0 15225.0 5334690
6675.0 15125.0 15955315
6675.0 15025.0 7158501
6775.0 14975.0 2775924
6675.0 14861.0 3426309
6675.0 14860.0 15417147
6676.0 14710.0 2118593
6675.0 14710.0 10001597
6675.0 14560.0 316229
6676.0 14559.0 9914200
6675.0 14410.0 17217295
6676.0 14409.0 11150279
6675.0 14225.0 9827906
6675.0 14025.0 16597755
6675.0 13825.0 13818761
6825.0 13825.0 8083484
6825.0 13675.0 3493135
6675.0 13675.0 7845611
6675.0 13525.0 2429339
7075.0 13150.0 12745026
7175.0 13175.0 5939210
7075.0 13350.0 273731
7175.0 13575.0 3477490
7025.0 13825.0 9326266
7025.0 13975.0 1433696
7175.0 13925.0 4305979
7325.0 13925.0 3424817
7175.0 14125.0 3738198
7075.0 14225.0 16543468
7275.0 14225.0 6484276
7375.0 14425.0 11883166
7425.0 14575.0 9128806
7475.0 14675.0 577907
7275.0 14625.0 5316849
7175.0 14725.0 14074347
7075.0 14625.0 10831500
7025.0 14775.0 16155540
6875.0 14775.0 2029989
6925.0 14875.0 3715664
7075.0 14875.0 4658448
7275.0 14975.0 4914544
7450.0 14925.0 17472619
7450.0 15025.0 9769999
7575.0 15125.0 4407887
7725.0 15125.0 13721687
7675.0 15275.0 11930139
7600.0 15375.0 17784987
7700.0 15375.0 15026372
7875.0 15275.0 3466791
7875.0 15175.0 19568441
7975.0 15225.0 584279
8075.0 15275.0 18664720
8175.0 15225.0 71353
8175.0 15125.0 12533740
8075.0 15125.0 9539952
8025.0 14975.0 14764888
7975.0 15075.0 4221663
7875.0 15025.0 8634712
7750.0 14900.0 3574045
7900.0 14900.0 19850209
7975.0 14725.0 13170531
7975.0 14575.0 11736382
8125.0 14575.0 2199756
8225.0 14575.0 4756037
8175.0 14725.0 1030049
8275.0 14750.0 10791463
8225.0 14975.0 10497242
8375.0 15125.0 15700178
8425.0 15375.0 3777281
8525.0 15375.0 7850956
8625.0 15475.0 6452999
8725.0 15475.0 17134730
8875.0 15525.0 406370
8875.0 15375.0 18189366
8725.0 15325.0 12337225
8775.0 15225.0 1982765
8875.0 15225.0 11355418
8875.0 15075.0 9677559
8775.0 15025.0 6288989
8625.0 14975.0 13348180
8475.0 14975.0 4638757
8475.0 14875.0 19532347
8625.0 14875.0 10920443
8625.0 14775.0 9431748
8525.0 14725.0 19604509
8625.0 14625.0 449235
8525.0 14575.0 14990540
8375.0 14575.0 19907485
8325.0 14475.0 10267707
8425.0 14300.0 1427011
8575.0 14300.0 12375631
8850.0 14300.0 5016436
8775.0 14225.0 18718910
8825.0 14125.0 4592473
8625.0 14125.0 16685768
8425.0 14025.0 1674686
8525.0 13925.0 17632715
8425.0 13825.0 4640963
8475.0 13600.0 9943309
8625.0 13725.0 14868950
8850.0 13725.0 19704862
8850.0 13525.0 19729643
8850.0 13125.0 7201640
8674.0 13058.0 13284072
8475.0 13200.0 2182878
8275.0 13175.0 12184559
8125.0 13275.0 5504715
7975.0 13275.0 18382959
7975.0 13175.0 3802127
8125.0 12600.0 9566881
8025.0 12600.0 9070362
7925.0 12600.0 1643689
7775.0 12600.0 4621662
7625.0 12600.0 3199048
7475.0 12600.0 4230016
7500.0 12500.0 472831
7500.0 12400.0 6982613
7425.0 12325.0 11865438
7575.0 12325.0 20012998
7675.0 12225.0 9924140
7625.0 12125.0 19437865
7775.0 12025.0 14435169
7925.0 12125.0 5560079
7875.0 12225.0 4497797
7775.0 12175.0 19430605
7775.0 12325.0 291453
7975.0 12325.0 949263
8250.0 12325.0 14523444
8350.0 12525.0 6702840
8350.0 12425.0 12386320
8400.0 12325.0 16722289
8375.0 12225.0 16874733
8425.0 12125.0 8010567
8550.0 12175.0 7467278
8575.0 12325.0 2987099
8625.0 12425.0 17771277
8625.0 12525.0 6300124
8775.0 12525.0 7608400
8775.0 12425.0 4534222
8875.0 12475.0 8311721
8872.0 12354.0 20016993
8900.0 12225.0 19545729
8900.0 12075.0 1131115
8775.0 12075.0 3513147
8775.0 11925.0 1256586
8775.0 11825.0 14866398
8775.0 11725.0 20096685
8775.0 11575.0 8155493
8825.0 11475.0 14327608
8675.0 11475.0 17884842
8500.0 11325.0 8902249
8400.0 11275.0 606336
8300.0 11325.0 4753281
8400.0 11425.0 19534968
8400.0 11550.0 17067758
8400.0 11650.0 16865290
8500.0 11825.0 16009973
8625.0 11875.0 15853152
8475.0 11925.0 11290776
8325.0 11925.0 2372854
8125.0 11725.0 19370907
8225.0 11725.0 15482517
8300.0 11675.0 9010071
8300.0 11575.0 12372373
8300.0 11475.0 19356352
8225.0 11425.0 8199145
8125.0 11425.0 4730676
8025.0 11325.0 10653033
7825.0 11325.0 12233191
7725.0 11325.0 5882416
7525.0 11325.0 9532506
7425.0 11425.0 14640053
7325.0 11425.0 1377841
7250.0 11325.0 17057290
7150.0 11275.0 1940263
7050.0 11325.0 9703917
7150.0 11425.0 4835709
7250.0 11475.0 3851536
7250.0 11575.0 8931307
7150.0 11575.0 2396987
7150.0 11675.0 17729912
7250.0 11675.0 10184601
7325.0 11750.0 9244332
7425.0 11750.0 8110210
7225.0 11925.0 2228732
7075.0 11925.0 13298822
7050.0 11825.0 5034156
6975.0 11925.0 17838181
7025.0 12075.0 7138232
7125.0 12125.0 8924742
7175.0 12225.0 19482081
7025.0 12225.0 19199761
6925.0 12175.0 12140973
6925.0 12425.0 8717608
6925.0 12575.0 7792623
6925.0 12675.0 1041989
6925.0 12825.0 10793279
6665.0 12760.0 52686
6665.0 12610.0 3156415
6665.0 12460.0 17325472
6665.0 12310.0 17510192
6665.0 12160.0 1629146
6665.0 12010.0 14265456
6825.0 11925.0 19018126
6665.0 11860.0 14036170
6665.0 11710.0 13483888
6775.0 11650.0 10382296
6850.0 11700.0 12551612
6850.0 11600.0 15857399
6775.0 11525.0 14975981
6825.0 11425.0 18147431
6725.0 11425.0 3184319
6275.0 11475.0 2140455
6225.0 11575.0 10795674
6125.0 11475.0 16873291
5950.0 11325.0 15562367
5850.0 11425.0 19082362
5750.0 11325.0 5452323
5850.0 11275.0 10801389
5825.0 11125.0 4150154
5825.0 11025.0 18102839
5925.0 11125.0 9087599
6025.0 11075.0 2171459
6025.0 10975.0 2279584
6200.0 10975.0 19942829
6300.0 10775.0 10287591
6300.0 10625.0 16621161
6300.0 10475.0 6127602
6300.0 10375.0 15161083
6275.0 10275.0 15525753
6700.0 10425.0 17262941
6700.0 10525.0 6262978
6700.0 10625.0 120632
6700.0 10725.0 1369394
6700.0 10850.0 13117739
6725.0 11050.0 12825373
6875.0 11025.0 7120969
7000.0 11025.0 19653932
7075.0 11125.0 6370335
7175.0 11125.0 12535412
7175.0 11025.0 13515466
7550.0 11075.0 19785335
7550.0 10875.0 13122981
7550.0 10475.0 14969850
8000.0 10475.0 3449943
8000.0 10875.0 646470
8000.0 11075.0 17740836
8375.0 11025.0 9199778
8375.0 11125.0 8051967
8475.0 11125.0 14288373
8575.0 11075.0 15881484
8575.0 10975.0 12252800
8750.0 10975.0 20068748
8850.0 10775.0 14546219
8850.0 10625.0 2284367
8850.0 10475.0 18576489
8850.0 10375.0 20057144
8825.0 10275.0 4203595
9250.0 10425.0 3407614
9250.0 10525.0 2525726
9250.0 10625.0 7091805
9250.0 10725.0 17714527
9250.0 10850.0 19689818
9275.0 11050.0 17294338
9425.0 11025.0 10041468
9550.0 11025.0 8119221
9625.0 11125.0 19537196
9725.0 11025.0 1578912
9725.0 11125.0 15561278
9700.0 11275.0 293573
9800.0 11325.0 9030824
9700.0 11425.0 3035236
9600.0 11325.0 4021070
9375.0 11425.0 17240175
9275.0 11425.0 16514809
9325.0 11525.0 10721272
9400.0 11600.0 18260851
9400.0 11700.0 19804924
9325.0 11650.0 9688295
9215.0 11710.0 8901479
9215.0 11860.0 11304475
9375.0 11925.0 3208210
9215.0 12010.0 14764923
9215.0 12160.0 18776354
9215.0 12310.0 6921216
9215.0 12460.0 17670470
9215.0 12610.0 13077265
9215.0 12760.0 5502775
9475.0 12825.0 6435364
9475.0 12675.0 3773989
9475.0 12575.0 15655362
9475.0 12425.0 9981306
9475.0 12175.0 16360399
9575.0 12225.0 12567161
9725.0 12225.0 13939562
9675.0 12125.0 2280436
9575.0 12075.0 14943451
9525.0 11925.0 1828194
9600.0 11825.0 5624533
9625.0 11925.0 20142335
9775.0 11925.0 3625958
9975.0 11750.0 8595314
9875.0 11750.0 1761556
9800.0 11675.0 20173618
9700.0 11675.0 17007504
9700.0 11575.0 3056198
9800.0 11575.0 6907363
9800.0 11475.0 5834334
9875.0 11425.0 9669258
9975.0 11425.0 13205609
10075.0 11325.0 15110770
10100.0 11075.0 8524372
10100.0 10875.0 8951532
10100.0 10475.0 5407740
10550.0 10475.0 10982493
10848.0 10075.0 3719962
10575.0 10075.0 13959576
10437.0 9801.0 7924569
10435.0 9702.0 15217790
10435.0 9601.0 14391298
10436.0 9502.0 1538860
10436.0 9399.0 16963278
10436.0 9298.0 7215964
10175.0 9325.0 12961460
10175.0 9425.0 12036580
10175.0 9525.0 3640051
10175.0 9725.0 9022545
10175.0 9825.0 2340725
10075.0 10075.0 4870419
9800.0 10075.0 6304094
9525.0 10075.0 6856415
9375.0 10125.0 10563923
9290.0 9806.0 5009402
9289.0 9706.0 8939676
9289.0 9606.0 12643395
9290.0 9505.0 2170660
9290.0 9406.0 6373611
9289.0 9306.0 13004351
8775.0 9325.0 14924576
8775.0 9425.0 11514928
8775.0 9525.0 652770
8775.0 9725.0 9076747
8775.0 9825.0 6439697
8825.0 10075.0 14110062
8575.0 10075.0 3610122
8298.0 10075.0 18669992
8025.0 10075.0 17477581
7887.0 9801.0 2513162
7885.0 9702.0 3216850
7885.0 9601.0 15924471
7886.0 9502.0 2854263
7886.0 9399.0 7010181
7886.0 9298.0 14098238
7625.0 9325.0 9652398
7625.0 9425.0 18760555
7625.0 9525.0 13650477
7625.0 9725.0 8634979
7625.0 9825.0 3403689
7525.0 10075.0 11704196
7250.0 10075.0 15210475
6975.0 10075.0 2093568
6825.0 10125.0 16673623
6740.0 9806.0 8042933
6739.0 9706.0 3770747
6739.0 9606.0 10873057
6740.0 9505.0 10300555
6740.0 9406.0 10110126
6739.0 9306.0 19125670
7028.0 8820.0 1906185
6925.0 8825.0 15374004
6725.0 8825.0 18996878
6675.0 8475.0 14669298
6675.0 8375.0 37969
6675.0 8275.0 3581005
6675.0 8175.0 3921758
6675.0 8075.0 1862417
6675.0 7975.0 745135
6675.0 7875.0 1272396
6775.0 7825.0 14583173
6675.0 7711.0 5193274
6675.0 7710.0 5342768
6676.0 7560.0 18600013
6675.0 7560.0 13761518
6675.0 7410.0 2477505
6676.0 7409.0 5726612
6675.0 7260.0 10012772
6676.0 7259.0 1104921
6675.0 7075.0 18491904
6675.0 6875.0 5034790
6675.0 6675.0 4869589
6825.0 6675.0 19903884
6825.0 6525.0 12737858
6675.0 6525.0 5474228
6675.0 6375.0 9432132
7075.0 6000.0 2348734
7175.0 6025.0 5966350
7075.0 6200.0 15144673
7175.0 6425.0 8692463
7025.0 6675.0 11254630
7025.0 6825.0 785890
7175.0 6775.0 400218
7325.0 6775.0 17680599
7175.0 6975.0 6922804
7075.0 7075.0 8284020
7275.0 7075.0 18106325
7375.0 7275.0 10068613
7425.0 7425.0 5715777
7475.0 7525.0 7198041
7275.0 7475.0 14284739
7175.0 7575.0 10292536
7075.0 7475.0 17004298
7025.0 7625.0 12888282
6875.0 7625.0 7642911
6925.0 7725.0 14522818
7075.0 7725.0 5671615
7275.0 7825.0 2888885
7450.0 7775.0 17392702
7450.0 7875.0 2046252
7575.0 7975.0 18949204
7725.0 7975.0 19548025
7675.0 8125.0 2400154
7600.0 8225.0 5588077
7700.0 8225.0 706761
7700.0 8375.0 15838711
7700.0 8475.0 2311796
7550.0 8575.0 9491410
7475.0 8725.0 17373143
7297.0 8703.0 2100870
7325.0 8825.0 8191945
7525.0 8825.0 15686608
7625.0 8725.0 9221469
7700.0 8625.0 2422625
7925.0 8775.0 920364
8025.0 8775.0 8482054
8125.0 8775.0 5454639
8225.0 8775.0 15165488
8375.0 8775.0 18027199
8325.0 8625.0 14909639
8425.0 8575.0 16896430
8325.0 8525.0 14348181
8425.0 8225.0 16466597
8525.0 8225.0 5335487
8625.0 8325.0 4498479
8725.0 8325.0 3475358
8725.0 8425.0 3040209
8625.0 8475.0 141796
8800.0 8775.0 10324087
8900.0 8675.0 9488485
8800.0 8575.0 10712579
8875.0 8375.0 2316015
8875.0 8225.0 9110115
8725.0 8175.0 1599960
8775.0 8075.0 11145757
8875.0 8075.0 8358362
8875.0 7925.0 15852367
8775.0 7875.0 2194987
8625.0 7825.0 11798696
8625.0 7725.0 6136959
8625.0 7625.0 14572677
8625.0 7475.0 18861375
8525.0 7425.0 2481753
8525.0 7575.0 5310990
8475.0 7725.0 19115454
8475.0 7825.0 2436257
8375.0 7975.0 13295969
8225.0 7825.0 8661806
8025.0 7825.0 17706495
7975.0 7925.0 13745929
8075.0 7975.0 11465405
8175.0 7975.0 2742966
8175.0 8075.0 7549495
8075.0 8125.0 17088695
7975.0 8075.0 3472436
7875.0 8125.0 2075955
7875.0 8025.0 9431633
7875.0 7875.0 19641763
7750.0 7750.0 9786301
7900.0 7750.0 17899450
7975.0 7575.0 4899151
7975.0 7425.0 2692667
8125.0 7425.0 16173722
8225.0 7425.0 12027732
8175.0 7575.0 9284778
8275.0 7600.0 4973535
8375.0 7425.0 11009531
8325.0 7325.0 18234278
8425.0 7150.0 15931518
8575.0 7150.0 2090675
8850.0 7150.0 19098818
8775.0 7075.0 12819404
8825.0 6975.0 12816570
8625.0 6975.0 1673777
8425.0 6875.0 10909631
8525.0 6775.0 99688
8425.0 6675.0 10404551
8475.0 6450.0 2558167
8625.0 6575.0 8422730
8850.0 6575.0 5669875
8850.0 6375.0 1206823
8850.0 5975.0 10720100
8674.0 5908.0 12243643
8475.0 6050.0 4926645
8275.0 6025.0 10944527
8125.0 6125.0 14125166
7975.0 6125.0 4616317
7975.0 6025.0 18945682
8125.0 5450.0 11903652
8025.0 5450.0 2159281
7925.0 5450.0 8791648
7775.0 5450.0 6182117
7625.0 5450.0 1746265
7475.0 5450.0 3953917
7500.0 5350.0 13444966
7500.0 5250.0 7523724
7425.0 5175.0 17877415
7575.0 5175.0 16259501
7675.0 5075.0 4217184
7625.0 4975.0 722628
7775.0 4875.0 6548020
7925.0 4975.0 14100290
7875.0 5075.0 1258224
7775.0 5025.0 5276158
7775.0 5175.0 3627694
7975.0 5175.0 20070320
8250.0 5175.0 6698432
8350.0 5375.0 1669344
8350.0 5275.0 17225342
8400.0 5175.0 6667838
8375.0 5075.0 5948641
8425.0 4975.0 7333924
8550.0 5025.0 2687650
8575.0 5175.0 4191836
8625.0 5275.0 1745966
8625.0 5375.0 15364743
8775.0 5375.0 18203764
8775.0 5275.0 787204
8875.0 5325.0 13649507
8872.0 5204.0 19953268
8900.0 5075.0 14159446
8900.0 4925.0 2235977
8775.0 4925.0 3748651
8775.0 4775.0 7255772
8775.0 4675.0 6608032
8775.0 4575.0 20141090
8625.0 4725.0 3639660
8500.0 4675.0 2244022
8475.0 4775.0 14957558
8325.0 4775.0 16714642
8125.0 4575.0 997432
8225.0 4575.0 9438261
8300.0 4525.0 9090861
8400.0 4500.0 9645436
8400.0 4400.0 12042252
8300.0 4425.0 13559684
8300.0 4325.0 3718513
8225.0 4275.0 10327169
8125.0 4275.0 4343710
8025.0 4175.0 19955761
8000.0 3925.0 9254795
8000.0 3725.0 16648521
8000.0 3325.0 16530337
7550.0 3325.0 2163469
7550.0 3725.0 10238530
7550.0 3925.0 3207571
7825.0 4175.0 4493669
7725.0 4175.0 975677
7525.0 4175.0 11530628
7425.0 4275.0 4861549
7325.0 4275.0 16241192
7250.0 4325.0 10396806
7250.0 4425.0 9597358
7150.0 4425.0 5725532
7150.0 4525.0 9257462
7250.0 4525.0 15296097
7325.0 4600.0 5143908
7425.0 4600.0 10226225
7225.0 4775.0 19460383
7075.0 4775.0 938350
7050.0 4675.0 3201539
6975.0 4775.0 2308413
7025.0 4925.0 1236303
7125.0 4975.0 12447068
7175.0 5075.0 1012898
7025.0 5075.0 5595131
6925.0 5025.0 7834948
6925.0 5275.0 1277019
6925.0 5425.0 7727069
6925.0 5525.0 15573599
6925.0 5675.0 5658699
6665.0 5610.0 3809174
6665.0 5460.0 1439827
6665.0 5310.0 16882481
6665.0 5160.0 17558501
6665.0 5010.0 18202588
6665.0 4860.0 1402879
6825.0 4775.0 11312901
6665.0 4710.0 19939062
6665.0 4560.0 218088
6775.0 4500.0 17256277
6850.0 4550.0 52130
6850.0 4450.0 7223179
6775.0 4375.0 11247534
6725.0 4275.0 5500933
6825.0 4275.0 2550026
7050.0 4175.0 2499297
7150.0 4275.0 10977559
7250.0 4175.0 17053035
7150.0 4125.0 18139701
7175.0 3975.0 18197778
7175.0 3875.0 2030684
7075.0 3975.0 2987018
7000.0 3875.0 183315
6875.0 3875.0 14969765
6725.0 3900.0 5877213
6700.0 3700.0 12347924
6700.0 3575.0 4440137
6700.0 3475.0 3896823
6700.0 3375.0 7332640
6700.0 3275.0 79998
6275.0 3125.0 16896193
6300.0 3225.0 6400880
6300.0 3325.0 16021495
6300.0 3475.0 17740245
6300.0 3625.0 1666531
6200.0 3825.0 15101859
6025.0 3825.0 16487900
6025.0 3925.0 2418493
5925.0 3975.0 12729341
5825.0 3975.0 18414136
5825.0 3875.0 17946451
5450.0 3925.0 2948853
5450.0 3725.0 6927079
5450.0 3325.0 20107099
5000.0 3325.0 8142039
5000.0 3725.0 9230939
5000.0 3925.0 7289391
4625.0 3875.0 10580406
4625.0 3975.0 9128531
4525.0 3975.0 9658991
4450.0 3875.0 10525303
4325.0 3875.0 5452638
4175.0 3900.0 9571821
4150.0 3700.0 788156
4150.0 3575.0 4221052
4150.0 3475.0 5006747
4150.0 3375.0 12230633
4150.0 3275.0 10558396
3725.0 3125.0 13155289
3750.0 3225.0 12315137
3750.0 3325.0 4153354
3750.0 3475.0 2332124
3750.0 3625.0 18880693
3650.0 3825.0 8823057
3475.0 3825.0 8767707
3475.0 3925.0 17508128
3375.0 3975.0 4362218
3275.0 3875.0 5413991
3275.0 3975.0 17874184
3300.0 4125.0 7029357
3200.0 4175.0 10255992
3300.0 4275.0 17618435
3400.0 4175.0 19430840
3575.0 4325.0 9068939
3675.0 4425.0 8594930
3725.0 4325.0 20161171
4175.0 4275.0 17357321
4275.0 4275.0 16696814
4225.0 4375.0 454066
4300.0 4450.0 115388
4300.0 4550.0 7251454
4225.0 4500.0 14662546
4115.0 4560.0 13877933
4115.0 4710.0 17947810
4275.0 4775.0 19137928
4115.0 4860.0 20070423
4115.0 5010.0 1624815
4115.0 5160.0 13998743
4115.0 5310.0 3131925
4115.0 5460.0 4385169
4115.0 5610.0 11539519
4375.0 5675.0 19496118
4375.0 5525.0 17545140
4375.0 5425.0 6402563
4375.0 5275.0 6775219
4375.0 5025.0 4739777
4475.0 5075.0 6448891
4625.0 5075.0 1811531
4575.0 4975.0 18955077
4475.0 4925.0 4200087
4425.0 4775.0 6565912
4500.0 4675.0 10150418
4525.0 4775.0 4963564
4675.0 4775.0 4729114
4875.0 4600.0 1482000
4775.0 4600.0 10416672
4700.0 4525.0 10927161
4600.0 4525.0 18429175
4600.0 4425.0 3245668
4700.0 4425.0 340587
4700.0 4325.0 802991
4600.0 4275.0 1028542
4500.0 4175.0 15105705
4600.0 4125.0 15751677
4700.0 4175.0 4376540
4775.0 4275.0 6432114
4875.0 4275.0 18776286
4975.0 4175.0 1959716
5175.0 4175.0 16821527
5275.0 4175.0 18024782
5475.0 4175.0 4282688
5575.0 4275.0 19077424
5675.0 4275.0 19086055
5750.0 4325.0 10899537
5750.0 4425.0 4299088
5750.0 4525.0 14858055
5675.0 4575.0 6194286
5575.0 4575.0 5817299
5775.0 4775.0 1873368
5925.0 4775.0 1316588
6075.0 4725.0 5851401
5950.0 4675.0 18806654
5850.0 4500.0 6635219
5850.0 4400.0 13784570
5850.0 4275.0 3527995
5750.0 4175.0 772755
5850.0 4125.0 7221200
5950.0 4175.0 13526289
6125.0 4325.0 102831
6275.0 4325.0 4896716
6225.0 4425.0 9688486
6225.0 4575.0 3285118
6225.0 4675.0 2670610
6225.0 4775.0 621464
6225.0 4925.0 15107853
6350.0 4925.0 6963350
6350.0 5075.0 1864323
6322.0 5204.0 6908384
6325.0 5325.0 2653996
6225.0 5275.0 20079309
6225.0 5375.0 3773475
6075.0 5375.0 14400542
6075.0 5275.0 16705584
6025.0 5175.0 6890869
6000.0 5025.0 9379180
5875.0 4975.0 3985837
5825.0 5075.0 4456066
5850.0 5175.0 2409600
5800.0 5275.0 12797182
5800.0 5375.0 572524
5700.0 5175.0 12119402
5425.0 5175.0 12543609
5325.0 5075.0 9888349
5375.0 4975.0 3102604
5225.0 4875.0 6073792
5075.0 4975.0 19171922
5125.0 5075.0 15798940
5225.0 5025.0 11527702
5225.0 5175.0 9664495
5025.0 5175.0 10253158
4875.0 5175.0 15231816
4950.0 5250.0 11561030
4950.0 5350.0 1936544
4925.0 5450.0 8219336
5075.0 5450.0 9402689
5225.0 5450.0 10997199
5375.0 5450.0 16621440
5475.0 5450.0 12671382
5575.0 5450.0 12107477
5425.0 6025.0 13394780
5425.0 6125.0 1812815
5575.0 6125.0 6616866
5725.0 6025.0 12134642
5925.0 6050.0 3996843
6124.0 5908.0 12504215
6300.0 5975.0 6658485
6300.0 6375.0 7029075
6300.0 6575.0 8916255
6075.0 6575.0 18055200
5925.0 6450.0 7488725
5875.0 6675.0 18785389
5975.0 6775.0 7449791
5875.0 6875.0 18984089
6075.0 6975.0 11885429
6275.0 6975.0 4654244
6225.0 7075.0 12537216
6300.0 7150.0 19284470
6025.0 7150.0 17513300
5875.0 7150.0 17084968
5775.0 7325.0 14564417
5825.0 7425.0 8518676
5975.0 7425.0 6161747
6075.0 7475.0 10326065
5975.0 7575.0 18629855
6075.0 7625.0 17402681
6075.0 7725.0 16709478
5925.0 7725.0 19831474
5925.0 7825.0 16678222
6075.0 7825.0 14847343
6225.0 7875.0 6211616
6325.0 7925.0 15336001
6325.0 8075.0 4421270
6225.0 8075.0 700324
6175.0 8175.0 1953038
6325.0 8225.0 16908272
6325.0 8375.0 19279717
6175.0 8325.0 14131478
6075.0 8325.0 13399276
5975.0 8225.0 19314838
5875.0 8225.0 8477020
5825.0 7975.0 9076987
5675.0 7825.0 19911058
5725.0 7600.0 3056158
5625.0 7575.0 10159319
5675.0 7425.0 9155796
5575.0 7425.0 3579268
5425.0 7425.0 1877602
5425.0 7575.0 1585982
5350.0 7750.0 16737690
5200.0 7750.0 18910572
5325.0 7875.0 15921287
5475.0 7825.0 16699754
5425.0 7925.0 12086539
5525.0 7975.0 438690
5625.0 7975.0 11199266
5625.0 8075.0 7392867
5525.0 8125.0 7094511
5425.0 8075.0 18286454
5325.0 8025.0 5463242
5325.0 8125.0 618700
5150.0 8225.0 3050634
5050.0 8225.0 15518741
5125.0 8125.0 3718206
5175.0 7975.0 2298815
5025.0 7975.0 738576
4900.0 7875.0 445526
4900.0 7775.0 182308
4725.0 7825.0 7911089
4525.0 7725.0 1007888
4375.0 7725.0 16250592
4325.0 7625.0 3832816
4475.0 7625.0 9331253
4525.0 7475.0 13523513
4625.0 7575.0 19753069
4725.0 7475.0 19331958
4925.0 7525.0 19990040
4875.0 7425.0 11146507
4825.0 7275.0 14970656
4725.0 7075.0 275823
4525.0 7075.0 5915590
4625.0 6975.0 4192574
4775.0 6775.0 4659876
4625.0 6775.0 4762747
4475.0 6825.0 11223858
4475.0 6675.0 7560487
4625.0 6425.0 17292888
4525.0 6200.0 16672640
4625.0 6025.0 4336337
4525.0 6000.0 8149953
4125.0 6375.0 8804089
4125.0 6525.0 18056096
4275.0 6525.0 4939070
4275.0 6675.0 16925286
4125.0 6675.0 19303233
4125.0 6875.0 20145036
4125.0 7075.0 5210151
4126.0 7259.0 5730717
4125.0 7260.0 1958390
4126.0 7409.0 1526739
4125.0 7410.0 13770537
4125.0 7560.0 11423808
4126.0 7560.0 7950611
4125.0 7710.0 11742738
4125.0 7711.0 1228985
4225.0 7825.0 18136952
4125.0 7875.0 220923
4125.0 7975.0 12239755
4125.0 8075.0 6992704
4125.0 8175.0 10965747
4125.0 8275.0 14576328
4125.0 8375.0 6584406
4125.0 8475.0 11805248
4175.0 8825.0 5741989
4375.0 8825.0 3050345
4478.0 8820.0 18179938
4747.0 8703.0 12327068
4775.0 8825.0 15763182
4925.0 8725.0 2228816
4975.0 8825.0 8622116
5075.0 8725.0 8813651
5000.0 8575.0 1147363
5150.0 8375.0 8328592
5150.0 8475.0 9808358
5150.0 8625.0 14316339
5375.0 8775.0 17223477
5475.0 8775.0 3145213
5575.0 8775.0 5376887
5675.0 8775.0 8437977
5825.0 8775.0 2532067
5775.0 8625.0 5708415
5775.0 8525.0 960645
5875.0 8575.0 3213439
6075.0 8475.0 6688668
6175.0 8425.0 8562743
6250.0 8575.0 3984964
6350.0 8675.0 7981014
6250.0 8775.0 18180300
6225.0 9325.0 14859248
6225.0 9425.0 13301522
6225.0 9525.0 11136653
6225.0 9725.0 7703283
6225.0 9825.0 5147398
6275.0 10075.0 12140037
6025.0 10075.0 14238140
5748.0 10075.0 19293416
5475.0 10075.0 19563758
5337.0 9801.0 11395375
5335.0 9702.0 8243620
5335.0 9601.0 11940222
5336.0 9502.0 3545728
5336.0 9399.0 5584881
5336.0 9298.0 3467160
5075.0 9325.0 12093771
5075.0 9425.0 11693927
5075.0 9525.0 7943510
5075.0 9725.0 19598413
5075.0 9825.0 14588842
4975.0 10075.0 10160516
4700.0 10075.0 8012456
4425.0 10075.0 9260235
4275.0 10125.0 9617723
4190.0 9806.0 9588295
4189.0 9706.0 728913
4189.0 9606.0 1640664
4190.0 9505.0 5044532
4190.0 9406.0 15804417
4189.0 9306.0 9060870
3675.0 9325.0 243137
3675.0 9425.0 9143751
3675.0 9525.0 8954319
3675.0 9725.0 3847720
3675.0 9825.0 3014947
3725.0 10075.0 3037348
3475.0 10075.0 2487846
3198.0 10075.0 2124122
2925.0 10075.0 5544577
2787.0 9801.0 18058099
2785.0 9702.0 20074831
2785.0 9601.0 13752774
2786.0 9502.0 7729328
2786.0 9399.0 10510867
2786.0 9298.0 13917041
2525.0 9325.0 16277522
2525.0 9425.0 19531060
2525.0 9525.0 9476897
2525.0 9725.0 15137635
2525.0 9825.0 5416264
2425.0 10075.0 16922900
2150.0 10075.0 11554807
2450.0 10475.0 1412087
2900.0 10475.0 15600391
2900.0 10875.0 16453191
2900.0 11075.0 2067530
3275.0 11025.0 3370134
3275.0 11125.0 5183893
3375.0 11125.0 12815665
3475.0 11075.0 3664569
3475.0 10975.0 1342177
3650.0 10975.0 3205424
3750.0 10775.0 12372138
3750.0 10625.0 12857495
3750.0 10475.0 15659849
3750.0 10375.0 2895068
3725.0 10275.0 11213892
4150.0 10425.0 12862440
4150.0 10525.0 13401850
4150.0 10625.0 6816569
4150.0 10725.0 2612801
4150.0 10850.0 7907089
4175.0 11050.0 19848061
4325.0 11025.0 13967878
4450.0 11025.0 10925726
4525.0 11125.0 17813086
4625.0 11025.0 19072179
4625.0 11125.0 9551755
4600.0 11275.0 7505816
4700.0 11325.0 19724124
4600.0 11425.0 8506044
4500.0 11325.0 8426308
4275.0 11425.0 12616837
4175.0 11425.0 1567292
4225.0 11525.0 4477367
4300.0 11600.0 3801871
4300.0 11700.0 5141374
4225.0 11650.0 12017760
4115.0 11710.0 19421855
4115.0 11860.0 20042189
4275.0 11925.0 8723378
4115.0 12010.0 13448388
4115.0 12160.0 8975338
4115.0 12310.0 10983265
4115.0 12460.0 4043741
4115.0 12610.0 19668200
4115.0 12760.0 1146026
4375.0 12825.0 17014084
4375.0 12675.0 4693323
4375.0 12575.0 10170316
4375.0 12425.0 15545337
4375.0 12175.0 11789015
4475.0 12225.0 9664087
4625.0 12225.0 569365
4575.0 12125.0 2452025
4475.0 12075.0 4367732
4425.0 11925.0 7364118
4500.0 11825.0 17181053
4525.0 11925.0 4851732
4675.0 11925.0 1266419
4875.0 11750.0 3299216
4775.0 11750.0 5629933
4700.0 11675.0 6606756
4600.0 11675.0 10170672
4600.0 11575.0 16428393
4700.0 11575.0 9627338
4700.0 11475.0 4580541
4775.0 11425.0 6159994
4875.0 11425.0 17784831
4975.0 11325.0 4019557
5175.0 11325.0 13311153
5275.0 11325.0 6562232
5000.0 11075.0 3454306
5000.0 10875.0 8881691
5000.0 10475.0 11609251
5450.0 10475.0 1570672
5450.0 10875.0 10030274
5450.0 11075.0 5463025
5475.0 11325.0 1855767
5575.0 11425.0 8203002
5675.0 11425.0 19176720
5750.0 11475.0 16715162
5750.0 11575.0 3732045
5850.0 11550.0 9434318
5850.0 11650.0 10594277
5750.0 11675.0 9024890
5675.0 11725.0 11117179
5575.0 11725.0 7314661
5775.0 11925.0 8596900
5925.0 11925.0 3619558
5950.0 11825.0 5684788
6075.0 11875.0 12982501
6225.0 11725.0 19706020
6225.0 11825.0 9604339
6225.0 11925.0 154057
6225.0 12075.0 17691047
6350.0 12075.0 925915
6350.0 12225.0 694082
6322.0 12354.0 12124659
6325.0 12475.0 6559463
6225.0 12425.0 13923428
6225.0 12525.0 3490165
6075.0 12525.0 6129002
6075.0 12425.0 12173166
6025.0 12325.0 10836228
6000.0 12175.0 1645016
5875.0 12125.0 10815654
5825.0 12225.0 10542151
5850.0 12325.0 16018307
5800.0 12425.0 16908018
5800.0 12525.0 8110123
5700.0 12325.0 5864533
5425.0 12325.0 4372777
5325.0 12225.0 2100277
5375.0 12125.0 8538325
5225.0 12025.0 13480020
5075.0 12125.0 1132081
5125.0 12225.0 4180949
5225.0 12175.0 19401180
5225.0 12325.0 5411823
5025.0 12325.0 175070
4875.0 12325.0 3687052
4950.0 12400.0 2456586
4950.0 12500.0 15556106
4925.0 12600.0 19881651
5075.0 12600.0 5834371
5225.0 12600.0 16502712
5375.0 12600.0 4901181
5475.0 12600.0 2463719
5575.0 12600.0 17646403
5425.0 13175.0 11450140
5425.0 13275.0 19566898
5575.0 13275.0 15682779
5725.0 13175.0 6595558
5925.0 13200.0 7913341
6124.0 13058.0 6994041
6300.0 13125.0 4908215
6300.0 13525.0 3251208
6300.0 13725.0 16333969
6075.0 13725.0 1142313
5925.0 13600.0 381467
5875.0 13825.0 189572
5975.0 13925.0 18681082
5875.0 14025.0 13399559
6075.0 14125.0 13486714
6275.0 14125.0 14063932
6225.0 14225.0 9906587
6300.0 14300.0 15193893
6025.0 14300.0 6474115
5875.0 14300.0 19570131
5775.0 14475.0 17664947
5825.0 14575.0 19167321
5725.0 14750.0 330233
5625.0 14725.0 9181925
5675.0 14575.0 7621704
5575.0 14575.0 16549411
5425.0 14575.0 7716376
5425.0 14725.0 430111
5350.0 14900.0 1077183
5200.0 14900.0 3777664
5325.0 15025.0 15383645
5325.0 15175.0 11785580
5325.0 15275.0 13835918
5425.0 15225.0 13449768
5525.0 15275.0 7714507
5625.0 15225.0 17037094
5625.0 15125.0 927770
5525.0 15125.0 12057118
5425.0 15075.0 3556591
5475.0 14975.0 15006718
5675.0 14975.0 7876207
5825.0 15125.0 16717319
5925.0 14975.0 2055474
5925.0 14875.0 20088029
5975.0 14725.0 16948299
5975.0 14575.0 19850951
6075.0 14625.0 4813359
6075.0 14775.0 333016
6075.0 14875.0 11302110
6075.0 14975.0 9133076
6225.0 15025.0 13538173
6325.0 15075.0 5343497
6325.0 15225.0 19800004
6225.0 15225.0 256604
6175.0 15325.0 16043825
6325.0 15375.0 2585798
6325.0 15525.0 15197678
6250.0 15725.0 1777257
6350.0 15825.0 20131799
6250.0 15925.0 17039442
6075.0 15625.0 12703153
6175.0 15575.0 11599551
6175.0 15475.0 12273268
6075.0 15475.0 2652487
5975.0 15375.0 9410846
5875.0 15375.0 10002352
5775.0 15675.0 15967152
5875.0 15725.0 14977249
5775.0 15775.0 17555286
5825.0 15925.0 17944108
5675.0 15925.0 15334350
5575.0 15925.0 16899818
5475.0 15925.0 19385127
5375.0 15925.0 16075885
5150.0 15775.0 6837396
5075.0 15875.0 111460
4975.0 15975.0 12693158
4775.0 15975.0 13807726
4747.0 15853.0 805392
4925.0 15875.0 11270198
5000.0 15725.0 15182951
5150.0 15625.0 14206900
5150.0 15525.0 11049095
5150.0 15375.0 13851549
5050.0 15375.0 2280181
5125.0 15275.0 5562215
5175.0 15125.0 14065968
5025.0 15125.0 6999600
4900.0 15025.0 2146618
4900.0 14925.0 18191936
4725.0 14975.0 10927923
4525.0 14875.0 19116562
4375.0 14875.0 2851244
4325.0 14775.0 824520
4475.0 14775.0 8628495
4525.0 14625.0 532494
4625.0 14725.0 15738582
4725.0 14625.0 1550276
4925.0 14675.0 8422024
4875.0 14575.0 14083300
4825.0 14425.0 4156563
4725.0 14225.0 6893621
4525.0 14225.0 2757590
4625.0 14125.0 2757513
4775.0 13925.0 7078932
4625.0 13925.0 7020554
4475.0 13975.0 12243030
4475.0 13825.0 10482010
4625.0 13575.0 1676885
4525.0 13350.0 19711917
4625.0 13175.0 6770763
4525.0 13150.0 6846680
4125.0 13525.0 19252311
4125.0 13675.0 12559127
4275.0 13675.0 6538814
4275.0 13825.0 3167829
4125.0 13825.0 10762528
4125.0 14025.0 12564789
4125.0 14225.0 858288
4126.0 14409.0 13800317
4125.0 14410.0 19894949
4126.0 14559.0 12495766
4125.0 14560.0 5824884
4125.0 14710.0 12901719
4126.0 14710.0 14826500
4125.0 14860.0 15576375
4125.0 14861.0 2798228
4225.0 14975.0 14302451
4125.0 15025.0 16785054
4125.0 15125.0 16810220
4125.0 15225.0 11834538
4125.0 15325.0 15909370
4125.0 15425.0 18434375
4125.0 15525.0 4050887
4125.0 15625.0 1498797
4478.0 15970.0 4241011
4375.0 15975.0 19486861
4175.0 15975.0 16787398
3800.0 15825.0 334149
3700.0 15925.0 13987341
3700.0 15725.0 17295343
3625.0 15575.0 17414891
3525.0 15625.0 11543366
3325.0 15725.0 2643748
3225.0 15675.0 3662174
3225.0 15775.0 5960905
3275.0 15925.0 8694254
3125.0 15925.0 3425338
3025.0 15925.0 10227311
2925.0 15925.0 15191603
2825.0 15925.0 17920431
2600.0 15775.0 18405424
2600.0 15625.0 19613712
2600.0 15525.0 9941485
2450.0 15725.0 7840896
2525.0 15875.0 10128240
2425.0 15975.0 5169650
2375.0 15875.0 11143175
2225.0 15975.0 9000236
2197.0 15853.0 17471183
1928.0 15970.0 14933591
1825.0 15975.0 1556881
1625.0 15975.0 5505295
1575.0 15625.0 42344
1575.0 15525.0 17329024
1575.0 15425.0 11991009
1575.0 15325.0 15234087
1575.0 15225.0 1467218
1575.0 15125.0 4781744
1575.0 15025.0 10180103
1675.0 14975.0 10013279
1575.0 14861.0 10699246
1575.0 14860.0 8315556
1575.0 14710.0 2437047
1576.0 14710.0 16914622
1575.0 14560.0 16072534
1576.0 14559.0 3289266
1575.0 14410.0 5376695
1576.0 14409.0 18236641
1575.0 14225.0 18074302
1575.0 14025.0 675667
1575.0 13825.0 16733165
1725.0 13825.0 10560139
1725.0 13675.0 15331651
1575.0 13675.0 17769348
1575.0 13525.0 714576
1975.0 13150.0 2797904
2075.0 13175.0 17009552
1975.0 13350.0 3024545
2075.0 13575.0 20121537
1925.0 13825.0 13365199
1925.0 13975.0 2824373
2075.0 13925.0 14694530
2225.0 13925.0 17052889
2075.0 14125.0 4488142
1975.0 14225.0 11184342
2175.0 14225.0 7872791
2275.0 14425.0 5425305
2325.0 14575.0 9244150
2375.0 14675.0 4832241
2175.0 14625.0 5991956
2075.0 14725.0 15322381
1975.0 14625.0 9789324
1925.0 14775.0 11992451
1775.0 14775.0 16538763
1825.0 14875.0 6456759
1975.0 14875.0 3568071
2175.0 14975.0 11880190
2350.0 14925.0 16779749
2350.0 15025.0 12985769
2475.0 15125.0 8706812
2625.0 15125.0 11672169
2575.0 15275.0 8453158
2500.0 15375.0 8078336
2600.0 15375.0 5601272
2775.0 15275.0 5368263
2775.0 15175.0 20013745
2875.0 15225.0 19796783
2975.0 15275.0 7492789
3075.0 15225.0 11085549
3075.0 15125.0 19504966
2975.0 15125.0 16692862
2925.0 14975.0 3908570
2875.0 15075.0 1922838
2775.0 15025.0 1634059
2650.0 14900.0 56522
2800.0 14900.0 7573973
2875.0 14725.0 12766984
2875.0 14575.0 15941758
3025.0 14575.0 19543921
3125.0 14575.0 16931807
3075.0 14725.0 5428323
3175.0 14750.0 16478417
3125.0 14975.0 8830776
3275.0 15125.0 17440919
3325.0 15375.0 15314250
3425.0 15375.0 16826182
3525.0 15475.0 6949337
3625.0 15475.0 11956312
3775.0 15525.0 8562769
3775.0 15375.0 403189
3625.0 15325.0 16511923
3675.0 15225.0 8583876
3775.0 15225.0 11737736
3775.0 15075.0 10316986
3675.0 15025.0 18888963
3525.0 14975.0 16984328
3375.0 14975.0 13906411
3375.0 14875.0 11327938
3525.0 14875.0 14173032
3525.0 14775.0 12931696
3425.0 14725.0 19699192
3525.0 14625.0 17917382
3425.0 14575.0 10677767
3275.0 14575.0 18029532
3225.0 14475.0 17003740
3325.0 14300.0 8964597
3475.0 14300.0 10196420
3750.0 14300.0 9985902
3675.0 14225.0 18722487
3725.0 14125.0 5687830
3525.0 14125.0 2562871
3325.0 14025.0 498474
3425.0 13925.0 8232722
3325.0 13825.0 9628848
3375.0 13600.0 8829077
3525.0 13725.0 8235871
3750.0 13725.0 8507675
3750.0 13525.0 1210846
3750.0 13125.0 20055721
3574.0 13058.0 16740322
3375.0 13200.0 13222251
3175.0 13175.0 10627122
3025.0 13275.0 14231545
2875.0 13275.0 12100972
2875.0 13175.0 14363909
3025.0 12600.0 12758674
2925.0 12600.0 3805394
2825.0 12600.0 12100002
2675.0 12600.0 3241063
2525.0 12600.0 142679
2375.0 12600.0 125316
2400.0 12500.0 5975641
2400.0 12400.0 17592332
2325.0 12325.0 7350005
2475.0 12325.0 3698239
2575.0 12225.0 1494628
2525.0 12125.0 14223248
2675.0 12025.0 9033745
2825.0 12125.0 5848780
2775.0 12225.0 5659034
2675.0 12175.0 13763201
2675.0 12325.0 14519414
2875.0 12325.0 17951670
3150.0 12325.0 7463046
3250.0 12525.0 5697212
3250.0 12425.0 3539066
3300.0 12325.0 11925779
3275.0 12225.0 18045861
3325.0 12125.0 14461376
3450.0 12175.0 5027178
3475.0 12325.0 4866979
3525.0 12425.0 16525118
3525.0 12525.0 10875979
3675.0 12525.0 16594394
3675.0 12425.0 15493330
3775.0 12475.0 7068397
3772.0 12354.0 3527778
3800.0 12225.0 18155807
3800.0 12075.0 20007432
3675.0 12075.0 3139791
3675.0 11925.0 15979125
3675.0 11825.0 18059906
3675.0 11725.0 742095
3675.0 11575.0 3947265
3725.0 11475.0 7141410
3575.0 11475.0 6766755
3400.0 11325.0 12596788
3300.0 11275.0 10558235
3200.0 11325.0 9074047
3300.0 11425.0 20125805
3300.0 11550.0 1605879
3300.0 11650.0 10666008
3400.0 11825.0 11938239
3525.0 11875.0 6278312
3375.0 11925.0 2375608
3225.0 11925.0 1214904
3025.0 11725.0 9647546
3125.0 11725.0 17268209
3200.0 11675.0 11756785
3200.0 11575.0 507224
3200.0 11475.0 18681177
3125.0 11425.0 19902256
3025.0 11425.0 13833691
2925.0 11325.0 7644313
2725.0 11325.0 14383251
2625.0 11325.0 14092033
2450.0 10875.0 913083
2450.0 11075.0 76835
2425.0 11325.0 11136538
2325.0 11425.0 7381266
2225.0 11425.0 5952086
2150.0 11475.0 17182835
2150.0 11575.0 4280689
2050.0 11575.0 5196047
2050.0 11675.0 962078
2150.0 11675.0 171944
2225.0 11750.0 3694891
2325.0 11750.0 16369338
2125.0 11925.0 5882561
1975.0 11925.0 17528217
1950.0 11825.0 5064857
1875.0 11925.0 810069
1925.0 12075.0 19298026
2025.0 12125.0 5789101
2075.0 12225.0 12237845
1925.0 12225.0 2511898
1825.0 12175.0 7450208
1825.0 12425.0 10597877
1825.0 12575.0 12161202
1825.0 12675.0 16118655
1825.0 12825.0 8247994
1565.0 12760.0 5067965
1565.0 12610.0 1043022
1565.0 12460.0 670264
1565.0 12310.0 19779588
1565.0 12160.0 1647585
1565.0 12010.0 12604131
1725.0 11925.0 14430201
1565.0 11860.0 8316404
1565.0 11710.0 11056884
1675.0 11650.0 661717
1750.0 11700.0 12216663
1750.0 11600.0 13549972
1675.0 11525.0 4027399
1625.0 11425.0 17732
1725.0 11425.0 14675588
1950.0 11325.0 12983842
2050.0 11425.0 18849189
2150.0 11325.0 8890860
2050.0 11275.0 1849718
2075.0 11125.0 10506982
2075.0 11025.0 3155486
1975.0 11125.0 7216816
1900.0 11025.0 13437687
1775.0 11025.0 13190716
1625.0 11050.0 18800206
1600.0 10850.0 19746432
1600.0 10725.0 11775696
1600.0 10625.0 20081256
1600.0 10525.0 8343275
1600.0 10425.0 9745762
1725.0 10125.0 14899128
1875.0 10075.0 12866750
1640.0 9806.0 8942472
1639.0 9706.0 3250448
1639.0 9606.0 12215075
1640.0 9505.0 10364807
1640.0 9406.0 18525259
1639.0 9306.0 4059528
1928.0 8820.0 10881630
1825.0 8825.0 254661
1625.0 8825.0 2273200
1575.0 8475.0 8906662
1575.0 8375.0 9164624
1575.0 8275.0 3621406
1575.0 8175.0 14708479
1575.0 8075.0 15222583
1575.0 7975.0 1330499
1575.0 7875.0 17186385
1675.0 7825.0 309249
1575.0 7711.0 8105628
1575.0 7710.0 9524136
1576.0 7560.0 11609400
1575.0 7560.0 12531174
1575.0 7410.0 11851582
1576.0 7409.0 18499035
1575.0 7260.0 9705493
1576.0 7259.0 2354991
1575.0 7075.0 16385642
1575.0 6875.0 16540044
1575.0 6675.0 16669987
1725.0 6675.0 5109693
1725.0 6525.0 19905945
1575.0 6525.0 15599173
1575.0 6375.0 5052922
1975.0 6000.0 6191062
2075.0 6025.0 807575
1975.0 6200.0 18461776
2075.0 6425.0 15886567
1925.0 6675.0 11453953
1925.0 6825.0 3634213
2075.0 6775.0 4159261
2225.0 6775.0 11051789
2075.0 6975.0 9942463
1975.0 7075.0 20092425
2175.0 7075.0 14916217
2275.0 7275.0 15808868
2325.0 7425.0 20157480
2375.0 7525.0 6155312
2175.0 7475.0 8954614
2075.0 7575.0 10985093
1975.0 7475.0 15304804
1925.0 7625.0 14462360
1775.0 7625.0 18765701
1825.0 7725.0 1102119
1975.0 7725.0 10088859
2175.0 7825.0 15881932
2350.0 7775.0 11768875
2350.0 7875.0 2915079
2475.0 7975.0 14985402
2625.0 7975.0 12166742
2575.0 8125.0 8649273
2500.0 8225.0 3207244
2600.0 8225.0 14317864
2600.0 8375.0 17692220
2600.0 8475.0 9099370
2450.0 8575.0 15510777
2375.0 8725.0 13667828
2197.0 8703.0 12589559
2225.0 8825.0 1721857
2425.0 8825.0 6381712
2525.0 8725.0 19833444
2600.0 8625.0 9881079
2825.0 8775.0 19568785
2925.0 8775.0 4109957
3025.0 8775.0 17105668
3125.0 8775.0 1520255
3275.0 8775.0 19483669
3225.0 8625.0 956322
3325.0 8575.0 15560399
3225.0 8525.0 18242835
3325.0 8225.0 19822472
3425.0 8225.0 1097000
3525.0 8325.0 3677032
3625.0 8325.0 8708714
3625.0 8425.0 13364712
3525.0 8475.0 5677142
3700.0 8775.0 18444044
3800.0 8675.0 4491050
3700.0 8575.0 10706349
3775.0 8375.0 9751108
3775.0 8225.0 18510964
3625.0 8175.0 1933812
3675.0 8075.0 20095005
3775.0 8075.0 291845
3775.0 7925.0 1012596
3675.0 7875.0 2584569
3525.0 7825.0 8278767
3525.0 7725.0 13197879
3525.0 7625.0 1007094
3525.0 7475.0 1378853
3425.0 7425.0 9344551
3425.0 7575.0 12439939
3375.0 7725.0 4964045
3375.0 7825.0 4678992
3275.0 7975.0 1935785
3125.0 7825.0 497153
2925.0 7825.0 4138834
2875.0 7925.0 7187176
2975.0 7975.0 16596088
3075.0 7975.0 10572502
3075.0 8075.0 3722024
2975.0 8125.0 1125293
2875.0 8075.0 15232741
2775.0 8125.0 8181605
2775.0 8025.0 16184646
2775.0 7875.0 17537349
2650.0 7750.0 16119960
2800.0 7750.0 12035852
2875.0 7575.0 15406718
2875.0 7425.0 9635441
3025.0 7425.0 11233023
3125.0 7425.0 8687380
3075.0 7575.0 7531525
3175.0 7600.0 7246981
3275.0 7425.0 19589217
3225.0 7325.0 17507521
3325.0 7150.0 19096002
3475.0 7150.0 13041467
3750.0 7150.0 2806951
3675.0 7075.0 18288552
3725.0 6975.0 500619
3525.0 6975.0 8463928
3325.0 6875.0 18600005
3425.0 6775.0 15063985
3325.0 6675.0 11862352
3375.0 6450.0 12396076
3525.0 6575.0 13552533
3750.0 6575.0 4124840
3750.0 6375.0 8195981
3750.0 5975.0 5434329
3574.0 5908.0 10516590
3375.0 6050.0 13833794
3175.0 6025.0 10071112
3025.0 6125.0 1363197
2875.0 6125.0 7342684
2875.0 6025.0 10266617
3025.0 5450.0 8934196
2925.0 5450.0 15606344
2825.0 5450.0 18300265
2675.0 5450.0 4905207
2525.0 5450.0 16556447
2375.0 5450.0 12213514
2400.0 5350.0 4162750
2400.0 5250.0 322059
2325.0 5175.0 7907288
2475.0 5175.0 13242905
2575.0 5075.0 4689753
2525.0 4975.0 3830784
2675.0 4875.0 32948
2825.0 4975.0 5935883
2775.0 5075.0 14016375
2675.0 5025.0 12651988
2675.0 5175.0 17230487
2875.0 5175.0 7785093
3150.0 5175.0 14247336
3250.0 5375.0 12772919
3250.0 5275.0 217256
3300.0 5175.0 13215093
3275.0 5075.0 10402213
3325.0 4975.0 1242033
3450.0 5025.0 15584901
3475.0 5175.0 7425785
3525.0 5275.0 1889420
3525.0 5375.0 15465584
3675.0 5375.0 12031485
3675.0 5275.0 18155459
3775.0 5325.0 15510369
3772.0 5204.0 8120289
3800.0 5075.0 19084938
3800.0 4925.0 18890684
3675.0 4925.0 5997646
3675.0 4775.0 13139956
3675.0 4675.0 18484000
3675.0 4575.0 4927206
3525.0 4725.0 14930971
3400.0 4675.0 19375232
3375.0 4775.0 12636202
3225.0 4775.0 820989
3025.0 4575.0 16323146
3125.0 4575.0 6252382
3200.0 4525.0 18108553
3300.0 4500.0 11339644
3300.0 4400.0 18784434
3200.0 4425.0 14007410
3200.0 4325.0 16178350
3125.0 4275.0 11394339
3025.0 4275.0 7117107
2925.0 4175.0 2379549
2900.0 3925.0 8705602
2900.0 3725.0 5629651
2900.0 3325.0 5687459
2450.0 3325.0 16373372
2450.0 3725.0 5891887
2450.0 3925.0 15483162
2725.0 4175.0 16062228
2625.0 4175.0 916067
2425.0 4175.0 15571423
2325.0 4275.0 1179705
2225.0 4275.0 16343359
2150.0 4325.0 14319892
2150.0 4425.0 7095027
2050.0 4425.0 19784325
2050.0 4525.0 18719397
2150.0 4525.0 14458627
2225.0 4600.0 6763241
2325.0 4600.0 7149084
2125.0 4775.0 2927219
1975.0 4775.0 10283064
1950.0 4675.0 12175618
1875.0 4775.0 1651252
1925.0 4925.0 3203009
2025.0 4975.0 4927795
2075.0 5075.0 19870503
1925.0 5075.0 8179639
1825.0 5025.0 8239006
1825.0 5275.0 8760536
1825.0 5425.0 18683113
1825.0 5525.0 7862912
1825.0 5675.0 19457696
1565.0 5610.0 7734941
1565.0 5460.0 8510543
1565.0 5310.0 9531117
1565.0 5160.0 2885043
1565.0 5010.0 12138341
1565.0 4860.0 12942874
1725.0 4775.0 8177547
1565.0 4710.0 5597045
1565.0 4560.0 10672294
1675.0 4500.0 19774466
1750.0 4550.0 12051259
1750.0 4450.0 5452727
1675.0 4375.0 17818777
1625.0 4275.0 4150883
1725.0 4275.0 8288160
1950.0 4175.0 12464952
2050.0 4275.0 10052998
2150.0 4175.0 14685627
2050.0 4125.0 3233464
2075.0 3975.0 8045844
2075.0 3875.0 6036904
1975.0 3975.0 932605
1900.0 3875.0 9573125
1775.0 3875.0 4327272
1625.0 3900.0 4064502
1600.0 3700.0 4378525
1600.0 3575.0 13242264
1600.0 3475.0 7885262
1600.0 3375.0 9040596
1600.0 3275.0 8364899
1725.0 2975.0 9177275
1640.0 2656.0 14221085
1639.0 2556.0 5733817
1639.0 2456.0 11683401
1640.0 2355.0 921800
1640.0 2256.0 3657060
