# C:\Users\gielpa\PycharmProjects\Genetic-Algorithm\data-bak\pr264.tsp\data
3425.0 6450.0 880644
3625.0 3200.0 175874
3525.0 3200.0 230111
3525.0 3350.0 758989
3625.0 3350.0 513229
3725.0 3350.0 240876
3725.0 3650.0 461737
3625.0 3650.0 895495
3525.0 3650.0 1088926
3525.0 3850.0 271981
3625.0 3850.0 616519
3725.0 3850.0 413421
3725.0 4150.0 1145302
3625.0 4150.0 273522
3525.0 4150.0 965169
3525.0 4350.0 1061470
3625.0 4350.0 186486
3725.0 4350.0 733891
3725.0 4650.0 33176
3625.0 4650.0 105088
3525.0 4650.0 698511
3525.0 4850.0 627606
3625.0 4850.0 631861
3725.0 4850.0 958230
3725.0 5150.0 1110473
3625.0 5150.0 955362
3525.0 5150.0 925700
3525.0 5350.0 270226
3625.0 5350.0 752016
3725.0 5350.0 1174416
3725.0 5650.0 1183525
3625.0 5650.0 912957
3525.0 5650.0 377603
3525.0 5850.0 718258
3625.0 5850.0 448961
3725.0 5850.0 85491
3725.0 6150.0 80840
3625.0 6150.0 617141
3525.0 6150.0 965678
3525.0 6450.0 987116
3525.0 6650.0 124058
3675.0 7150.0 188272
3675.0 7500.0 710705
3675.0 7700.0 253670
3675.0 7850.0 235425
3675.0 8050.0 573204
3525.0 8300.0 540115
3625.0 8300.0 781448
3725.0 8300.0 287462
3725.0 8600.0 502674
3625.0 8600.0 397586
3525.0 8600.0 786233
3825.0 8750.0 997025
3925.0 8750.0 7865
3925.0 8600.0 196376
3825.0 8600.0 556020
3825.0 8300.0 569741
3925.0 8300.0 559584
3925.0 7600.0 744447
3925.0 6150.0 1167172
3825.0 6150.0 452834
3825.0 5850.0 967881
3925.0 5850.0 217165
3925.0 5650.0 1024409
3825.0 5650.0 470327
3825.0 5350.0 849897
3925.0 5350.0 210019
3925.0 5150.0 684287
3825.0 5150.0 838101
3825.0 4850.0 1076564
3925.0 4850.0 398076
3925.0 4650.0 257685
3825.0 4650.0 1081255
3825.0 4350.0 141790
3925.0 4350.0 42190
3925.0 4150.0 358250
3825.0 4150.0 113357
3825.0 3850.0 674955
3925.0 3850.0 657658
3925.0 3650.0 185765
3825.0 3650.0 958686
3825.0 3350.0 762532
3925.0 3350.0 121207
3875.0 3200.0 406740
4075.0 3200.0 768451
4025.0 3350.0 326006
4125.0 3350.0 138998
4225.0 3350.0 167166
4225.0 3650.0 688505
4125.0 3650.0 515489
4025.0 3650.0 853688
4025.0 3850.0 750736
4125.0 3850.0 24432
4225.0 3850.0 174713
4225.0 4150.0 983719
4125.0 4150.0 767719
4025.0 4150.0 641588
4025.0 4350.0 418653
4125.0 4350.0 825693
4225.0 4350.0 409587
4225.0 4650.0 385213
4125.0 4650.0 200691
4025.0 4650.0 573456
4025.0 4850.0 502740
4125.0 4850.0 905123
4225.0 4850.0 747711
4225.0 5150.0 28856
4125.0 5150.0 910113
4025.0 5150.0 621875
4025.0 5350.0 896316
4125.0 5350.0 669493
4225.0 5350.0 843944
4225.0 5650.0 503494
4125.0 5650.0 106434
4025.0 5650.0 479895
4025.0 5850.0 92533
4125.0 5850.0 150509
4225.0 5850.0 638095
4225.0 6150.0 950218
4125.0 6150.0 1074327
4025.0 6150.0 752813
4025.0 8300.0 74259
4125.0 8300.0 792292
4225.0 8300.0 54314
4225.0 8600.0 186784
4125.0 8600.0 883500
4025.0 8600.0 928516
4275.0 8850.0 492706
4875.0 6100.0 1132110
4975.0 4050.0 539571
4975.0 3900.0 623702
4975.0 3750.0 963399
9675.0 3200.0 392891
9675.0 3350.0 711066
9675.0 3650.0 860291
9675.0 3850.0 185432
9675.0 4150.0 34896
9675.0 4350.0 324127
9675.0 4650.0 1002724
9675.0 4850.0 187169
9675.0 5150.0 766944
9675.0 5350.0 176037
9675.0 5650.0 809039
9675.0 5850.0 839326
9675.0 6150.0 310179
9575.0 6450.0 576024
9675.0 6450.0 854796
9675.0 6650.0 1126225
9675.0 8300.0 724608
9675.0 8600.0 911212
9975.0 8750.0 41488
9975.0 8600.0 161027
9875.0 8600.0 366884
9775.0 8600.0 649711
9775.0 8300.0 1011844
9875.0 8300.0 2880
9975.0 8300.0 3690
9825.0 8050.0 1089632
9825.0 7850.0 344770
9825.0 7700.0 495726
9825.0 7500.0 862753
9825.0 7150.0 396743
9975.0 6150.0 1145063
9875.0 6150.0 114145
9775.0 6150.0 1041103
9775.0 5850.0 283749
9875.0 5850.0 558002
9975.0 5850.0 564494
9975.0 5650.0 984703
9875.0 5650.0 687743
9775.0 5650.0 25068
9775.0 5350.0 529442
9875.0 5350.0 802232
9975.0 5350.0 453023
9775.0 5150.0 691849
9875.0 5150.0 750231
9975.0 5150.0 1169400
9975.0 4850.0 665415
9875.0 4850.0 515824
9775.0 4850.0 769682
9775.0 4650.0 55563
9875.0 4650.0 194538
9975.0 4650.0 389548
9975.0 4350.0 516157
9875.0 4350.0 383129
9775.0 4350.0 83603
9775.0 4150.0 1000908
9875.0 4150.0 239301
9975.0 4150.0 1128837
9975.0 3850.0 1059346
9875.0 3850.0 1130475
9775.0 3850.0 454215
9975.0 3650.0 1042696
9875.0 3650.0 113993
9775.0 3650.0 480392
9775.0 3350.0 804544
9875.0 3350.0 1103873
9975.0 3350.0 877353
9775.0 3200.0 746970
10225.0 3200.0 64705
10025.0 3200.0 1039962
10075.0 3350.0 309656
10175.0 3350.0 365444
10175.0 3650.0 494392
10075.0 3650.0 581269
10175.0 3850.0 363694
10075.0 3850.0 502957
10075.0 4150.0 480020
10175.0 4150.0 884671
10175.0 4350.0 867909
10075.0 4350.0 743584
10075.0 4650.0 452234
10175.0 4650.0 527018
10175.0 4850.0 603346
10075.0 4850.0 171321
10075.0 5150.0 527229
10175.0 5150.0 741434
10075.0 5350.0 619315
10175.0 5350.0 5758
10175.0 5650.0 487069
10075.0 5650.0 194106
10075.0 5850.0 629897
10175.0 5850.0 582463
10175.0 6150.0 15962
10075.0 6150.0 533370
10075.0 7600.0 175878
10075.0 8300.0 1012842
10175.0 8300.0 239927
10175.0 8600.0 448489
10075.0 8600.0 1180170
10075.0 8750.0 909679
10425.0 8850.0 411377
10375.0 8600.0 778445
10275.0 8600.0 1112929
10275.0 8300.0 545561
10375.0 8300.0 880914
10375.0 6150.0 958994
10275.0 6150.0 208001
10275.0 5850.0 648565
10375.0 5850.0 204368
10375.0 5650.0 294471
10275.0 5650.0 1003024
10275.0 5350.0 493740
10375.0 5350.0 849607
10275.0 5150.0 292984
10375.0 5150.0 139322
10375.0 4850.0 426002
10275.0 4850.0 806035
10275.0 4650.0 572196
10375.0 4650.0 314555
10375.0 4350.0 974806
10275.0 4350.0 1022934
10275.0 4150.0 1149364
10375.0 4150.0 603376
10375.0 3850.0 923369
10275.0 3850.0 763032
10375.0 3650.0 357172
10275.0 3650.0 98092
10275.0 3350.0 198603
10375.0 3350.0 868402
11125.0 3750.0 1062941
11125.0 3900.0 438443
11125.0 4050.0 83898
11025.0 6100.0 876363
