# C:\Users\gielpa\PycharmProjects\Genetic-Algorithm\data-bak\pr299.tsp\data
2156.0 1639.0 10156
2456.0 1639.0 434321
2355.0 1640.0 568601
2256.0 1640.0 1015476
2656.0 1640.0 665289
2556.0 1639.0 187352
2975.0 1725.0 379322
3275.0 1600.0 804173
3375.0 1600.0 640461
3475.0 1600.0 590354
3575.0 1600.0 690003
3700.0 1600.0 122205
3900.0 1625.0 744223
3875.0 1775.0 130650
4275.0 1625.0 986092
4275.0 1725.0 411643
4375.0 1675.0 192865
4500.0 1675.0 303052
4450.0 1750.0 575438
4550.0 1750.0 686638
4560.0 1565.0 1025889
4775.0 1725.0 589954
4710.0 1565.0 329205
4860.0 1565.0 224483
5010.0 1565.0 714696
5160.0 1565.0 932013
5310.0 1565.0 566083
5460.0 1565.0 389379
5610.0 1565.0 537323
6375.0 1575.0 951722
6525.0 1575.0 277012
6675.0 1575.0 656964
6675.0 1725.0 466833
6525.0 1725.0 756760
6875.0 1575.0 849991
7075.0 1575.0 49264
7260.0 1575.0 503580
7259.0 1576.0 309867
7625.0 1775.0 595966
7410.0 1575.0 948340
7560.0 1575.0 650345
7409.0 1576.0 216434
7560.0 1576.0 10889
7825.0 1675.0 413890
7710.0 1575.0 804180
7711.0 1575.0 223903
7875.0 1575.0 542692
7975.0 1575.0 756733
8075.0 1575.0 809236
8175.0 1575.0 546559
8275.0 1575.0 813265
8375.0 1575.0 508049
8475.0 1575.0 623900
8825.0 1625.0 435257
8820.0 1928.0 374265
8825.0 1825.0 199628
7725.0 1825.0 1005402
7725.0 1975.0 348483
7475.0 1975.0 879460
7625.0 1925.0 900272
7575.0 2075.0 589308
7075.0 1975.0 610752
6825.0 1925.0 645711
6775.0 2075.0 634902
6975.0 2075.0 198486
6675.0 1925.0 550381
6200.0 1975.0 183039
6425.0 2075.0 224128
6000.0 1975.0 897847
6025.0 2075.0 1008028
5675.0 1825.0 559020
5275.0 1825.0 203643
5425.0 1825.0 872452
5525.0 1825.0 965035
5025.0 1825.0 325124
4975.0 2025.0 128950
5075.0 1925.0 1030023
5075.0 2075.0 560016
4775.0 1875.0 723335
4925.0 1925.0 784078
4675.0 1950.0 270544
4775.0 1975.0 625449
4425.0 2050.0 678702
4525.0 2050.0 238794
4175.0 1950.0 234991
4125.0 2050.0 756603
4275.0 2050.0 561189
3875.0 1900.0 930019
3875.0 2075.0 6096
3975.0 1975.0 686743
3975.0 2075.0 780172
2925.0 1875.0 413904
2925.0 2150.0 165878
4175.0 2150.0 89316
4325.0 2150.0 951627
4275.0 2225.0 796291
4275.0 2325.0 834779
4425.0 2150.0 256615
4525.0 2150.0 876618
4600.0 2225.0 490191
4600.0 2325.0 205050
4775.0 2125.0 446537
5175.0 2325.0 498985
5450.0 2375.0 497873
6775.0 2225.0 728687
7275.0 2275.0 74292
7075.0 2175.0 530066
7425.0 2325.0 160485
7525.0 2375.0 139306
7475.0 2175.0 185037
7775.0 2350.0 385259
7825.0 2175.0 188153
7875.0 2350.0 516821
8825.0 2225.0 284884
8725.0 2375.0 605454
8703.0 2197.0 679193
8825.0 2425.0 195624
8575.0 2450.0 927538
8725.0 2525.0 565926
8625.0 2600.0 705347
8375.0 2600.0 185798
8475.0 2600.0 401318
7975.0 2475.0 941857
8225.0 2500.0 134672
8225.0 2600.0 818725
8125.0 2575.0 256800
7975.0 2625.0 198816
7750.0 2650.0 898053
5350.0 2400.0 721428
5450.0 2525.0 805840
5450.0 2675.0 243573
5250.0 2400.0 336417
5175.0 2475.0 1018686
5175.0 2675.0 283688
5075.0 2575.0 506244
4975.0 2525.0 666450
5025.0 2675.0 160707
4875.0 2675.0 414024
4175.0 2425.0 71043
4175.0 2625.0 523685
3925.0 2450.0 590285
3725.0 2450.0 572762
3325.0 2450.0 847512
2925.0 2425.0 228679
2575.0 2525.0 480748
2675.0 2525.0 983523
2275.0 2525.0 374400
2375.0 2525.0 387543
2175.0 2525.0 913554
2148.0 2786.0 426141
2249.0 2786.0 654412
2352.0 2786.0 621968
2451.0 2785.0 587107
2552.0 2785.0 445390
2651.0 2787.0 771778
2925.0 2925.0 78515
3325.0 2900.0 600536
3725.0 2900.0 65673
3925.0 2900.0 681673
4175.0 2925.0 589474
4175.0 2725.0 634527
4975.0 2825.0 120295
5075.0 2775.0 334823
5175.0 2875.0 54922
5450.0 2825.0 1035852
5450.0 2925.0 248688
6125.0 2875.0 872009
6025.0 2875.0 757619
7575.0 2875.0 355017
7425.0 2875.0 487803
7925.0 2875.0 600520
7875.0 2775.0 207343
7825.0 2925.0 1008888
7750.0 2800.0 220937
8125.0 2775.0 947578
8075.0 2875.0 928811
8025.0 2775.0 1021662
8125.0 2975.0 223708
7975.0 2975.0 26029
8775.0 2825.0 212585
8775.0 2925.0 78918
8775.0 3025.0 998817
8775.0 3125.0 832477
8775.0 3275.0 330911
8625.0 3225.0 636859
8525.0 3225.0 977855
8075.0 3075.0 1023548
7975.0 3275.0 412893
7975.0 3075.0 31117
7825.0 3125.0 496259
7575.0 3075.0 181349
7600.0 3175.0 240635
7425.0 3275.0 911246
7425.0 3125.0 831544
7425.0 3025.0 453264
7325.0 3225.0 382616
6125.0 3025.0 525498
6025.0 3175.0 391703
5375.0 3250.0 900570
5275.0 3250.0 728309
5450.0 3025.0 152769
5175.0 3150.0 272897
5075.0 3275.0 1033809
4525.0 3200.0 569694
4575.0 3125.0 717968
4575.0 3025.0 722718
4425.0 3200.0 369148
4325.0 3200.0 538987
4175.0 3200.0 380129
4275.0 3125.0 661360
4275.0 3025.0 518068
3975.0 3275.0 58349
3875.0 3275.0 828878
2925.0 3198.0 461651
2925.0 3475.0 510121
3925.0 3475.0 24448
3825.0 3475.0 113251
3975.0 3375.0 640184
4325.0 3575.0 190403
4275.0 3300.0 194387
4175.0 3400.0 772097
4125.0 3300.0 877452
4500.0 3300.0 254793
4400.0 3300.0 758381
4725.0 3525.0 887677
4675.0 3400.0 580253
4775.0 3375.0 255290
5175.0 3300.0 35457
4975.0 3325.0 814721
5175.0 3475.0 89010
5025.0 3450.0 209118
5375.0 3525.0 227399
5275.0 3525.0 693508
6050.0 3375.0 326868
5908.0 3574.0 438403
6450.0 3375.0 1027057
6675.0 3325.0 972461
6575.0 3525.0 307115
6975.0 3525.0 73313
6875.0 3325.0 862323
6775.0 3425.0 328059
7150.0 3325.0 249150
7150.0 3475.0 187489
7625.0 3525.0 402446
7575.0 3425.0 861385
7475.0 3525.0 382438
7425.0 3425.0 622463
7825.0 3525.0 533204
7725.0 3525.0 875982
7825.0 3375.0 337690
7725.0 3375.0 406489
8225.0 3425.0 737073
8225.0 3325.0 921047
8475.0 3525.0 190219
8325.0 3525.0 640484
8575.0 3325.0 132991
8775.0 3700.0 709720
8675.0 3800.0 427471
8575.0 3700.0 209101
8425.0 3625.0 551396
8325.0 3625.0 547049
8375.0 3775.0 417384
8175.0 3625.0 15748
8225.0 3775.0 369864
8075.0 3775.0 716214
8075.0 3675.0 876461
7925.0 3775.0 269940
7875.0 3675.0 369238
7075.0 3675.0 977688
7150.0 3750.0 814870
6975.0 3725.0 511314
6575.0 3750.0 1033505
6375.0 3750.0 851331
5975.0 3750.0 983722
5325.0 3775.0 817428
5275.0 3675.0 860265
5375.0 3675.0 256444
5075.0 3800.0 912070
5204.0 3772.0 395906
4675.0 3675.0 1031583
4925.0 3800.0 421424
4925.0 3675.0 1029747
4775.0 3675.0 612350
4575.0 3675.0 422170
4425.0 3675.0 304460
4325.0 3725.0 177999
3825.0 3650.0 873207
3625.0 3750.0 508207
3475.0 3750.0 250776
3225.0 3750.0 491641
3325.0 3750.0 266413
3125.0 3725.0 897937
2925.0 3725.0 622349
2575.0 3675.0 1033476
2675.0 3675.0 151473
2275.0 3675.0 567538
2375.0 3675.0 404009
2175.0 3675.0 360381
4775.0 3225.0 324064
