# C:\Users\gielpa\PycharmProjects\Genetic-Algorithm\data-bak\pr439.tsp\data
7125.0 11300.0 2443722
7225.0 11050.0 668695
7225.0 11150.0 157644
7375.0 11300.0 1015132
7500.0 11200.0 877550
7625.0 11275.0 434645
7725.0 11275.0 208547
7825.0 11275.0 2069268
7925.0 11275.0 794985
8050.0 11225.0 2125648
8050.0 11125.0 808178
8150.0 11125.0 525344
8275.0 11300.0 1738494
8400.0 11300.0 2719234
8525.0 11300.0 1128320
8650.0 11300.0 1217382
8750.0 11200.0 1040138
12475.0 10800.0 943555
12075.0 10800.0 1930004
11975.0 10975.0 2213001
11575.0 10975.0 1547682
11525.0 10850.0 1209534
11400.0 10975.0 2697407
11425.0 10850.0 2442794
11000.0 10975.0 2571860
10475.0 10850.0 31767
10375.0 10850.0 1008385
10300.0 10975.0 1589155
10250.0 10850.0 918043
9900.0 10975.0 42535
9850.0 10850.0 1262537
9350.0 11000.0 898679
8750.0 11000.0 225174
8650.0 10900.0 1309925
8525.0 10900.0 1757840
8400.0 10900.0 1915318
8275.0 10900.0 752885
8050.0 10775.0 1011543
7900.0 10775.0 36352
7925.0 10975.0 1495857
7825.0 10975.0 859799
7750.0 10775.0 1005812
7725.0 10975.0 993838
7600.0 10775.0 603661
7625.0 10975.0 316291
7500.0 11000.0 2277866
7425.0 10750.0 826879
7325.0 10750.0 1455119
7375.0 10900.0 184210
7225.0 10750.0 2483869
7125.0 10750.0 1071883
7125.0 10900.0 2314511
7125.0 10450.0 873438
7225.0 10450.0 1109050
7325.0 10450.0 232221
7425.0 10450.0 2191951
8300.0 10500.0 908809
8600.0 10500.0 615913
8950.0 10425.0 1027479
9050.0 10425.0 2381314
9150.0 10425.0 1003767
9350.0 10600.0 2588181
10200.0 10600.0 1761243
10700.0 10600.0 1715385
11375.0 10575.0 1795237
11525.0 10625.0 669849
11650.0 10625.0 2312165
11775.0 10450.0 660125
11775.0 10250.0 106660
11650.0 10125.0 1453462
11525.0 10125.0 1324685
11375.0 10175.0 982233
10250.0 10325.0 2623269
10250.0 10125.0 844567
9275.0 10275.0 337807
9175.0 10275.0 1262330
8950.0 10200.0 2182604
8750.0 10200.0 1732078
8050.0 10275.0 716294
7900.0 10275.0 1446239
7750.0 10275.0 713081
7600.0 10275.0 829983
4975.0 10125.0 2613830
4750.0 10125.0 2130270
4525.0 10125.0 917573
8750.0 10000.0 17177
8950.0 10000.0 2653344
11375.0 10000.0 1163992
11475.0 10000.0 388425
11575.0 10000.0 1714493
11675.0 10000.0 1946414
12100.0 9875.0 718009
12225.0 9875.0 1826429
12350.0 9875.0 2659235
12750.0 9925.0 1105021
12875.0 9925.0 577351
13125.0 9875.0 1289515
13000.0 9800.0 2393799
13000.0 9550.0 2659971
12600.0 9775.0 1117516
12600.0 9575.0 573526
11975.0 9800.0 1120200
11975.0 9550.0 549847
11675.0 9700.0 293701
11575.0 9700.0 1328246
11475.0 9700.0 1077744
11375.0 9700.0 1718136
10975.0 9600.0 1180201
10850.0 9600.0 2749875
10375.0 9250.0 1714005
10475.0 9250.0 635099
10575.0 9250.0 2802045
11725.0 9325.0 2420344
11850.0 9375.0 2140919
12100.0 9475.0 1495563
12050.0 9275.0 2563904
12225.0 9475.0 2158102
12150.0 9275.0 45560
12250.0 9275.0 2126504
12350.0 9475.0 1855654
12350.0 9275.0 2560270
12525.0 9325.0 996983
12750.0 9425.0 2437048
12775.0 9275.0 318880
12875.0 9425.0 82927
12875.0 9275.0 1672076
12975.0 9275.0 112818
13125.0 9475.0 1124519
13075.0 9275.0 2608061
13250.0 9375.0 1990813
13375.0 9375.0 1611585
13500.0 9375.0 1072246
13625.0 9375.0 792364
13075.0 8975.0 557018
12975.0 8975.0 1256378
12875.0 8975.0 1901664
12775.0 8975.0 1850229
12525.0 8925.0 1134336
12350.0 8975.0 1511705
12250.0 8975.0 958736
12150.0 8975.0 1908959
12050.0 8975.0 1899748
11725.0 8925.0 661794
10975.0 9200.0 2085018
10900.0 8975.0 2286760
10850.0 9200.0 1693193
10800.0 9075.0 284551
10800.0 8975.0 1806642
5150.0 8750.0 459295
11650.0 8725.0 154662
11775.0 8775.0 2639978
11850.0 8875.0 551409
11900.0 8725.0 1614992
12025.0 8625.0 2263683
12150.0 8650.0 2246771
12275.0 8725.0 1188072
12400.0 8625.0 329692
12525.0 8725.0 2037674
12650.0 8625.0 473165
12850.0 8725.0 1793505
12975.0 8625.0 1388549
13100.0 8775.0 591197
13250.0 8875.0 333567
13375.0 8875.0 111
13500.0 8875.0 1558732
13475.0 8725.0 1929710
13625.0 8875.0 16468
13700.0 8500.0 1412286
13600.0 8600.0 2500401
13600.0 8500.0 542812
13475.0 8325.0 1850068
13350.0 8350.0 2574593
13250.0 8450.0 1395143
13250.0 8350.0 1366957
12975.0 8425.0 190323
12850.0 8325.0 2399033
12650.0 8425.0 1604137
12525.0 8325.0 1236340
12400.0 8425.0 480133
12275.0 8325.0 1587014
12150.0 8400.0 721353
12025.0 8425.0 1822
11900.0 8325.0 1526729
11650.0 8325.0 697272
11000.0 8575.0 1893543
4900.0 8500.0 2217030
6150.0 8275.0 942261
6625.0 8300.0 1096878
7025.0 8300.0 1564030
11225.0 8125.0 647908
11550.0 8125.0 308775
11775.0 8275.0 626597
11850.0 8125.0 109683
11975.0 8125.0 2185179
12100.0 8125.0 977087
12225.0 8125.0 1582568
12350.0 8125.0 2154781
12475.0 8025.0 1553196
12600.0 8125.0 59632
12725.0 8125.0 2595253
12850.0 8125.0 2105485
12975.0 8125.0 2717652
13100.0 8125.0 207286
13100.0 8275.0 2793450
13225.0 8125.0 1174993
13375.0 8175.0 62639
13500.0 8175.0 164578
13625.0 8125.0 2616436
13625.0 7725.0 982833
13225.0 7725.0 2512580
13100.0 7725.0 2476164
12975.0 7725.0 566225
12850.0 7725.0 1453105
12725.0 7725.0 2137163
12600.0 7725.0 1189052
12475.0 7825.0 595970
12350.0 7725.0 433638
12225.0 7725.0 367306
12100.0 7725.0 1882999
11975.0 7725.0 1533432
11850.0 7725.0 1732580
11550.0 7725.0 1338718
11225.0 7725.0 944717
11000.0 7775.0 1123904
6625.0 7950.0 815536
4800.0 7825.0 513730
4550.0 7825.0 2379004
4550.0 7425.0 205208
4800.0 7425.0 2437870
6150.0 7525.0 41201
6825.0 7575.0 2421775
7075.0 7575.0 1229643
11450.0 7500.0 2140365
11550.0 7500.0 675738
11650.0 7500.0 2542374
11750.0 7500.0 2735351
11850.0 7500.0 2134060
11950.0 7500.0 1204199
12050.0 7500.0 2703441
12150.0 7500.0 364653
12325.0 7550.0 1774878
12500.0 7500.0 2156545
12600.0 7500.0 91015
12700.0 7500.0 351996
12800.0 7500.0 1488140
13025.0 7500.0 1089954
13125.0 7500.0 2306780
13225.0 7500.0 2588875
13325.0 7500.0 308781
13375.0 7675.0 436388
13500.0 7675.0 604996
13500.0 7450.0 1346005
13625.0 7550.0 2701187
13625.0 7150.0 1511200
13500.0 7250.0 1910849
13325.0 7200.0 887152
13225.0 7200.0 2382489
13125.0 7200.0 1203249
13025.0 7200.0 2442610
12800.0 7200.0 52964
12700.0 7200.0 363714
12600.0 7200.0 1209755
12500.0 7200.0 1637584
12325.0 7150.0 1984447
12150.0 7200.0 1838153
12050.0 7200.0 921967
11950.0 7200.0 1990967
11850.0 7200.0 1980611
11750.0 7200.0 1372136
11650.0 7200.0 2133328
11550.0 7200.0 904323
11450.0 7200.0 1149253
11050.0 7125.0 1336256
10950.0 7125.0 1907423
10850.0 7125.0 2450717
10750.0 7125.0 211648
10650.0 7125.0 2732419
10550.0 7125.0 1047964
10450.0 7125.0 2562378
7075.0 7175.0 403388
5825.0 7350.0 2498162
5425.0 7350.0 213639
4425.0 7275.0 153817
4425.0 6875.0 2407616
7075.0 7075.0 1264128
7250.0 7025.0 1186277
7250.0 6900.0 357233
7750.0 6900.0 255868
7900.0 6900.0 598553
8200.0 6900.0 2572997
8350.0 6900.0 2736003
8650.0 6900.0 1455452
8800.0 6900.0 2710136
10450.0 6825.0 908421
10550.0 6825.0 1127565
10650.0 6825.0 1139730
10750.0 6825.0 2775757
10850.0 6825.0 2062655
10950.0 6825.0 1470277
11050.0 6825.0 2114203
11425.0 6975.0 1029341
11575.0 6925.0 385753
11575.0 6825.0 1078474
11675.0 6825.0 807186
11850.0 6975.0 1295759
11975.0 6975.0 2309835
12225.0 6975.0 579568
12350.0 6975.0 2529461
12475.0 6975.0 636093
12600.0 6975.0 2253818
12725.0 6875.0 1857647
12850.0 6975.0 2592496
12975.0 6975.0 1643770
13125.0 7025.0 892277
13275.0 6975.0 2589302
13400.0 7025.0 2457437
13400.0 6525.0 1067345
13275.0 6575.0 592165
13125.0 6525.0 867152
12975.0 6575.0 1943449
12850.0 6575.0 540755
12725.0 6675.0 2075688
12600.0 6575.0 2178007
12475.0 6575.0 1583732
12350.0 6575.0 2152948
12225.0 6575.0 1788951
11975.0 6575.0 2811801
11850.0 6575.0 580312
11675.0 6575.0 1434350
11575.0 6675.0 2713991
11575.0 6575.0 1065981
11425.0 6575.0 2810853
11050.0 6625.0 1450856
10950.0 6625.0 2784083
10850.0 6625.0 1311548
10750.0 6625.0 1840907
10650.0 6625.0 956601
10550.0 6625.0 2426998
10450.0 6625.0 63919
7075.0 6675.0 396567
5675.0 6650.0 897560
5175.0 6650.0 1920128
5050.0 6575.0 238372
4650.0 6575.0 2400575
7650.0 6375.0 784476
7750.0 6375.0 159991
7750.0 6500.0 86727
7850.0 6375.0 2789648
7900.0 6500.0 11122
8100.0 6375.0 848108
8200.0 6375.0 539842
8200.0 6500.0 2703878
8300.0 6375.0 1626199
8350.0 6500.0 1983898
8550.0 6375.0 2765538
8650.0 6375.0 2639348
8650.0 6500.0 2662568
8750.0 6375.0 2133448
8800.0 6500.0 2593016
10450.0 6325.0 1652336
10550.0 6325.0 1173132
10650.0 6325.0 2685323
10750.0 6325.0 1076170
10850.0 6325.0 476005
10950.0 6325.0 23449
11050.0 6325.0 1696303
11100.0 6075.0 843989
10950.0 6075.0 2233779
10800.0 6125.0 199476
10300.0 6125.0 791082
5550.0 5675.0 978127
5625.0 5625.0 2084353
5675.0 5750.0 787712
6175.0 5750.0 1119207
6225.0 5625.0 1507971
7625.0 5850.0 1004037
7875.0 5850.0 2521616
10950.0 5800.0 11702
7875.0 5350.0 514935
7625.0 5350.0 659680
6175.0 5400.0 1591308
5675.0 5400.0 1084675
5550.0 5425.0 218175
5550.0 5200.0 2553475
10950.0 5300.0 2485628
11050.0 5075.0 881522
11200.0 5075.0 1093841
11350.0 4875.0 1048540
7875.0 4875.0 1632103
7675.0 4875.0 2226575
6225.0 5000.0 1240594
6175.0 4875.0 536950
5675.0 4875.0 2458598
5625.0 5000.0 301415
5550.0 4950.0 612285
5550.0 4475.0 295754
5550.0 4675.0 1939587
5675.0 4675.0 1898692
6175.0 4675.0 1189465
11350.0 4425.0 2319301
11350.0 4650.0 2679937
13225.0 4275.0 1758424
4225.0 4075.0 1313858
13225.0 4075.0 30403
13225.0 3700.0 2090355
6350.0 3600.0 1963420
5950.0 3600.0 740696
4225.0 3675.0 1698397
4225.0 3525.0 2643460
4475.0 3300.0 625531
4475.0 3450.0 303315
4975.0 3300.0 2434765
4975.0 3450.0 2109321
7900.0 3350.0 1578314
10650.0 3525.0 411514
10850.0 3525.0 362233
13225.0 3500.0 1007220
13225.0 3125.0 1617108
8275.0 3000.0 2762105
8125.0 3000.0 2448115
7900.0 3200.0 2604167
4975.0 3000.0 2751076
4975.0 3150.0 2068440
4475.0 3000.0 1342901
4475.0 3150.0 1543578
4225.0 3125.0 1158160
4675.0 2700.0 251063
13225.0 2925.0 346998
13225.0 2525.0 1690271
4675.0 2550.0 525
13225.0 2325.0 1649006
4675.0 1825.0 2800286
4675.0 1975.0 627655
1975.0 4025.0 1886081
2075.0 5675.0 502887
1975.0 5575.0 1482803
1875.0 5475.0 1543718
1775.0 5375.0 2076694
2075.0 6475.0 463269
