# C:\Users\gielpa\PycharmProjects\Genetic-Algorithm\data-bak\pr76.tsp\data
3600.0 2300.0 322493
3100.0 3300.0 385384
4700.0 5750.0 194278
5400.0 5750.0 204059
5608.0 7103.0 332344
4493.0 7102.0 52509
3600.0 6950.0 602022
3100.0 7250.0 19928
4700.0 8450.0 362830
5400.0 8450.0 414400
5610.0 10053.0 280897
4492.0 10052.0 240209
3600.0 10800.0 842782
3100.0 10950.0 357130
4700.0 11650.0 684289
5400.0 11650.0 137993
6650.0 10800.0 382586
7300.0 10950.0 452974
7300.0 7250.0 288833
6650.0 6950.0 136823
7300.0 3300.0 223647
6650.0 2300.0 817449
5400.0 1600.0 782815
8350.0 2300.0 9719
7850.0 3300.0 401804
9450.0 5750.0 443767
10150.0 5750.0 175927
10358.0 7103.0 370089
9243.0 7102.0 131730
8350.0 6950.0 434403
7850.0 7250.0 241871
9450.0 8450.0 88626
10150.0 8450.0 570949
10360.0 10053.0 361508
9242.0 10052.0 446259
8350.0 10800.0 743672
7850.0 10950.0 429012
9450.0 11650.0 241145
10150.0 11650.0 287441
11400.0 10800.0 240973
12050.0 10950.0 116856
12050.0 7250.0 592467
11400.0 6950.0 517557
12050.0 3300.0 805243
11400.0 2300.0 657142
10150.0 1600.0 532121
13100.0 2300.0 122885
12600.0 3300.0 497500
14200.0 5750.0 680211
14900.0 5750.0 843023
15108.0 7103.0 626613
13993.0 7102.0 676083
13100.0 6950.0 456687
12600.0 7250.0 607654
14200.0 8450.0 375849
14900.0 8450.0 387655
15110.0 10053.0 727418
13992.0 10052.0 846287
13100.0 10800.0 252813
12600.0 10950.0 35699
14200.0 11650.0 829931
14900.0 11650.0 412031
16150.0 10800.0 656828
16800.0 10950.0 218556
16800.0 7250.0 341614
16150.0 6950.0 348122
16800.0 3300.0 237048
16150.0 2300.0 460526
14900.0 1600.0 285590
19800.0 800.0 708878
19800.0 10000.0 33900
19800.0 11900.0 572731
19800.0 12200.0 199307
200.0 12200.0 73394
200.0 1100.0 654692
200.0 800.0 420574
