# C:\Users\gielpa\PycharmProjects\Genetic-Algorithm\data-bak\rat195.tsp\data
3.0 12.0 26989
17.0 12.0 10503
23.0 9.0 11860
34.0 11.0 21879
47.0 11.0 17637
54.0 12.0 286
66.0 16.0 8285
75.0 7.0 22153
86.0 6.0 9328
94.0 8.0 3785
107.0 9.0 28921
115.0 14.0 22234
123.0 15.0 16416
3.0 32.0 9438
15.0 32.0 9608
26.0 34.0 25259
33.0 34.0 10456
42.0 34.0 19869
53.0 25.0 27550
64.0 32.0 9009
74.0 32.0 11448
85.0 34.0 8025
95.0 28.0 27810
104.0 25.0 25903
113.0 31.0 21335
125.0 34.0 17759
3.0 48.0 26056
15.0 46.0 9166
26.0 50.0 21880
36.0 54.0 6424
48.0 50.0 23201
54.0 46.0 6739
64.0 54.0 18415
75.0 44.0 18612
88.0 49.0 25900
98.0 50.0 1682
103.0 54.0 21185
115.0 47.0 14512
127.0 49.0 19530
6.0 75.0 23436
15.0 75.0 24429
27.0 73.0 1645
36.0 73.0 19841
47.0 68.0 21054
54.0 72.0 4024
66.0 68.0 16946
74.0 67.0 13304
85.0 65.0 13169
94.0 74.0 16215
107.0 65.0 18396
117.0 65.0 24672
125.0 68.0 3525
6.0 84.0 27215
13.0 95.0 13875
25.0 94.0 14618
37.0 84.0 8021
47.0 87.0 7726
53.0 95.0 28584
63.0 86.0 7023
77.0 93.0 16885
83.0 89.0 23528
94.0 95.0 12494
103.0 92.0 14441
115.0 95.0 10972
123.0 93.0 5422
7.0 114.0 13763
15.0 111.0 10885
24.0 112.0 29539
36.0 108.0 26483
43.0 112.0 17222
56.0 105.0 1467
64.0 112.0 549
73.0 112.0 25728
86.0 107.0 13174
98.0 108.0 5589
104.0 113.0 27141
117.0 115.0 17585
126.0 109.0 21654
6.0 127.0 7212
17.0 125.0 10347
27.0 134.0 24736
35.0 126.0 14550
44.0 131.0 12363
54.0 132.0 21678
63.0 124.0 7637
77.0 127.0 530
82.0 134.0 19475
96.0 128.0 5126
103.0 126.0 9862
116.0 130.0 28679
126.0 134.0 9192
7.0 152.0 26262
16.0 147.0 27792
24.0 153.0 20862
35.0 151.0 28493
45.0 154.0 18753
55.0 146.0 8110
63.0 155.0 6126
75.0 151.0 1199
87.0 154.0 18453
93.0 156.0 24894
104.0 151.0 24938
117.0 153.0 4251
127.0 148.0 13516
3.0 164.0 26009
16.0 172.0 23007
25.0 165.0 21857
35.0 175.0 3500
44.0 169.0 14789
53.0 174.0 22734
64.0 168.0 11353
76.0 171.0 18889
87.0 173.0 11693
95.0 174.0 5544
106.0 168.0 3631
114.0 169.0 16109
125.0 169.0 15842
3.0 190.0 11586
16.0 188.0 13151
25.0 195.0 10362
37.0 186.0 19197
44.0 189.0 26913
54.0 194.0 25647
66.0 192.0 10492
77.0 192.0 15566
85.0 188.0 19790
93.0 185.0 14482
106.0 192.0 26807
113.0 193.0 11588
125.0 195.0 20862
5.0 207.0 954
15.0 213.0 5604
24.0 209.0 795
33.0 214.0 12525
43.0 206.0 14226
53.0 211.0 15771
64.0 213.0 78
74.0 212.0 18979
84.0 212.0 11252
94.0 209.0 14800
104.0 215.0 19374
115.0 206.0 9552
127.0 209.0 16888
6.0 229.0 1156
13.0 227.0 22489
26.0 235.0 29505
34.0 225.0 21382
43.0 227.0 18839
55.0 225.0 23826
67.0 229.0 10447
75.0 234.0 29480
87.0 230.0 7385
95.0 235.0 9562
105.0 228.0 15309
117.0 225.0 11671
127.0 230.0 6261
6.0 249.0 23067
15.0 246.0 21052
26.0 255.0 17061
33.0 246.0 13587
47.0 248.0 27096
58.0 252.0 1573
65.0 248.0 10328
73.0 247.0 23719
87.0 249.0 14313
94.0 245.0 25871
104.0 256.0 19250
113.0 246.0 6010
125.0 253.0 10745
5.0 266.0 16524
16.0 274.0 12448
24.0 267.0 448
37.0 266.0 26754
45.0 267.0 12675
54.0 266.0 21836
67.0 267.0 13319
74.0 265.0 1687
87.0 264.0 27723
95.0 271.0 4586
106.0 264.0 14222
116.0 271.0 11796
127.0 273.0 29611
7.0 287.0 22416
17.0 294.0 12121
23.0 287.0 13026
33.0 284.0 6960
43.0 288.0 25249
53.0 295.0 15789
67.0 288.0 7069
73.0 286.0 16171
87.0 293.0 15792
94.0 284.0 16334
104.0 291.0 4229
114.0 294.0 10228
127.0 290.0 18285
