# C:\Users\gielpa\PycharmProjects\Genetic-Algorithm\data-bak\rat575.tsp\data
6.0 18.0 2558
11.0 0.0 92642
24.0 6.0 64823
36.0 13.0 57481
41.0 19.0 89254
51.0 5.0 119777
64.0 9.0 13579
71.0 15.0 143333
86.0 1.0 37001
95.0 1.0 67433
104.0 18.0 42576
119.0 14.0 133001
120.0 17.0 79373
132.0 8.0 50467
148.0 13.0 151553
158.0 20.0 122108
163.0 5.0 136375
178.0 11.0 138408
185.0 20.0 12414
196.0 19.0 53363
207.0 19.0 32958
217.0 9.0 88894
229.0 11.0 135081
5.0 32.0 152932
12.0 23.0 132553
28.0 27.0 77310
31.0 26.0 72729
45.0 34.0 98855
55.0 37.0 19975
67.0 23.0 820
75.0 34.0 39889
85.0 35.0 98668
99.0 28.0 71680
108.0 21.0 85248
113.0 27.0 19901
122.0 40.0 93350
131.0 39.0 71010
141.0 40.0 145054
151.0 28.0 128633
166.0 27.0 31751
177.0 23.0 112505
182.0 22.0 127992
191.0 25.0 59397
203.0 32.0 136864
211.0 28.0 104072
224.0 24.0 144190
1.0 55.0 58404
18.0 42.0 7620
26.0 50.0 124671
38.0 49.0 96083
42.0 60.0 126851
57.0 42.0 142292
69.0 41.0 60493
79.0 55.0 19461
85.0 52.0 116411
95.0 48.0 30798
102.0 43.0 95822
114.0 42.0 67577
121.0 45.0 100959
135.0 55.0 58865
146.0 51.0 16925
159.0 47.0 78327
161.0 49.0 114260
171.0 48.0 18651
181.0 52.0 10619
194.0 52.0 17613
208.0 50.0 144608
214.0 52.0 24419
223.0 46.0 76037
1.0 71.0 70034
14.0 73.0 112332
25.0 61.0 140190
35.0 63.0 54015
42.0 65.0 140008
54.0 79.0 42647
65.0 69.0 147443
73.0 69.0 54559
81.0 70.0 122776
98.0 66.0 36802
105.0 60.0 75392
115.0 77.0 6683
125.0 65.0 144769
135.0 71.0 152798
143.0 77.0 85603
151.0 77.0 35849
162.0 65.0 17017
175.0 64.0 149944
187.0 74.0 64514
197.0 67.0 94706
202.0 68.0 140497
215.0 78.0 133908
225.0 62.0 51442
8.0 83.0 43762
16.0 89.0 143755
20.0 99.0 40565
34.0 85.0 45320
47.0 86.0 96160
56.0 86.0 50464
67.0 92.0 89189
78.0 84.0 104386
84.0 95.0 122468
99.0 93.0 22371
101.0 97.0 89732
115.0 92.0 23483
127.0 97.0 14748
132.0 87.0 71927
149.0 95.0 20680
156.0 100.0 25574
164.0 95.0 57565
171.0 81.0 13800
189.0 100.0 143478
198.0 89.0 127954
208.0 81.0 31518
216.0 92.0 13050
229.0 86.0 37778
1.0 100.0 70857
12.0 102.0 14359
22.0 113.0 146272
37.0 103.0 147736
48.0 104.0 117331
56.0 113.0 29027
68.0 119.0 51178
72.0 100.0 140951
81.0 110.0 65694
98.0 107.0 129013
103.0 103.0 89099
112.0 120.0 116713
130.0 120.0 72170
136.0 104.0 129557
142.0 120.0 36574
157.0 106.0 4255
164.0 112.0 59903
174.0 119.0 65671
184.0 101.0 137973
198.0 115.0 124705
202.0 115.0 53182
212.0 118.0 84683
229.0 101.0 138444
6.0 127.0 145649
12.0 140.0 68942
22.0 121.0 147889
31.0 132.0 152905
41.0 132.0 70650
53.0 124.0 117940
62.0 136.0 90215
80.0 126.0 109255
84.0 123.0 71270
98.0 126.0 110091
108.0 130.0 59950
115.0 134.0 4555
128.0 125.0 105248
136.0 133.0 57780
145.0 134.0 63820
152.0 131.0 37620
167.0 127.0 117190
171.0 135.0 124700
184.0 139.0 49004
199.0 124.0 112471
202.0 127.0 100549
217.0 128.0 123919
225.0 121.0 26627
8.0 148.0 144130
16.0 148.0 122451
27.0 149.0 45454
37.0 155.0 120178
42.0 150.0 134020
54.0 144.0 48153
65.0 145.0 87292
75.0 142.0 45985
82.0 144.0 51856
91.0 151.0 38516
101.0 143.0 113053
115.0 142.0 3357
127.0 157.0 117291
139.0 157.0 60217
147.0 159.0 145429
155.0 159.0 4890
163.0 142.0 76268
177.0 154.0 130740
183.0 149.0 71884
199.0 157.0 97660
201.0 145.0 13560
218.0 144.0 94502
228.0 158.0 148021
3.0 166.0 34864
18.0 178.0 37205
29.0 172.0 31603
33.0 171.0 30623
43.0 173.0 146711
52.0 168.0 73768
68.0 175.0 36584
73.0 164.0 105773
82.0 173.0 9534
93.0 165.0 107234
101.0 173.0 42136
117.0 172.0 86567
124.0 177.0 136921
139.0 175.0 106694
145.0 177.0 1316
151.0 177.0 49017
166.0 165.0 147361
178.0 169.0 18341
181.0 161.0 41455
199.0 166.0 113966
208.0 173.0 89132
219.0 172.0 30462
223.0 171.0 147238
8.0 190.0 544
15.0 183.0 103363
24.0 194.0 132110
34.0 196.0 140393
42.0 185.0 24126
51.0 198.0 91810
65.0 199.0 141416
72.0 195.0 130119
83.0 191.0 101978
96.0 183.0 13246
107.0 195.0 19436
117.0 191.0 50881
123.0 194.0 32514
132.0 184.0 68753
148.0 188.0 25947
158.0 199.0 102535
165.0 184.0 63253
174.0 193.0 13424
184.0 186.0 112586
190.0 195.0 25725
209.0 194.0 52294
219.0 180.0 50834
226.0 192.0 12972
1.0 210.0 129126
17.0 207.0 144430
22.0 201.0 149166
34.0 213.0 46812
44.0 213.0 94683
56.0 202.0 23912
62.0 209.0 64341
74.0 213.0 99838
89.0 209.0 22849
95.0 212.0 26475
108.0 205.0 692
119.0 218.0 72026
124.0 203.0 31738
133.0 208.0 51503
141.0 207.0 115114
157.0 211.0 120077
167.0 213.0 88001
176.0 210.0 3327
182.0 201.0 104557
196.0 218.0 24747
205.0 219.0 75625
219.0 218.0 44678
228.0 208.0 3218
6.0 222.0 33885
11.0 234.0 140152
21.0 222.0 19236
38.0 239.0 141351
48.0 227.0 93499
50.0 231.0 25135
63.0 232.0 141689
73.0 240.0 59043
87.0 234.0 68061
96.0 237.0 1211
102.0 228.0 91228
118.0 224.0 147726
128.0 229.0 135354
137.0 221.0 119652
147.0 227.0 506
151.0 224.0 131643
169.0 233.0 72314
177.0 225.0 25737
185.0 220.0 93331
193.0 238.0 120946
207.0 229.0 13779
214.0 230.0 118188
224.0 234.0 106279
6.0 240.0 91325
14.0 257.0 26343
23.0 253.0 75321
36.0 247.0 114244
49.0 254.0 14534
51.0 242.0 5155
64.0 251.0 62534
71.0 258.0 147939
81.0 260.0 89462
92.0 242.0 24616
102.0 254.0 138027
118.0 253.0 27748
123.0 244.0 112809
133.0 241.0 150067
148.0 254.0 49673
155.0 240.0 151565
161.0 250.0 93591
173.0 257.0 137662
181.0 254.0 89112
192.0 256.0 30165
205.0 251.0 145364
218.0 254.0 136411
229.0 241.0 39979
2.0 277.0 90294
15.0 275.0 44260
22.0 267.0 8899
32.0 274.0 113499
44.0 269.0 143325
57.0 278.0 54223
64.0 261.0 134965
71.0 273.0 85384
81.0 278.0 110680
96.0 272.0 12423
102.0 272.0 113137
115.0 271.0 17139
120.0 280.0 74295
135.0 278.0 14519
149.0 261.0 104060
158.0 263.0 101028
163.0 270.0 141355
175.0 273.0 89977
185.0 265.0 14768
200.0 276.0 61599
204.0 273.0 23590
215.0 263.0 142655
227.0 265.0 149183
4.0 300.0 47025
13.0 293.0 108466
22.0 287.0 109452
38.0 297.0 106373
41.0 296.0 16427
54.0 286.0 90384
68.0 296.0 124775
71.0 281.0 108738
86.0 288.0 75476
96.0 285.0 132186
101.0 296.0 148055
119.0 292.0 80787
122.0 292.0 54823
140.0 293.0 34642
147.0 300.0 82927
158.0 290.0 103747
163.0 286.0 85121
174.0 294.0 71384
187.0 298.0 1257
199.0 290.0 151680
203.0 280.0 107382
216.0 281.0 147617
226.0 288.0 40464
9.0 310.0 77373
17.0 308.0 15255
24.0 308.0 95572
31.0 305.0 7276
41.0 305.0 69196
52.0 313.0 100823
65.0 315.0 111743
72.0 311.0 151935
87.0 313.0 32255
93.0 303.0 145133
104.0 307.0 13007
112.0 305.0 66222
122.0 307.0 34038
135.0 317.0 19044
147.0 313.0 32669
157.0 314.0 76029
163.0 306.0 140241
177.0 316.0 124652
188.0 306.0 103383
195.0 302.0 124468
208.0 301.0 117834
215.0 313.0 46239
221.0 308.0 22038
1.0 338.0 149081
18.0 331.0 21758
27.0 324.0 61288
37.0 338.0 83531
46.0 332.0 49217
54.0 327.0 1332
62.0 337.0 24883
71.0 328.0 121602
81.0 338.0 36395
98.0 325.0 22751
108.0 322.0 121123
112.0 327.0 101540
124.0 329.0 16218
138.0 338.0 108678
145.0 322.0 50771
151.0 337.0 145941
162.0 324.0 147165
179.0 320.0 143993
182.0 340.0 62586
196.0 335.0 92869
209.0 340.0 136840
212.0 324.0 18814
229.0 333.0 109217
9.0 352.0 24146
17.0 341.0 34810
24.0 344.0 97484
37.0 340.0 80965
46.0 357.0 85021
57.0 348.0 17615
68.0 351.0 100794
77.0 352.0 103388
85.0 349.0 127716
96.0 349.0 704
109.0 358.0 59193
112.0 343.0 5086
122.0 345.0 109059
131.0 350.0 17050
143.0 357.0 22489
151.0 356.0 361
163.0 354.0 9356
176.0 344.0 131105
185.0 340.0 5560
199.0 341.0 30534
203.0 343.0 70059
213.0 340.0 44086
225.0 357.0 113117
7.0 376.0 79172
17.0 371.0 85775
22.0 376.0 74455
34.0 362.0 103542
41.0 364.0 89295
56.0 374.0 17330
62.0 365.0 128555
74.0 362.0 112237
82.0 379.0 129494
96.0 379.0 94498
106.0 370.0 110159
119.0 370.0 48963
127.0 376.0 42375
136.0 372.0 5416
143.0 368.0 26501
156.0 375.0 125604
168.0 365.0 29523
178.0 370.0 76915
189.0 366.0 16504
191.0 368.0 4410
204.0 376.0 87521
213.0 369.0 21520
229.0 367.0 101063
4.0 396.0 108196
17.0 392.0 6920
29.0 394.0 20872
39.0 380.0 5399
45.0 391.0 148923
56.0 398.0 70771
66.0 390.0 66395
75.0 394.0 97797
88.0 400.0 15036
96.0 392.0 115364
102.0 393.0 148777
119.0 382.0 46761
126.0 393.0 121213
135.0 391.0 6354
143.0 397.0 17737
156.0 397.0 103656
167.0 396.0 51953
171.0 389.0 51906
186.0 387.0 32986
193.0 397.0 132908
208.0 399.0 114216
212.0 399.0 105399
226.0 385.0 62693
9.0 419.0 21889
18.0 409.0 10476
25.0 407.0 82984
39.0 407.0 4566
41.0 406.0 144179
59.0 414.0 48987
61.0 401.0 139441
78.0 406.0 153464
89.0 418.0 56778
94.0 418.0 129504
108.0 401.0 100031
117.0 404.0 99764
128.0 403.0 111396
136.0 412.0 152869
147.0 410.0 80472
158.0 404.0 9993
167.0 405.0 133702
175.0 419.0 2898
189.0 403.0 151318
193.0 419.0 3872
202.0 418.0 48762
215.0 407.0 65074
224.0 416.0 18623
2.0 421.0 47932
11.0 430.0 146152
29.0 421.0 141198
33.0 439.0 55830
46.0 432.0 36737
54.0 438.0 144755
67.0 426.0 80381
79.0 423.0 123998
84.0 433.0 29172
96.0 435.0 139164
104.0 427.0 98853
114.0 432.0 85112
125.0 435.0 104175
135.0 422.0 91309
142.0 431.0 138442
150.0 430.0 78702
166.0 430.0 17618
178.0 437.0 136880
181.0 439.0 98758
191.0 436.0 3633
204.0 438.0 29928
211.0 425.0 109382
227.0 439.0 95796
1.0 451.0 89104
16.0 459.0 119121
27.0 449.0 50868
33.0 451.0 30883
43.0 445.0 97025
57.0 443.0 73576
67.0 458.0 97943
77.0 441.0 83335
84.0 454.0 88551
92.0 440.0 90909
102.0 460.0 73396
116.0 451.0 24210
126.0 444.0 90694
134.0 449.0 115241
147.0 447.0 153128
154.0 446.0 57639
167.0 444.0 97106
177.0 449.0 637
189.0 451.0 100069
198.0 446.0 9208
203.0 455.0 48914
213.0 449.0 131914
221.0 450.0 92574
7.0 475.0 21000
19.0 480.0 51791
23.0 477.0 4146
33.0 480.0 132348
43.0 474.0 49844
54.0 474.0 112063
68.0 472.0 73993
74.0 464.0 11809
85.0 466.0 85125
94.0 475.0 98685
108.0 470.0 56822
113.0 461.0 144128
129.0 470.0 18112
136.0 473.0 143217
143.0 461.0 20674
153.0 478.0 48278
160.0 470.0 2053
172.0 479.0 89782
181.0 469.0 108809
198.0 460.0 147470
206.0 464.0 116443
217.0 478.0 108213
228.0 473.0 71408
9.0 498.0 19814
16.0 494.0 12085
24.0 496.0 28559
33.0 490.0 122765
46.0 481.0 31644
51.0 499.0 106006
69.0 491.0 89260
71.0 484.0 153026
85.0 485.0 132526
93.0 481.0 104196
106.0 485.0 36456
117.0 482.0 42016
121.0 482.0 105837
136.0 497.0 78982
143.0 489.0 282
156.0 480.0 15634
165.0 492.0 57183
176.0 488.0 65489
183.0 499.0 129085
192.0 493.0 48227
201.0 494.0 34361
212.0 491.0 32400
226.0 482.0 149729
