# C:\Users\gielpa\PycharmProjects\Genetic-Algorithm\data-bak\rat783.tsp\data
13.0 6.0 105737
49.0 6.0 114903
105.0 6.0 12771
239.0 6.0 203399
110.0 7.0 141699
270.0 7.0 91937
53.0 8.0 14402
131.0 8.0 144591
88.0 9.0 95702
97.0 9.0 69522
244.0 9.0 157173
78.0 10.0 127255
254.0 10.0 41545
174.0 11.0 29478
10.0 13.0 63969
200.0 13.0 11776
29.0 14.0 118995
62.0 14.0 172403
123.0 14.0 49950
141.0 15.0 132465
201.0 15.0 27690
167.0 17.0 176502
39.0 18.0 83762
219.0 18.0 15028
14.0 19.0 177800
200.0 19.0 105233
204.0 19.0 68885
220.0 19.0 116535
100.0 20.0 202900
127.0 20.0 217203
151.0 21.0 162853
188.0 21.0 207187
88.0 22.0 72946
231.0 23.0 121330
167.0 24.0 223269
140.0 25.0 139068
26.0 28.0 130596
253.0 30.0 44909
101.0 33.0 10701
270.0 33.0 163062
44.0 35.0 14736
181.0 35.0 38228
245.0 35.0 49000
211.0 37.0 39354
30.0 38.0 18
54.0 38.0 176576
69.0 38.0 128461
116.0 38.0 158385
7.0 39.0 15856
159.0 39.0 80118
189.0 39.0 7554
13.0 40.0 113110
73.0 40.0 19520
175.0 40.0 200011
213.0 40.0 175205
2.0 41.0 190367
25.0 41.0 36690
77.0 41.0 6125
142.0 41.0 140215
222.0 41.0 187197
143.0 42.0 176969
165.0 45.0 13668
94.0 46.0 154387
125.0 46.0 61642
67.0 49.0 205348
237.0 49.0 189060
46.0 51.0 175582
150.0 53.0 189005
200.0 53.0 102006
38.0 55.0 142692
132.0 55.0 119372
179.0 55.0 214090
228.0 55.0 156763
107.0 56.0 13872
243.0 56.0 243340
82.0 57.0 83852
113.0 57.0 221867
207.0 58.0 14292
261.0 58.0 137164
37.0 59.0 80141
51.0 59.0 100791
163.0 59.0 171835
71.0 60.0 23819
255.0 60.0 15266
140.0 62.0 78207
154.0 62.0 75038
248.0 62.0 139912
8.0 63.0 5557
104.0 63.0 240614
208.0 63.0 75746
222.0 64.0 205950
180.0 65.0 167
196.0 65.0 115583
68.0 66.0 182262
96.0 68.0 117729
232.0 68.0 201866
24.0 69.0 177676
84.0 69.0 144744
138.0 70.0 79124
40.0 71.0 49906
267.0 72.0 224861
121.0 73.0 112221
180.0 73.0 192364
217.0 75.0 235794
120.0 76.0 53649
259.0 78.0 80494
58.0 79.0 191149
120.0 80.0 158253
250.0 80.0 114753
20.0 81.0 162328
59.0 81.0 149380
107.0 82.0 201438
218.0 82.0 120802
246.0 83.0 205933
31.0 86.0 161355
98.0 89.0 194462
15.0 90.0 91103
140.0 90.0 242979
226.0 91.0 217752
75.0 92.0 182826
154.0 92.0 49787
240.0 93.0 121797
20.0 94.0 229597
160.0 94.0 63659
0.0 95.0 189733
149.0 95.0 140020
45.0 96.0 171135
113.0 97.0 41524
177.0 97.0 89107
185.0 97.0 130502
204.0 97.0 135853
200.0 98.0 79783
89.0 99.0 53076
260.0 99.0 236247
262.0 99.0 220811
60.0 101.0 97092
89.0 101.0 118336
136.0 101.0 192826
17.0 103.0 149591
110.0 103.0 211391
190.0 104.0 228387
240.0 104.0 44757
90.0 105.0 8821
164.0 105.0 178075
221.0 106.0 148657
3.0 107.0 118247
24.0 107.0 166360
231.0 107.0 143132
254.0 107.0 84025
154.0 109.0 58200
63.0 110.0 92365
77.0 110.0 118046
47.0 111.0 214264
181.0 111.0 78729
31.0 114.0 117374
60.0 115.0 244700
126.0 117.0 158318
207.0 117.0 200324
170.0 118.0 188681
36.0 119.0 155386
81.0 120.0 40795
61.0 121.0 55237
111.0 121.0 194231
140.0 121.0 93631
144.0 121.0 240176
217.0 121.0 133486
188.0 122.0 172474
230.0 122.0 124358
119.0 124.0 226148
237.0 127.0 197614
266.0 128.0 125554
17.0 129.0 206273
151.0 129.0 240634
220.0 129.0 115053
42.0 130.0 75893
103.0 130.0 74278
252.0 131.0 122609
210.0 133.0 195970
99.0 134.0 181143
20.0 135.0 149410
249.0 135.0 8376
137.0 137.0 244757
170.0 137.0 199877
59.0 138.0 99591
0.0 139.0 165932
20.0 139.0 24455
76.0 140.0 149056
174.0 140.0 174182
195.0 140.0 132042
121.0 141.0 47570
194.0 141.0 98619
212.0 141.0 26807
267.0 141.0 142162
248.0 142.0 180783
46.0 146.0 193920
52.0 146.0 194636
182.0 146.0 116738
100.0 147.0 115482
259.0 147.0 98067
109.0 148.0 145908
170.0 149.0 157787
78.0 151.0 89401
200.0 151.0 46236
70.0 152.0 40952
31.0 154.0 102857
120.0 154.0 135681
226.0 155.0 126053
82.0 156.0 27562
140.0 156.0 126261
158.0 156.0 65655
138.0 157.0 72725
137.0 159.0 92418
171.0 159.0 110490
240.0 160.0 191615
2.0 161.0 103486
13.0 161.0 224282
113.0 161.0 231483
255.0 163.0 38356
141.0 164.0 191794
201.0 165.0 102956
175.0 166.0 74057
60.0 167.0 97844
232.0 167.0 41913
84.0 168.0 186912
124.0 168.0 16064
170.0 169.0 127369
58.0 170.0 132206
190.0 171.0 28163
187.0 173.0 139627
36.0 174.0 87413
46.0 174.0 32548
107.0 174.0 12597
116.0 174.0 69822
269.0 174.0 233878
3.0 175.0 215870
14.0 175.0 93134
158.0 178.0 65259
249.0 178.0 125898
21.0 179.0 5146
95.0 179.0 66550
213.0 180.0 208838
11.0 181.0 156205
76.0 181.0 245614
179.0 181.0 213241
224.0 182.0 132588
28.0 184.0 18161
236.0 184.0 63525
51.0 186.0 79933
60.0 186.0 78239
119.0 186.0 51401
148.0 187.0 178043
218.0 187.0 86346
140.0 188.0 197940
266.0 188.0 26208
30.0 190.0 171180
76.0 191.0 165590
163.0 191.0 29983
94.0 192.0 156537
103.0 193.0 243906
188.0 193.0 238393
228.0 193.0 25222
152.0 194.0 61844
193.0 197.0 91504
246.0 197.0 30844
252.0 197.0 189688
1.0 198.0 216254
73.0 198.0 75537
86.0 198.0 129692
125.0 198.0 185239
7.0 199.0 10008
206.0 199.0 4242
207.0 199.0 89403
44.0 201.0 150018
55.0 201.0 139479
158.0 201.0 215357
30.0 203.0 195453
25.0 204.0 35420
44.0 204.0 38251
231.0 204.0 155272
260.0 204.0 17035
120.0 207.0 64060
175.0 207.0 79689
185.0 207.0 99276
228.0 207.0 217127
265.0 209.0 102097
68.0 210.0 143927
166.0 212.0 120470
191.0 212.0 239527
15.0 215.0 183822
109.0 215.0 60724
82.0 216.0 190812
130.0 217.0 55372
97.0 218.0 43129
37.0 219.0 210672
147.0 219.0 218246
238.0 219.0 174245
243.0 219.0 129270
219.0 220.0 159553
68.0 221.0 241921
113.0 221.0 10808
171.0 222.0 109933
23.0 223.0 79478
130.0 223.0 196495
243.0 224.0 157886
6.0 225.0 159319
86.0 225.0 194325
106.0 225.0 23636
193.0 226.0 87627
224.0 226.0 204892
186.0 227.0 225042
145.0 228.0 237098
160.0 228.0 204507
14.0 229.0 144051
258.0 231.0 48377
270.0 231.0 168724
97.0 232.0 90625
47.0 233.0 35475
155.0 233.0 205592
58.0 235.0 15167
210.0 235.0 57977
119.0 237.0 7241
130.0 238.0 242198
67.0 239.0 200488
220.0 239.0 86621
80.0 240.0 227676
152.0 240.0 101554
56.0 242.0 13925
30.0 243.0 222771
254.0 243.0 55904
140.0 244.0 222574
230.0 244.0 173102
92.0 246.0 162899
117.0 246.0 67975
220.0 246.0 153961
50.0 248.0 61941
145.0 249.0 128871
194.0 250.0 122102
184.0 251.0 176772
71.0 252.0 75428
175.0 252.0 45255
250.0 252.0 244389
226.0 253.0 10658
15.0 255.0 152884
36.0 255.0 217005
120.0 256.0 104401
83.0 257.0 178204
104.0 257.0 187065
170.0 257.0 124339
208.0 258.0 67483
99.0 259.0 190783
162.0 259.0 16283
9.0 260.0 58313
82.0 260.0 19707
152.0 260.0 124142
253.0 260.0 51130
21.0 261.0 214042
267.0 261.0 31183
44.0 262.0 21057
16.0 263.0 174823
141.0 264.0 67142
210.0 264.0 117707
220.0 264.0 6320
9.0 268.0 10811
175.0 268.0 117607
79.0 270.0 114988
50.0 271.0 236102
267.0 271.0 85996
196.0 272.0 64243
239.0 272.0 804
113.0 273.0 59688
68.0 274.0 128288
127.0 274.0 231817
187.0 275.0 98831
243.0 276.0 208645
140.0 277.0 186231
89.0 278.0 53603
108.0 278.0 102553
219.0 279.0 20140
229.0 279.0 50826
150.0 280.0 54997
160.0 280.0 159266
32.0 281.0 54060
178.0 282.0 84679
11.0 283.0 192052
200.0 283.0 168605
156.0 284.0 139558
30.0 285.0 205343
201.0 285.0 88817
58.0 289.0 212377
23.0 290.0 160826
130.0 290.0 223434
67.0 291.0 228795
100.0 291.0 160935
257.0 291.0 105092
3.0 292.0 76007
237.0 292.0 180837
46.0 293.0 165745
221.0 294.0 72320
246.0 296.0 84365
181.0 297.0 228175
28.0 299.0 178335
178.0 299.0 132655
200.0 299.0 7261
266.0 299.0 132165
73.0 300.0 245451
266.0 300.0 19459
39.0 301.0 17164
108.0 301.0 128221
109.0 301.0 32138
115.0 301.0 239005
137.0 301.0 38446
215.0 301.0 38397
259.0 302.0 143269
188.0 304.0 161928
190.0 304.0 211796
167.0 307.0 101174
133.0 308.0 145674
143.0 309.0 122192
126.0 310.0 169124
94.0 312.0 34372
238.0 312.0 174739
60.0 315.0 239358
14.0 316.0 216512
85.0 316.0 200420
41.0 317.0 75586
73.0 317.0 230674
221.0 318.0 141722
245.0 318.0 29133
6.0 319.0 79894
78.0 319.0 41943
118.0 319.0 112405
183.0 319.0 112474
67.0 320.0 213827
152.0 321.0 88863
126.0 323.0 83845
6.0 324.0 155043
156.0 324.0 139989
55.0 325.0 1548
113.0 325.0 232540
208.0 325.0 85931
137.0 326.0 230664
248.0 326.0 129127
46.0 328.0 134788
266.0 329.0 211518
17.0 330.0 47479
177.0 330.0 205935
218.0 330.0 99413
149.0 331.0 148601
83.0 333.0 40114
193.0 333.0 44104
231.0 333.0 164248
24.0 334.0 203491
31.0 335.0 109512
223.0 336.0 222829
66.0 337.0 86182
90.0 337.0 39270
102.0 337.0 51239
26.0 339.0 186689
166.0 339.0 5373
77.0 340.0 182955
258.0 340.0 32603
268.0 344.0 32257
63.0 345.0 157406
140.0 346.0 231376
198.0 346.0 136379
30.0 348.0 223613
113.0 348.0 81719
220.0 348.0 25620
130.0 349.0 134156
133.0 349.0 89522
238.0 349.0 157884
5.0 350.0 39763
80.0 350.0 236680
179.0 350.0 8818
200.0 350.0 99790
150.0 352.0 233891
97.0 354.0 50627
223.0 354.0 222
253.0 354.0 76205
181.0 356.0 29611
246.0 356.0 232991
16.0 358.0 232367
103.0 359.0 186763
30.0 360.0 62002
40.0 360.0 208677
58.0 360.0 63574
169.0 360.0 224303
200.0 361.0 179070
180.0 362.0 142040
266.0 362.0 177692
100.0 365.0 165694
64.0 366.0 164599
187.0 366.0 1877
146.0 367.0 187048
80.0 368.0 243550
159.0 368.0 227052
161.0 368.0 124055
220.0 368.0 83665
1.0 369.0 32343
103.0 369.0 59310
115.0 373.0 240713
210.0 373.0 196503
248.0 374.0 16691
259.0 374.0 29682
131.0 375.0 205880
35.0 376.0 16645
122.0 376.0 87533
56.0 378.0 60517
210.0 378.0 115368
238.0 378.0 231694
15.0 379.0 949
50.0 379.0 231391
85.0 379.0 195527
182.0 379.0 110692
94.0 381.0 68387
266.0 383.0 193722
44.0 384.0 1687
74.0 384.0 150374
80.0 384.0 11202
191.0 384.0 182729
130.0 385.0 131776
169.0 385.0 136082
258.0 385.0 197678
177.0 389.0 205476
210.0 391.0 110037
13.0 392.0 185029
160.0 392.0 207995
209.0 392.0 216381
102.0 393.0 150597
30.0 394.0 97567
67.0 395.0 53673
227.0 397.0 236433
4.0 398.0 126460
35.0 398.0 222472
118.0 398.0 106935
123.0 398.0 183390
205.0 399.0 175429
250.0 399.0 70748
60.0 400.0 171888
68.0 400.0 80322
131.0 400.0 217186
141.0 400.0 212897
166.0 400.0 230591
212.0 400.0 236194
230.0 400.0 158198
245.0 400.0 106779
71.0 401.0 230545
12.0 404.0 151919
240.0 404.0 38261
251.0 404.0 205641
27.0 405.0 163052
92.0 406.0 17258
183.0 406.0 153712
38.0 410.0 128080
266.0 410.0 107488
127.0 411.0 219182
83.0 412.0 214713
152.0 413.0 217689
192.0 413.0 122403
7.0 415.0 54125
55.0 416.0 65754
42.0 418.0 133641
107.0 418.0 136969
114.0 419.0 171174
150.0 419.0 82678
105.0 420.0 101292
230.0 420.0 50793
13.0 421.0 12715
56.0 421.0 141160
146.0 421.0 220012
174.0 421.0 244288
185.0 421.0 18345
194.0 421.0 51756
241.0 421.0 76649
164.0 422.0 238860
9.0 423.0 100259
141.0 423.0 86739
96.0 424.0 228381
43.0 425.0 239422
25.0 431.0 10519
201.0 431.0 212061
230.0 432.0 187961
257.0 432.0 171124
132.0 434.0 152312
263.0 434.0 35895
33.0 435.0 217872
119.0 435.0 112252
86.0 436.0 82145
178.0 436.0 143835
64.0 437.0 96830
129.0 437.0 243080
231.0 437.0 104615
216.0 438.0 75018
32.0 439.0 136654
239.0 439.0 159743
11.0 440.0 172099
46.0 440.0 200056
52.0 440.0 144185
73.0 440.0 89720
140.0 442.0 65136
145.0 442.0 40541
259.0 442.0 33399
119.0 443.0 15411
207.0 443.0 147394
162.0 444.0 33579
215.0 445.0 140287
106.0 447.0 237996
245.0 447.0 9799
123.0 448.0 8019
180.0 450.0 71005
30.0 451.0 97922
61.0 451.0 85838
77.0 453.0 236490
151.0 453.0 101893
200.0 453.0 64404
222.0 453.0 103544
99.0 455.0 239837
182.0 456.0 217226
83.0 457.0 152795
265.0 458.0 164039
112.0 459.0 142799
127.0 459.0 235821
264.0 459.0 66853
8.0 460.0 190244
255.0 460.0 82501
25.0 462.0 34480
58.0 462.0 113009
105.0 462.0 82907
200.0 462.0 196079
141.0 463.0 204465
165.0 464.0 34195
197.0 464.0 97979
153.0 465.0 197580
66.0 466.0 11216
242.0 466.0 153659
135.0 467.0 233660
218.0 467.0 194420
12.0 468.0 82156
174.0 468.0 112351
9.0 469.0 65171
79.0 469.0 33408
188.0 469.0 48145
239.0 475.0 27294
80.0 476.0 5343
48.0 478.0 192782
140.0 479.0 26170
221.0 480.0 87107
32.0 481.0 113074
99.0 481.0 156549
186.0 481.0 19442
133.0 483.0 32817
30.0 484.0 151407
154.0 484.0 136782
164.0 485.0 3361
57.0 486.0 38485
249.0 486.0 6289
96.0 487.0 171821
250.0 487.0 157542
27.0 488.0 138593
70.0 489.0 72124
108.0 489.0 69899
174.0 489.0 190386
237.0 489.0 173842
198.0 491.0 203857
10.0 492.0 127364
123.0 492.0 20169
207.0 492.0 171442
210.0 493.0 84249
120.0 494.0 215872
224.0 495.0 212843
40.0 498.0 220872
10.0 499.0 175442
187.0 499.0 73876
208.0 499.0 161394
76.0 500.0 164805
214.0 500.0 151903
262.0 500.0 222694
29.0 501.0 243322
48.0 501.0 61229
63.0 501.0 135372
90.0 501.0 223138
262.0 501.0 196645
10.0 503.0 165427
112.0 504.0 147650
56.0 506.0 218483
135.0 506.0 153099
246.0 508.0 234228
30.0 509.0 59475
155.0 509.0 62513
67.0 510.0 93548
86.0 510.0 189352
90.0 512.0 195816
171.0 513.0 151433
226.0 513.0 240550
127.0 517.0 37659
233.0 518.0 200378
2.0 519.0 153344
82.0 519.0 41443
121.0 519.0 128025
154.0 519.0 15836
160.0 519.0 199622
208.0 519.0 61920
231.0 519.0 148276
1.0 520.0 66140
40.0 520.0 205905
58.0 520.0 144219
103.0 520.0 13022
200.0 520.0 78404
28.0 521.0 40643
143.0 521.0 221420
252.0 521.0 69021
260.0 521.0 6813
95.0 525.0 5012
253.0 525.0 678
230.0 527.0 191038
198.0 528.0 152516
243.0 528.0 1224
42.0 533.0 65446
109.0 533.0 195213
117.0 533.0 183442
130.0 534.0 236753
76.0 535.0 18233
188.0 536.0 80200
216.0 536.0 119496
14.0 538.0 155571
142.0 538.0 154314
167.0 539.0 79225
233.0 539.0 213993
263.0 539.0 242332
180.0 540.0 105893
180.0 541.0 33437
64.0 542.0 177144
96.0 543.0 36869
15.0 544.0 124983
39.0 544.0 227956
52.0 544.0 15746
107.0 545.0 241200
9.0 546.0 72926
72.0 546.0 179335
143.0 546.0 160822
193.0 546.0 184791
208.0 547.0 55854
68.0 548.0 102448
247.0 549.0 242748
47.0 550.0 104209
183.0 552.0 184384
22.0 553.0 185836
138.0 553.0 238444
157.0 553.0 218281
167.0 553.0 204081
228.0 553.0 226178
213.0 555.0 155606
252.0 557.0 133667
118.0 558.0 160875
121.0 558.0 187088
207.0 559.0 5439
84.0 560.0 8304
70.0 561.0 219737
83.0 562.0 113696
50.0 564.0 148959
30.0 565.0 41005
157.0 565.0 214917
171.0 565.0 59696
215.0 565.0 6596
50.0 566.0 45680
141.0 568.0 171316
260.0 569.0 228270
94.0 570.0 239022
8.0 571.0 19968
169.0 571.0 167788
251.0 574.0 58244
38.0 576.0 201725
130.0 577.0 130096
132.0 577.0 155587
240.0 578.0 217227
76.0 579.0 206064
114.0 579.0 180050
12.0 580.0 234295
105.0 580.0 197600
184.0 580.0 162029
199.0 580.0 71397
229.0 580.0 220927
231.0 580.0 50285
