# C:\Users\gielpa\PycharmProjects\Genetic-Algorithm\data-bak\rat99.tsp\data
6.0 4.0 6207
15.0 15.0 1169
24.0 18.0 8784
33.0 12.0 6062
48.0 12.0 4462
57.0 14.0 5985
67.0 10.0 3950
77.0 10.0 6172
86.0 15.0 4625
6.0 21.0 7721
17.0 26.0 7660
23.0 25.0 1320
32.0 35.0 6326
43.0 23.0 1242
55.0 35.0 620
65.0 36.0 10083
78.0 39.0 10186
87.0 35.0 8071
3.0 53.0 9007
12.0 44.0 9794
28.0 53.0 996
33.0 49.0 7715
47.0 46.0 6003
55.0 52.0 5248
64.0 50.0 1846
71.0 57.0 9055
87.0 57.0 4690
4.0 72.0 10115
15.0 78.0 1455
22.0 70.0 5778
34.0 71.0 6254
42.0 79.0 8544
54.0 77.0 9061
66.0 79.0 4681
78.0 67.0 1453
87.0 73.0 3779
7.0 81.0 2428
17.0 95.0 7500
26.0 98.0 7873
32.0 97.0 6943
43.0 88.0 7777
57.0 89.0 5360
64.0 85.0 4101
78.0 83.0 190
83.0 98.0 5546
5.0 109.0 7604
13.0 111.0 3288
25.0 102.0 3621
38.0 119.0 1606
46.0 107.0 3732
58.0 110.0 8870
67.0 110.0 8753
74.0 113.0 1659
88.0 110.0 1398
2.0 124.0 4745
17.0 134.0 2277
23.0 129.0 1082
36.0 131.0 8835
42.0 137.0 3076
53.0 123.0 7557
63.0 135.0 9957
72.0 134.0 4774
87.0 129.0 1531
2.0 146.0 291
16.0 147.0 8262
25.0 153.0 4609
38.0 155.0 6742
42.0 158.0 10389
57.0 154.0 2793
66.0 151.0 3266
73.0 151.0 9244
86.0 149.0 1447
5.0 177.0 7337
13.0 162.0 2376
25.0 169.0 1442
35.0 177.0 2192
46.0 172.0 8687
54.0 166.0 5393
65.0 174.0 6494
73.0 161.0 3082
86.0 162.0 9110
2.0 195.0 10043
14.0 196.0 8127
28.0 189.0 1769
38.0 187.0 1880
46.0 195.0 6750
57.0 194.0 5107
63.0 188.0 6989
77.0 193.0 6308
85.0 194.0 2091
8.0 211.0 7906
12.0 217.0 3403
22.0 210.0 8766
34.0 216.0 1466
47.0 203.0 261
58.0 213.0 328
66.0 206.0 2819
78.0 210.0 6129
85.0 204.0 4881
