# C:\Users\gielpa\PycharmProjects\Genetic-Algorithm\data-bak\rd100.tsp\data
143.775 862.63 8519
881.78 1.18319 14946
545.244 735.005 60470
502.813 876.001 16165
204.876 345.225 3039
701.637 576.987 6564
147.167 164.286 10271
135.382 807.91 28340
628.999 976.971 50754
674.999 731.447 60403
313.696 299.126 37572
445.689 981.97 47887
354.793 765.215 47653
398.129 976.034 59250
273.041 853.944 33356
666.295 312.27 23350
876.942 925.39 18239
134.026 949.816 37696
966.825 726.799 36854
659.346 889.08 9683
400.34 874.489 3421
118.041 312.04 33540
809.87 50.8555 26195
16.2821 114.161 39288
12.6192 48.2407 14371
650.039 940.261 22133
791.189 758.951 4697
907.194 612.605 31667
510.857 25.8629 18873
31.6366 431.221 11683
776.763 253.781 42126
531.819 906.89 22141
654.965 767.759 2735
186.06 206.527 8794
564.595 2.99685 8137
410.816 437.921 43503
930.189 639.817 36019
941.392 889.979 31621
341.538 39.4141 60045
162.622 95.1969 12510
107.558 262.746 51342
82.6398 131.129 41467
43.0137 77.901 28827
554.45 99.7819 52145
608.618 227.863 41508
889.589 760.96 42354
559.461 508.125 5856
13.6027 508.467 17593
402.567 839.178 34081
886.156 764.31 49874
84.6462 629.068 46439
486.783 259.062 44973
647.516 553.517 1512
967.65 824.246 29617
236.623 1.52397 41654
879.518 737.584 56949
509.84 420.787 48861
936.134 303.893 37445
872.343 499.018 45560
142.996 840.984 5827
233.102 303.929 40483
199.819 937.721 65354
302.123 847.44 595
365.531 566.229 9117
107.593 549.471 11781
802.657 344.868 47152
319.486 813.104 23650
3.24542 701.539 51638
180.027 766.307 40985
977.601 968.843 35947
14.6301 842.383 12082
922.626 954.285 11779
896.272 789.067 58129
667.952 906.108 754
425.058 869.541 42655
865.918 369.61 66187
898.572 539.108 14365
621.689 878.159 20358
673.73 613.117 56038
89.2979 491.923 30465
147.858 459.84 30852
428.293 905.37 1005
51.7499 636.336 31804
826.458 231.701 9752
426.249 946.357 40362
316.069 853.389 35836
275.713 973.754 8135
835.293 247.974 32727
970.187 63.5213 17854
123.616 644.17 45697
226.668 562.456 60634
808.92 791.39 4197
942.256 531.023 33755
705.831 455.757 13376
856.231 509.763 65385
352.477 1.16433 21242
308.882 842.792 41814
750.979 394.934 1507
610.775 584.408 40450
483.637 116.325 61669
