# C:\Users\gielpa\PycharmProjects\Genetic-Algorithm\data-bak\rd400.tsp\data
435.841 587.522 156455
602.539 801.704 23503
861.563 954.019 169112
444.217 553.301 251685
796.042 796.519 23900
88.9064 838.954 98693
233.569 850.798 245952
476.864 203.976 16913
406.271 601.839 68540
954.573 785.053 168935
593.326 968.644 227531
946.1 432.995 126284
83.0742 601.487 187663
861.254 754.12 140855
247.619 698.637 107305
963.227 965.824 78651
125.872 536.987 176996
563.237 20.7366 130434
55.259 619.092 93466
691.414 576.653 130538
237.167 707.298 86377
583.448 609.201 121303
404.171 942.218 20643
15.771 614.642 206671
20.0806 62.8968 114463
196.656 613.862 265843
913.249 428.902 113774
828.34 584.111 246859
49.6047 40.6059 35913
271.361 736.904 1756
979.153 716.97 156508
489.418 957.946 188414
817.106 281.12 83769
332.771 466.52 122971
278.353 945.623 9493
168.54 974.806 151304
806.139 537.748 190559
445.404 306.86 244520
306.696 552.626 166009
555.492 359.315 130201
156.444 178.995 85022
140.141 704.084 702
963.235 442.629 56334
460.829 255.503 135771
385.534 487.846 39344
931.464 198.146 199429
279.893 896.021 76925
331.283 923.481 209374
33.5356 889.86 47999
511.528 60.4103 50421
232.874 327.742 226090
870.562 747.862 23428
126.307 27.0835 58488
25.7158 384.711 105876
550.99 317.71 121191
421.545 669.856 65622
699.395 641.832 17292
30.6059 881.315 202669
486.626 987.924 55753
547.886 870.165 127715
764.19 227.841 251351
489.34 885.471 146646
908.764 483.318 194552
195.225 821.483 193397
171.854 111.942 188523
599.164 587.5 248602
132.524 507.626 164178
327.208 868.8 234253
267.929 788.352 188810
792.919 136.517 101901
156.993 187.479 221929
186.101 903.489 258581
745.996 818.744 38987
672.67 141.516 49329
795.061 496.701 268778
298.827 796.84 250657
91.6001 378.018 247306
917.898 105.225 239129
370.272 274.581 8522
789.206 738.168 237894
800.35 158.589 168970
748.357 537.031 85079
486.979 88.5907 65117
148.737 95.1072 210305
231.984 10.131 262462
972.905 220.419 181119
40.56 259.589 266217
192.47 292.712 5494
24.0393 509.808 185041
316.686 311.822 24764
494.944 163.27 205042
525.118 681.256 71703
835.669 882.708 251604
775.205 181.054 95344
109.477 27.3525 206549
653.011 671.869 158460
628.285 197.058 126897
1.94865 712.335 105121
730.64 446.995 168611
580.371 933.465 252920
377.453 863.505 265950
258.125 251.372 14049
659.297 693.415 131794
700.979 439.308 140076
801.207 327.664 203855
755.117 581.702 187978
168.354 774.785 139107
607.71 673.196 236586
569.788 359.946 174947
505.772 795.094 134299
692.786 475.055 73594
615.258 416.034 266618
433.068 854.106 135004
226.997 149.199 223380
326.41 615.676 25123
756.359 997.073 230618
175.187 551.629 63111
207.262 753.08 266582
127.313 986.134 67125
245.176 595.849 259366
368.488 322.474 236698
618.453 808.454 158471
284.623 905.817 133071
347.487 932.543 120801
942.046 733.577 8756
923.029 410.17 179574
153.759 230.999 25334
476.331 253.181 252746
232.085 588.069 101818
439.629 819.344 250981
959.404 382.332 11144
659.332 989.174 161198
475.22 422.92 192850
734.709 76.166 186266
844.594 856.238 6945
10.2508 829.527 186461
359.094 688.825 25191
901.1 207.153 86154
607.208 778.844 224391
682.389 84.7105 93913
840.931 757.357 114872
449.959 883.516 38137
725.65 402.263 84814
882.698 149.994 173985
429.87 229.253 143193
980.879 821.977 5218
578.122 545.104 177010
541.69 818.375 127092
509.211 164.053 237853
875.589 251.226 45732
101.219 820.45 63507
485.894 5.4797 86215
134.0 228.874 12224
167.243 943.593 231806
156.372 445.891 187925
267.979 69.0196 253697
476.475 711.843 141578
456.946 809.262 157074
217.245 20.1127 190277
165.471 811.813 257336
381.612 457.549 14392
310.765 220.815 207501
2.19756 25.8493 150853
135.318 579.262 85476
257.714 332.927 85842
678.108 546.502 229943
176.011 611.721 247991
560.389 331.015 73035
416.783 521.535 44962
852.354 420.312 200066
850.689 321.301 88411
745.771 57.0821 51526
104.725 588.78 258644
64.3447 87.0233 44457
417.205 194.188 99219
884.474 559.131 240464
868.707 180.065 101969
262.003 425.604 228652
669.764 662.314 115580
420.178 34.4287 129261
424.972 239.973 230768
615.069 4.82106 225669
967.473 235.618 192522
180.64 963.276 204405
153.897 253.897 63210
138.308 544.775 82364
23.8826 240.295 29794
701.018 43.4543 245934
951.537 792.325 73931
190.116 9.77048 148485
347.579 997.518 241706
331.085 8.82753 237307
547.387 204.852 75474
776.794 291.288 38192
756.586 917.899 71188
172.306 772.747 237188
85.7052 33.6732 263518
904.883 126.216 81459
87.5416 389.28 255961
21.9732 102.51 230897
417.302 581.199 68552
205.641 477.219 38421
486.743 625.481 63676
372.177 77.9249 252221
117.937 480.467 49771
295.533 923.189 128614
879.339 967.331 46347
889.914 107.701 13893
636.977 852.552 221507
382.491 96.1738 178859
134.598 416.191 4670
759.957 814.02 144786
44.5069 940.863 102685
244.594 473.987 80293
642.573 589.53 1871
228.193 537.552 265748
645.769 36.6176 87681
881.955 436.361 166839
680.574 156.194 17416
811.997 466.21 41223
963.481 584.969 63059
312.678 611.344 210948
853.959 621.638 144081
518.363 989.629 232779
272.482 202.425 258779
762.214 751.456 46846
648.783 603.79 198525
783.667 742.083 245614
399.475 192.268 234419
32.4988 938.751 43329
814.209 436.493 104889
291.053 292.049 229232
607.013 13.6116 57543
92.7453 433.967 97146
769.072 182.917 27926
175.856 408.861 232741
344.656 388.185 244813
227.183 343.604 100431
491.148 328.614 69572
25.5217 669.796 103024
789.06 180.381 22361
980.725 735.09 122152
58.1823 207.452 152061
195.262 304.483 214455
543.707 996.057 78553
557.17 378.511 214247
256.513 606.643 110704
805.435 372.793 142863
462.037 417.062 248555
818.209 629.891 99871
415.46 823.742 124809
203.288 280.22 200751
325.896 907.59 150426
512.472 906.526 47606
826.909 802.719 235211
374.105 494.356 134930
599.164 619.972 78925
327.353 384.372 60870
360.033 175.038 181431
809.911 758.316 184242
260.672 213.383 206620
934.248 685.015 104531
176.023 365.196 114181
606.972 355.066 85858
667.645 810.279 157819
852.864 824.65 24928
746.32 56.0444 192346
93.5555 531.101 164677
818.774 606.902 184720
746.616 491.772 192776
231.083 960.553 103444
683.546 930.491 185718
431.006 685.786 175238
709.83 561.077 181121
452.184 663.382 192370
384.806 812.568 249971
886.343 4.94442 261018
52.5835 271.001 72169
152.733 951.553 130385
808.889 763.527 23758
775.352 780.347 236352
178.085 519.553 227616
988.743 256.46 248661
114.258 377.412 19045
236.126 494.214 150176
314.339 438.079 200019
273.595 173.028 91640
49.9968 742.733 156640
6.42906 353.95 223948
540.007 528.659 221440
786.058 432.582 212679
995.164 77.7478 70135
509.984 834.341 162026
890.36 307.257 261381
304.468 535.688 6131
473.917 22.3053 38489
868.559 484.797 31783
91.7265 661.356 189660
616.789 748.507 22210
414.131 748.199 107296
236.206 683.44 2024
974.766 171.802 154148
732.088 320.501 192231
334.192 594.83 189771
561.254 14.0532 106977
33.0116 545.758 136945
451.636 797.971 175212
197.287 1.98716 86170
236.339 400.124 48226
747.866 360.265 112042
430.779 816.476 182851
21.823 256.845 153183
344.638 230.393 97797
754.786 929.344 189138
257.178 178.95 134892
233.293 789.181 141150
109.638 555.178 185390
818.496 388.539 174583
438.962 136.901 180798
344.937 837.515 9108
920.634 460.336 196843
950.473 33.9817 196532
123.803 911.149 262802
826.839 234.883 43344
967.716 166.523 209117
763.859 558.636 243883
477.087 834.773 156071
189.042 621.271 213676
500.418 885.256 183004
807.777 879.354 69018
6.13562 122.624 56732
680.526 979.535 259238
752.455 173.084 63564
740.572 359.87 227613
494.045 199.61 12496
225.447 556.169 215111
782.186 687.569 77436
559.929 171.432 81496
463.399 711.7 5958
99.6077 192.347 34836
257.615 814.539 3750
42.8894 926.489 219797
172.907 173.232 155775
483.206 814.332 202983
537.144 893.849 238813
2.99018 973.272 122888
286.889 436.077 261261
34.4571 282.052 264296
382.173 228.74 90489
407.053 857.824 247156
957.659 25.5349 251491
534.254 449.898 24137
891.084 771.611 73692
609.907 714.945 212897
800.506 368.529 255510
6.5945 196.999 184253
122.621 436.923 138111
517.93 649.464 60595
235.387 41.3129 126360
603.56 723.736 214035
910.373 948.618 244048
498.328 926.571 25285
548.665 952.849 53516
779.11 99.0186 25886
582.097 75.6071 25814
214.744 82.1886 103363
560.439 622.937 75912
693.672 555.594 205986
90.496 16.7955 121495
760.5 411.841 136813
626.521 526.724 250736
995.853 234.577 230688
918.947 876.684 10831
989.579 47.3211 153637
377.688 314.408 125483
961.419 413.034 24812
825.413 709.361 210786
827.455 580.479 254261
35.7801 990.366 263428
620.154 281.819 102563
109.524 120.779 70053
738.931 820.767 269637
274.222 258.428 74697
82.5408 643.565 267102
592.712 764.167 7277
724.782 471.166 182109
778.131 902.453 146292
885.712 666.382 220858
26.8873 163.883 166080
741.314 972.935 174841
165.76 712.313 121937
256.231 126.549 41968
927.385 899.534 183062
524.925 53.7248 235599
72.1925 423.799 256440
367.23 863.354 250943
349.224 799.328 49664
127.116 42.9147 100164
587.637 139.566 235578
22.8315 355.085 219884
