# C:\Users\gielpa\PycharmProjects\Genetic-Algorithm\data-bak\rl1323.tsp\data
18192.0 8954.0 3095234
18192.0 9856.0 11868960
18192.0 11319.0 4192373
18272.0 8624.0 249055
18416.0 7348.0 1836433
18416.0 8294.0 1548216
1200.0 7370.0 11478964
1200.0 8184.0 4330805
1200.0 10912.0 1516543
1200.0 11440.0 13491029
17904.0 572.0 1732977
17904.0 2684.0 6260295
17904.0 6908.0 1533462
17904.0 7348.0 790691
17904.0 8624.0 6101989
8272.0 308.0 12614405
8272.0 2068.0 765078
8272.0 2508.0 831914
8272.0 3080.0 13172085
8272.0 3608.0 9047245
8272.0 5302.0 10715558
8336.0 7260.0 12636438
8464.0 7260.0 11824171
8496.0 9548.0 12739728
8496.0 10582.0 9380778
8496.0 11440.0 11484871
15888.0 9064.0 12789300
15888.0 9504.0 247034
15888.0 10252.0 3145335
15888.0 11000.0 749904
15936.0 8184.0 2058999
16048.0 8184.0 9442727
16208.0 8184.0 11583606
16336.0 572.0 10893197
16336.0 1012.0 10689334
16336.0 1452.0 11995279
16336.0 2992.0 6866934
16336.0 4818.0 5625006
16336.0 6028.0 5851920
16336.0 7348.0 13290561
1040.0 7370.0 7627513
1040.0 8184.0 10914131
1040.0 10912.0 10849641
1040.0 11440.0 12054135
4464.0 308.0 10645376
4640.0 308.0 6386828
4816.0 308.0 4139495
4944.0 308.0 8994329
5168.0 308.0 11183158
5440.0 308.0 3490408
5616.0 308.0 2265622
5728.0 308.0 8532717
5808.0 3080.0 2672582
5808.0 3608.0 2167062
5808.0 4664.0 5563159
5808.0 5368.0 3960719
5808.0 6072.0 10946447
5808.0 7128.0 5273147
5936.0 9658.0 4639283
5936.0 11286.0 12872251
16848.0 572.0 13090460
16848.0 1452.0 12172641
16848.0 2992.0 2458546
16848.0 4708.0 11347401
16848.0 6028.0 13736122
16848.0 7348.0 6642304
16848.0 8514.0 6722714
16848.0 9284.0 4258428
16848.0 9922.0 9821449
16848.0 11198.0 4178389
8240.0 7480.0 10141264
8400.0 9548.0 7209223
8400.0 10582.0 7727296
8400.0 11440.0 10104139
1520.0 9152.0 13872842
1520.0 10912.0 1247804
1520.0 11440.0 1990067
1584.0 6446.0 8328198
1584.0 7590.0 5151734
1584.0 8294.0 4045253
5168.0 11440.0 12086905
5280.0 11440.0 6175642
5456.0 11440.0 1904998
5584.0 11440.0 6576714
5712.0 11440.0 10551343
2672.0 6336.0 6950212
2784.0 6556.0 980022
2976.0 6556.0 7103703
3104.0 6556.0 3760916
3264.0 6556.0 7180434
3360.0 6556.0 5252209
3600.0 6556.0 10498366
3856.0 6556.0 4044603
3920.0 6556.0 11288621
4016.0 6556.0 12250769
4144.0 6556.0 3194790
4208.0 6556.0 11168853
4352.0 6556.0 2079796
4464.0 6556.0 12739460
4560.0 6556.0 9688799
4688.0 6556.0 13017443
4720.0 7260.0 4880356
4720.0 8140.0 9106260
4720.0 9702.0 13409512
4720.0 10582.0 8845481
4720.0 11132.0 7218395
17008.0 572.0 7898027
17008.0 1452.0 3544107
17008.0 2992.0 12252549
17008.0 5874.0 10993674
17008.0 7348.0 9598075
17072.0 8096.0 4300848
17136.0 8096.0 10958203
17280.0 8096.0 9159584
17456.0 8096.0 4706745
17520.0 8404.0 5096932
17520.0 8954.0 8293874
17520.0 10142.0 3624995
17520.0 11319.0 11419427
880.0 7370.0 7121095
880.0 8184.0 8134876
880.0 11440.0 639578
4144.0 4840.0 586975
4144.0 7700.0 9655959
4304.0 8360.0 2254712
4416.0 8360.0 7791950
4576.0 8360.0 12640239
4656.0 8360.0 12719742
4864.0 8360.0 8883237
5040.0 8360.0 1970192
5296.0 8360.0 4389169
5456.0 8844.0 5139110
5456.0 9812.0 12050679
5520.0 3608.0 10642863
5520.0 4664.0 7880904
5520.0 5368.0 10093771
5520.0 5918.0 6958961
5520.0 6930.0 4117122
16560.0 8954.0 6342133
16560.0 9922.0 9895919
16592.0 572.0 12620139
16592.0 1452.0 2526210
16592.0 2992.0 7462722
16592.0 4818.0 6050560
16592.0 6138.0 13040277
16592.0 7348.0 1918590
7728.0 7744.0 7763511
7728.0 9548.0 2894137
7728.0 10846.0 13789130
7792.0 7040.0 13603283
7856.0 7040.0 12523743
7952.0 7040.0 1828987
8016.0 308.0 7272546
8016.0 2068.0 3659426
8016.0 2508.0 196401
8016.0 3080.0 4729432
8016.0 3608.0 10434361
8016.0 4268.0 5817724
8016.0 5852.0 4901860
16272.0 9064.0 6118019
16272.0 9504.0 10170056
16272.0 9922.0 2478875
16272.0 11000.0 1217098
16640.0 8844.0 12635664
16720.0 8844.0 6831448
16784.0 6028.0 1193743
16784.0 7348.0 863521
16784.0 8514.0 2189541
464.0 11440.0 13749179
528.0 8184.0 10286488
640.0 8184.0 7955698
784.0 7370.0 11048758
784.0 7964.0 12154935
7664.0 6446.0 10723332
7664.0 8074.0 9243017
7664.0 9548.0 7323933
7664.0 10846.0 9894092
7728.0 308.0 12975327
7728.0 2068.0 6911590
7728.0 2508.0 10367232
7728.0 3080.0 3203821
7728.0 3608.0 1402585
7728.0 4048.0 13690914
7728.0 4488.0 9575120
5232.0 3608.0 4249379
5232.0 4664.0 13902573
5232.0 5368.0 9988514
5232.0 5918.0 2745965
5232.0 6776.0 5686063
5520.0 7920.0 8406363
3856.0 7480.0 603314
3920.0 7920.0 10226205
4016.0 7920.0 11952676
4176.0 9152.0 12486694
4176.0 9922.0 12862657
4176.0 10472.0 1402749
4176.0 10912.0 5914123
4176.0 11440.0 11418918
5984.0 748.0 11361341
6096.0 3080.0 1646928
6096.0 3608.0 6413925
6096.0 4664.0 4060019
6160.0 5368.0 1818426
6224.0 5368.0 9372694
6320.0 5368.0 604883
6496.0 5368.0 3076559
6608.0 5698.0 1362445
6608.0 6336.0 234594
6608.0 7502.0 611457
6608.0 9064.0 7305510
6608.0 10142.0 11682961
6608.0 11022.0 7020518
17200.0 5874.0 9404408
17200.0 7348.0 11637753
17200.0 9284.0 7072689
17200.0 9922.0 1016576
17200.0 11198.0 2765867
17296.0 5192.0 9591756
17440.0 5192.0 1208349
17568.0 5192.0 474270
17616.0 572.0 9486579
17616.0 2992.0 483835
7248.0 10362.0 5918407
7248.0 11286.0 10408117
7376.0 308.0 1550133
7376.0 968.0 3734658
7376.0 2068.0 13383230
7376.0 2508.0 3356072
7376.0 3080.0 9876454
7376.0 3608.0 10205812
7376.0 4488.0 5916528
7376.0 5588.0 9816942
7376.0 6556.0 12966394
7376.0 7744.0 2590495
1808.0 6446.0 3831275
1840.0 7436.0 12858893
1840.0 8404.0 6125823
1840.0 9042.0 7064155
1840.0 10912.0 1733423
1840.0 11440.0 4050924
12272.0 9878.0 11418859
12464.0 9064.0 5665465
12592.0 9064.0 7490028
12736.0 9064.0 10481718
12848.0 902.0 13832781
12848.0 1980.0 6987867
12848.0 2640.0 4845416
12848.0 3168.0 7152775
12848.0 3608.0 3756855
12848.0 4158.0 6721809
12848.0 5368.0 10276256
12848.0 6556.0 1202066
12848.0 6996.0 4054559
12848.0 8008.0 2777233
12848.0 8844.0 7514970
1648.0 8404.0 4258464
1648.0 9152.0 1463626
1648.0 10912.0 7401027
1648.0 11440.0 5583330
1680.0 6446.0 8786165
1680.0 7590.0 10960928
6256.0 9658.0 498567
6256.0 11022.0 4901860
16976.0 8514.0 8782645
16976.0 9284.0 2930796
16976.0 9922.0 2166769
16976.0 11198.0 2711495
17072.0 5720.0 10058007
17136.0 5720.0 10115867
17440.0 5720.0 10019631
17600.0 5720.0 2738179
11600.0 572.0 8697071
11600.0 1760.0 6008358
11600.0 3388.0 7719134
11600.0 5258.0 8856403
11600.0 6556.0 9355191
11600.0 6996.0 10680793
11600.0 7898.0 3797713
11632.0 8602.0 2386950
11632.0 9284.0 45978
11632.0 10208.0 7887828
17376.0 10142.0 13813979
17728.0 10142.0 4766625
18416.0 10142.0 11321826
18608.0 10142.0 8997392
18704.0 10142.0 4896458
18864.0 10142.0 9145446
18992.0 10142.0 2939601
19088.0 10142.0 6409589
6224.0 968.0 12478946
6224.0 3080.0 5423864
6224.0 3608.0 9451985
6224.0 4664.0 10169342
6400.0 10912.0 3932458
6768.0 10912.0 7655088
6864.0 11286.0 13287603
1936.0 6336.0 7816455
1936.0 7436.0 8567578
1968.0 8404.0 1480093
1968.0 9152.0 9368785
1968.0 10912.0 50114
1968.0 11440.0 13486061
3984.0 8712.0 3175488
4304.0 8932.0 12077087
4416.0 8932.0 10079160
4496.0 10802.0 7910291
15440.0 1232.0 7389106
15440.0 3608.0 5058196
15440.0 4180.0 6659044
15440.0 4818.0 248389
15536.0 5808.0 9876149
15648.0 5808.0 6922045
15760.0 5808.0 7019234
15840.0 5808.0 2000748
15936.0 5808.0 4823701
16048.0 5808.0 2397549
16208.0 5808.0 4608580
5584.0 10252.0 4887695
5728.0 10252.0 638346
6000.0 10252.0 3850894
6064.0 10252.0 9763344
6160.0 10252.0 13827657
6320.0 968.0 10098328
6320.0 3080.0 10423290
6320.0 3608.0 13512730
6320.0 4664.0 12524359
6384.0 9548.0 4635405
6384.0 10472.0 9008554
16720.0 11198.0 1594423
17088.0 11198.0 12250965
17376.0 11198.0 4558356
17728.0 11198.0 4924767
18416.0 11198.0 7426134
18608.0 11198.0 3889147
18704.0 11198.0 300048
18848.0 11198.0 6128560
15280.0 572.0 5401803
15280.0 1232.0 6062574
15280.0 3608.0 5463496
15280.0 4180.0 9070963
15280.0 4818.0 9381052
15280.0 6138.0 12149636
15280.0 7348.0 11608591
15280.0 8228.0 13633424
15280.0 9064.0 11702775
15280.0 9504.0 11772742
15280.0 10252.0 11425346
15280.0 11000.0 8762998
3472.0 7920.0 3526509
3472.0 8712.0 4288549
3472.0 9372.0 10581321
3472.0 10472.0 6079323
3472.0 10912.0 974769
3472.0 11440.0 3895933
208.0 11440.0 669338
432.0 7964.0 7913782
944.0 7964.0 11613703
1104.0 7370.0 4120330
1424.0 6446.0 10017085
1424.0 7370.0 8599119
1424.0 8294.0 5516807
10096.0 4378.0 8609013
10096.0 5478.0 2356660
10096.0 6556.0 7237045
10096.0 7480.0 10981196
10096.0 8008.0 11533302
10096.0 8602.0 5743570
10096.0 9284.0 4280421
10096.0 10318.0 8220666
10096.0 11440.0 8644101
10256.0 3608.0 9610306
10336.0 3608.0 7548031
10448.0 3608.0 13398698
10544.0 3608.0 2623899
10608.0 3608.0 3344440
10672.0 3608.0 3003823
10752.0 3608.0 7121155
10864.0 3608.0 676216
10992.0 3608.0 7017940
11088.0 3608.0 10474432
11168.0 3608.0 1275542
11280.0 3608.0 2868038
11408.0 3608.0 8489045
688.0 7370.0 353106
688.0 11440.0 406688
6160.0 968.0 10795391
6496.0 968.0 2213997
6592.0 968.0 1537348
6736.0 968.0 2847252
6848.0 968.0 6711566
6944.0 968.0 1548083
7104.0 968.0 828663
7232.0 968.0 1171932
7552.0 968.0 7446225
7600.0 308.0 3670910
7600.0 2068.0 4579268
7600.0 2508.0 3494519
7600.0 3080.0 3740550
7600.0 3608.0 11148300
7600.0 4048.0 10509419
7600.0 4488.0 5835391
7632.0 5148.0 13683576
7792.0 5148.0 12652773
7856.0 5148.0 2554598
7920.0 5148.0 11354489
8112.0 5148.0 1044577
8384.0 5148.0 3939839
8464.0 5148.0 1011921
8624.0 5148.0 6349269
8800.0 5148.0 2290697
8912.0 5148.0 8159246
9216.0 5148.0 9885439
9504.0 5148.0 7506014
9616.0 5148.0 7424729
9744.0 5148.0 5534257
9888.0 5148.0 2042493
9936.0 6556.0 13454219
9936.0 7480.0 2279915
9936.0 8382.0 7607111
9936.0 9284.0 3420704
9936.0 11440.0 4305864
10032.0 572.0 6416007
10032.0 1452.0 8545985
10032.0 2728.0 4758816
6496.0 7084.0 2660255
6736.0 7084.0 5391393
6768.0 9064.0 4853143
6768.0 10142.0 6331757
9936.0 572.0 12595959
9936.0 1452.0 4759245
5200.0 10032.0 11792216
7408.0 10362.0 9066495
7568.0 10692.0 12624069
7856.0 10692.0 10570807
7936.0 10692.0 12362572
8032.0 10692.0 11860080
8144.0 10692.0 6642948
8224.0 10692.0 4178045
8320.0 10692.0 2796282
8784.0 10692.0 1261412
8976.0 10692.0 554661
9408.0 10692.0 1926495
10288.0 10692.0 7756426
10400.0 10692.0 125493
10560.0 10692.0 8954245
10704.0 10692.0 279532
10864.0 10692.0 9108436
10960.0 10692.0 11796012
11136.0 10692.0 6339429
11264.0 10692.0 91809
11392.0 10692.0 9795936
11472.0 10692.0 12583411
11568.0 10692.0 7045836
4880.0 9218.0 2279272
4880.0 10032.0 8427729
4880.0 10582.0 12031464
4880.0 11132.0 6643480
4944.0 3608.0 2774331
4944.0 4664.0 709871
4944.0 5368.0 5981928
4944.0 5918.0 11500121
4944.0 6776.0 1703700
4944.0 7436.0 3396544
6944.0 308.0 5825558
7104.0 308.0 13739117
7232.0 308.0 11958422
7792.0 308.0 3969365
7856.0 308.0 11760294
7920.0 308.0 11515214
8128.0 308.0 4738539
8384.0 308.0 13067796
8464.0 308.0 761983
8528.0 308.0 10168967
8592.0 308.0 10688042
8688.0 308.0 7020191
8800.0 308.0 13023068
8912.0 308.0 11508729
9008.0 308.0 11997593
9104.0 308.0 12036240
9200.0 308.0 6425852
9232.0 1452.0 9874975
9232.0 2288.0 12483769
9232.0 3388.0 11198307
9344.0 7260.0 5899179
9456.0 8602.0 8677079
9456.0 11440.0 9670415
3568.0 7920.0 11800745
3664.0 7920.0 292239
3728.0 7920.0 8109289
8240.0 9548.0 12426710
8240.0 11440.0 2591735
9376.0 6776.0 1795074
9776.0 572.0 11890919
9776.0 1452.0 9539716
9776.0 2508.0 2347607
9776.0 3388.0 10059503
6992.0 7854.0 1636410
6992.0 9174.0 5176277
6992.0 9812.0 11177537
6992.0 10362.0 2441301
7056.0 2068.0 236188
7056.0 3080.0 12263059
7056.0 3608.0 7939012
7056.0 4664.0 9423091
7056.0 5588.0 11931045
7056.0 6556.0 174526
14512.0 682.0 2789987
14640.0 3608.0 8102142
14640.0 4048.0 13773090
14640.0 4598.0 8566696
14640.0 6138.0 1165004
14640.0 7568.0 11110939
14640.0 8228.0 4608108
14640.0 9064.0 10018765
14640.0 9504.0 13627000
14640.0 10252.0 8990742
14640.0 11000.0 5243893
14768.0 1012.0 13856739
14848.0 1012.0 4224522
14960.0 1012.0 11040281
15376.0 1012.0 5028333
15536.0 1012.0 2607405
15664.0 1012.0 2445648
15760.0 1012.0 5117918
15840.0 1012.0 98411
15936.0 1012.0 8645217
16048.0 1012.0 13845306
16208.0 1012.0 11425126
16464.0 1012.0 1754107
16528.0 572.0 53630
14736.0 6138.0 4359771
14736.0 7568.0 12086780
14736.0 8228.0 2489202
14736.0 9064.0 7173224
14736.0 9504.0 1773044
14736.0 10252.0 8937592
14736.0 10890.0 3085513
14768.0 4928.0 12068885
14880.0 4928.0 981445
14976.0 4928.0 13330795
15376.0 4928.0 9853988
15536.0 4928.0 2978321
15648.0 4928.0 12913936
15760.0 4928.0 11677043
15840.0 4928.0 9565580
15936.0 4928.0 10064005
16048.0 4928.0 8844610
16208.0 4928.0 3613614
16464.0 4928.0 5815009
16704.0 4928.0 10569135
13808.0 6028.0 2622854
13808.0 6776.0 8161282
13808.0 7788.0 5928583
13808.0 8228.0 6031512
13808.0 9504.0 4378673
13808.0 10362.0 4815396
13808.0 11110.0 11079689
14032.0 4708.0 613031
14144.0 4708.0 10912958
14320.0 4708.0 537526
14464.0 4708.0 12811755
16944.0 4708.0 11424005
3664.0 8712.0 9412345
3728.0 9284.0 12840148
3760.0 9702.0 3180593
3760.0 10472.0 13181343
3760.0 10912.0 9122536
3760.0 11440.0 238501
3600.0 8712.0 1355188
3600.0 9482.0 2566619
4048.0 9812.0 4130219
4336.0 9812.0 4288688
4576.0 9812.0 60541
4656.0 9812.0 2977334
4976.0 8844.0 13322810
8976.0 8118.0 7319169
8976.0 9394.0 11160458
8976.0 11440.0 11734460
10176.0 6556.0 11133090
10304.0 6556.0 5343476
10448.0 6556.0 10175252
10576.0 6556.0 8938711
10736.0 6556.0 4586388
10832.0 6556.0 849378
10896.0 6556.0 13581838
10976.0 6556.0 4787960
11088.0 6556.0 4442434
11168.0 6556.0 2183681
11264.0 6556.0 5309356
11424.0 6556.0 13015670
11536.0 6556.0 11075652
11664.0 6556.0 178476
11728.0 6556.0 8054101
11792.0 6556.0 3207671
11872.0 6556.0 6824456
11968.0 6556.0 3886998
12112.0 6556.0 12172424
12272.0 6556.0 6992759
12448.0 6556.0 1112257
12608.0 6556.0 12075900
12736.0 6556.0 4649321
13008.0 6556.0 10000556
13072.0 1012.0 4231944
13072.0 1980.0 8102179
13072.0 2640.0 2273206
13072.0 3608.0 10886384
13072.0 4268.0 5182027
13072.0 5368.0 13045816
13168.0 572.0 13243096
13264.0 572.0 5443725
13408.0 572.0 12440219
13568.0 572.0 115048
13696.0 572.0 4826723
14016.0 572.0 4332429
14160.0 572.0 594838
14320.0 572.0 5021349
15120.0 572.0 8854128
15376.0 572.0 7169609
10480.0 572.0 2308903
10480.0 1452.0 13542606
10480.0 6006.0 7535969
7120.0 2508.0 13197473
7120.0 3080.0 9878370
7120.0 3608.0 7102344
7120.0 4664.0 10882001
7120.0 5588.0 1310123
7120.0 6556.0 540746
7120.0 7744.0 7802854
7120.0 9064.0 10429440
7120.0 9812.0 8782687
7120.0 10362.0 7784093
7120.0 11286.0 2427684
3728.0 8712.0 2674990
4016.0 10472.0 6067665
4016.0 10912.0 4411220
4016.0 11440.0 10432944
6480.0 9064.0 7880144
6896.0 9064.0 368263
7248.0 2068.0 1165574
7248.0 2508.0 9933082
7248.0 3080.0 3673963
7248.0 3608.0 11090298
7248.0 4664.0 2068749
7248.0 5588.0 5090007
7248.0 6556.0 5729880
7248.0 7480.0 11395654
3920.0 8712.0 6231867
5056.0 9372.0 11991610
3536.0 9372.0 7426737
3536.0 10472.0 7666344
3536.0 10912.0 2373230
3536.0 11440.0 2154618
8784.0 8448.0 11588170
10304.0 8448.0 859200
10560.0 8448.0 9639730
10704.0 8448.0 9617713
10768.0 8448.0 13789279
10848.0 8448.0 12076997
10976.0 8448.0 12700513
11120.0 8448.0 7024028
11264.0 8448.0 5235984
11552.0 8448.0 4026134
11760.0 8448.0 11805762
11888.0 8448.0 4002590
12080.0 8448.0 3732427
12240.0 8448.0 8278232
12720.0 572.0 3332370
12720.0 1980.0 13618980
12720.0 3718.0 3960700
12720.0 5368.0 1352174
12720.0 6996.0 266393
2800.0 7326.0 3747465
2928.0 7700.0 5244254
2992.0 7700.0 7912793
3104.0 7700.0 7215811
3264.0 7700.0 9254103
4208.0 7700.0 452280
8112.0 2068.0 4705883
8112.0 2508.0 7614175
8112.0 3080.0 4165312
8112.0 3608.0 2690289
8112.0 4268.0 3113606
8112.0 7480.0 8385158
9584.0 2728.0 4382028
9584.0 3388.0 8660319
9840.0 2288.0 853428
11440.0 2288.0 11655745
11728.0 2288.0 2036934
11824.0 2288.0 558689
11984.0 2288.0 6513229
12112.0 2288.0 756339
12256.0 2288.0 7313697
12384.0 2288.0 195806
12464.0 2288.0 13378783
12496.0 572.0 2430775
12496.0 1232.0 10724987
12608.0 1012.0 9583846
5584.0 7920.0 12272373
5680.0 7920.0 12463472
5760.0 7920.0 2947581
6896.0 7920.0 12233998
7568.0 7920.0 2429146
8144.0 7920.0 6265729
8208.0 7920.0 8561439
9136.0 7590.0 12012580
10544.0 6116.0 3004095
11088.0 6116.0 13008863
11168.0 6116.0 5239429
11264.0 6116.0 13449699
11312.0 572.0 9065831
11312.0 1496.0 8910212
11312.0 5258.0 6036777
10768.0 572.0 8525306
10768.0 1342.0 687237
10768.0 4488.0 6086335
10768.0 5038.0 13434012
10768.0 5588.0 10561765
10768.0 6996.0 386394
10768.0 9284.0 1995376
10768.0 9878.0 9954228
5584.0 8844.0 4168269
5616.0 3080.0 4906865
6160.0 3080.0 12486084
6496.0 3080.0 13589830
6608.0 3080.0 13274787
6736.0 3080.0 7268545
6848.0 3080.0 13873651
6944.0 3080.0 4370086
7792.0 3080.0 5796921
7856.0 3080.0 2461642
7920.0 3080.0 4122925
8384.0 3080.0 2053100
8464.0 3080.0 6128224
8560.0 3080.0 4992133
8688.0 3080.0 3283140
8800.0 3080.0 8799
8912.0 3080.0 4133095
9008.0 3080.0 7057796
8688.0 2288.0 1697444
8464.0 6116.0 2267554
8528.0 2068.0 9731928
8528.0 2508.0 10988031
8528.0 3608.0 13909885
8464.0 2068.0 6547490
8464.0 2508.0 4411814
8464.0 3608.0 5953944
17456.0 572.0 8305704
17456.0 2992.0 13235267
17456.0 7238.0 2764245
11728.0 2948.0 13371537
11824.0 2948.0 12062576
11984.0 2948.0 6743536
12112.0 2948.0 816656
12256.0 2948.0 12372854
12384.0 2948.0 3652821
12464.0 2948.0 6356150
12560.0 572.0 11209088
12560.0 1980.0 1670500
12560.0 2728.0 9758695
17552.0 7238.0 2989816
17632.0 8184.0 7163556
17776.0 8184.0 8282827
18080.0 8184.0 10579056
18256.0 9064.0 11261528
10448.0 10032.0 5545542
10560.0 10032.0 5245438
10704.0 10032.0 6962647
10864.0 10032.0 6759618
10976.0 10032.0 9671784
11136.0 10032.0 4306643
11760.0 10032.0 1084825
11888.0 10032.0 7570112
12032.0 10032.0 273031
12144.0 10032.0 523322
12880.0 10032.0 12809977
13008.0 10032.0 4829293
13168.0 10032.0 1246632
13312.0 10032.0 6374289
13472.0 10032.0 11981873
13584.0 10032.0 3311537
13680.0 3608.0 11478193
13680.0 4268.0 3347541
13680.0 6028.0 7796564
13680.0 6776.0 4786429
13680.0 8008.0 11524203
13680.0 9504.0 13532555
17760.0 6908.0 4522199
18048.0 6908.0 2421869
18128.0 7348.0 6353398
12640.0 3388.0 12066409
12784.0 2640.0 4050550
12784.0 3168.0 9681536
10976.0 8008.0 7697434
11088.0 8008.0 6581556
11264.0 8008.0 947955
11664.0 8008.0 12538000
11728.0 8008.0 12037471
11792.0 8008.0 664152
11888.0 8008.0 10407609
12912.0 8008.0 7359515
13008.0 8008.0 5362663
13184.0 8008.0 4731541
13328.0 8008.0 13387544
13456.0 8008.0 7033596
13568.0 8008.0 7882315
8400.0 2068.0 13726244
8400.0 2508.0 12990381
8400.0 3608.0 2940992
9328.0 1452.0 10058443
9520.0 1452.0 10363158
9632.0 1452.0 2007395
9840.0 1452.0 4593505
10160.0 1452.0 5340005
10256.0 1452.0 11052324
10336.0 1452.0 10372513
10544.0 1452.0 4711707
10608.0 1452.0 6511663
10672.0 1452.0 11312409
10864.0 1452.0 7243540
10992.0 1452.0 8998137
11088.0 1452.0 5115198
11168.0 1452.0 7948336
12304.0 572.0 11407113
14864.0 3608.0 7748621
14864.0 4048.0 13922878
14864.0 6138.0 12092339
14864.0 7568.0 6816655
14864.0 8228.0 12183813
14864.0 9064.0 5267867
14864.0 9504.0 1941680
14864.0 10252.0 2411182
14864.0 10890.0 2448877
7792.0 2068.0 12625174
7792.0 2508.0 4204008
7792.0 3608.0 10200943
7792.0 4048.0 4838472
7792.0 4488.0 6201864
7792.0 6446.0 1631843
15376.0 3608.0 13440848
15376.0 4180.0 892168
15376.0 6138.0 13824173
15376.0 7348.0 13129172
6864.0 2068.0 11646582
6864.0 3608.0 7576420
6864.0 4774.0 1536257
6928.0 5368.0 4890906
10544.0 5368.0 6396087
10672.0 5368.0 13648443
10704.0 9284.0 5356407
12464.0 11000.0 9351316
12592.0 11000.0 9310700
12736.0 11000.0 2528127
12880.0 11000.0 901389
13008.0 11000.0 210957
13168.0 11000.0 1224050
13312.0 11000.0 2405685
13456.0 11000.0 11424565
13584.0 11000.0 11538656
14144.0 11000.0 2857137
14224.0 11000.0 9460815
14336.0 11000.0 7747832
14416.0 11000.0 9391794
14992.0 11000.0 8523060
15440.0 11000.0 7338901
15632.0 11000.0 12351518
15760.0 11000.0 8975574
15824.0 11000.0 502463
16160.0 11000.0 2574317
16464.0 11000.0 4110951
15952.0 572.0 9989835
15952.0 1452.0 11329443
16048.0 2992.0 7202943
16208.0 2992.0 9166132
16464.0 2992.0 310466
16704.0 2992.0 5982116
17072.0 2992.0 11740096
17136.0 2992.0 3541148
17296.0 2992.0 10165242
15664.0 572.0 6864797
15664.0 3608.0 4235224
15664.0 4180.0 9639059
15664.0 7348.0 9301895
15664.0 7788.0 6361911
15664.0 9064.0 9843295
15664.0 9504.0 11523883
15664.0 10252.0 6617175
16432.0 1452.0 2451824
8144.0 9548.0 10383260
8144.0 11440.0 6733826
9616.0 572.0 3932261
12112.0 572.0 5852670
12112.0 3938.0 9441818
12112.0 5258.0 10700765
8304.0 9548.0 2332542
8304.0 11440.0 7390363
12912.0 8844.0 5359799
13008.0 8844.0 10680034
13184.0 8844.0 13772913
13328.0 8844.0 2721972
13456.0 8844.0 12429710
13552.0 3608.0 7215326
13552.0 4378.0 10324178
13552.0 5368.0 10455838
13552.0 6028.0 2664356
13552.0 6776.0 1271440
11920.0 6996.0 8665682
11920.0 9284.0 12943966
11952.0 572.0 9694320
11952.0 3938.0 10065563
11952.0 5258.0 1536749
10320.0 572.0 5942702
10448.0 11440.0 13302599
11824.0 572.0 2877976
11824.0 3938.0 4195113
11824.0 5258.0 475625
12656.0 5368.0 13642918
5008.0 10692.0 9741337
5008.0 11132.0 11092774
13168.0 1980.0 491661
13168.0 2640.0 10325866
13168.0 3608.0 2502236
13168.0 4378.0 10379045
13168.0 5478.0 7030014
13232.0 6028.0 8172422
13376.0 6028.0 12408760
13488.0 6028.0 901976
14032.0 6028.0 10013134
14144.0 6028.0 11217836
14224.0 6028.0 11777613
14320.0 6028.0 8498259
14464.0 6028.0 11703095
14976.0 6028.0 8869640
16704.0 6028.0 12937046
3280.0 10912.0 4929773
3280.0 11440.0 9480699
6736.0 308.0 2737661
6736.0 2068.0 2247522
6736.0 3608.0 4814313
6736.0 4774.0 2671766
6736.0 5698.0 2020482
6736.0 6336.0 13758413
8784.0 11440.0 4455469
10288.0 11440.0 5443844
10512.0 11440.0 1108056
11792.0 6996.0 1840148
8720.0 4158.0 399427
6800.0 5808.0 331324
6800.0 6336.0 2258217
6912.0 6556.0 5638801
7856.0 6556.0 2165837
8896.0 6556.0 10815888
8944.0 2288.0 13312332
8944.0 3608.0 7090730
7568.0 9504.0 7366199
7856.0 9504.0 11907605
8784.0 9504.0 6718446
14144.0 8228.0 11257599
14224.0 8228.0 4428041
14336.0 8228.0 9408363
14416.0 8228.0 4584666
14480.0 8228.0 1874907
15440.0 8228.0 12628566
15504.0 8228.0 2821642
15536.0 3608.0 6252216
15536.0 4180.0 11587437
15536.0 7348.0 8025353
15568.0 572.0 12605152
15760.0 572.0 1752404
15840.0 572.0 11961
16048.0 572.0 10078633
16208.0 572.0 10236670
16704.0 572.0 13547142
17104.0 572.0 8801892
17296.0 572.0 12013232
18000.0 572.0 5468892
18080.0 572.0 12194981
11728.0 572.0 278961
11728.0 3938.0 10324765
11728.0 5258.0 10877191
11728.0 6996.0 6506621
11760.0 9284.0 2881092
12272.0 3938.0 11741228
12272.0 5258.0 4789253
10512.0 9284.0 2173499
7856.0 4048.0 7396890
7920.0 4048.0 6011006
8784.0 2288.0 7378326
8784.0 3608.0 587836
8784.0 4268.0 1160166
7920.0 2068.0 3244684
7920.0 2508.0 11546908
7920.0 3608.0 572391
7920.0 4488.0 10070042
8880.0 4268.0 11143592
10544.0 572.0 6232541
10544.0 6996.0 1688722
10608.0 4488.0 858112
9008.0 2288.0 2101712
9312.0 2288.0 1395489
11440.0 572.0 8985054
11440.0 5258.0 4501551
11440.0 6996.0 11546304
11536.0 6996.0 26059
15824.0 7348.0 6985574
15824.0 7788.0 8728652
15824.0 9064.0 13713617
15824.0 9504.0 121186
15824.0 10252.0 13607007
6608.0 2068.0 13040465
6608.0 3608.0 439466
6608.0 4664.0 12915183
6896.0 5808.0 10748779
112.0 11198.0 2773163
10672.0 4488.0 1013344
10832.0 4488.0 8127877
10864.0 572.0 4908161
10864.0 5038.0 2673815
11088.0 6996.0 13633314
9520.0 572.0 4795133
9520.0 2068.0 13503822
12240.0 6996.0 9137812
3280.0 8712.0 13782904
3280.0 9152.0 9799804
3632.0 10472.0 10310174
3632.0 10912.0 914087
3632.0 11440.0 12946746
11568.0 9284.0 763275
14128.0 10472.0 12280605
14160.0 1342.0 1210471
14160.0 3608.0 6665109
14160.0 4048.0 13280066
14160.0 6776.0 10264191
14160.0 7678.0 4375041
14160.0 9504.0 11967228
4080.0 10472.0 13510664
4336.0 10472.0 9827438
4576.0 10472.0 2686186
4976.0 10032.0 3234049
528.0 7370.0 1607309
16016.0 1452.0 2929154
16016.0 7348.0 12637906
16016.0 9064.0 94711
16016.0 9504.0 6076812
16160.0 9922.0 7271495
16464.0 9922.0 7807115
16640.0 9922.0 7393790
16720.0 9922.0 5397063
17088.0 9922.0 6331951
1744.0 10912.0 8157228
2112.0 10912.0 10345504
2368.0 10912.0 12727969
2544.0 10912.0 13723388
2944.0 10912.0 4588560
3056.0 8712.0 3034349
3056.0 9152.0 13227390
3088.0 10912.0 12138968
4080.0 10912.0 7423639
4336.0 10912.0 10846349
4432.0 10912.0 9890739
13456.0 9504.0 10027525
14224.0 7788.0 11503241
14336.0 7788.0 3804643
14416.0 7788.0 5829760
14448.0 1342.0 6586154
14448.0 3608.0 10295681
14448.0 4048.0 12371120
1280.0 8404.0 6973068
1744.0 8404.0 1183674
1904.0 8404.0 9603682
2160.0 8404.0 8679010
2224.0 8404.0 2303662
2368.0 8404.0 2280444
2544.0 8404.0 6349110
2704.0 7546.0 10702172
14032.0 1342.0 9343195
14032.0 3608.0 4969049
14032.0 6776.0 9571676
14976.0 7568.0 2024297
14320.0 4048.0 5621109
14768.0 4048.0 7005052
13392.0 1980.0 4295118
13392.0 3608.0 4553421
13392.0 4378.0 7158833
13392.0 5368.0 2097543
16688.0 1452.0 12325737
13360.0 6776.0 8774353
16208.0 1452.0 6827860
16208.0 7348.0 5467363
1504.0 6336.0 523432
2064.0 6336.0 11040010
2160.0 6336.0 6366918
2224.0 6336.0 11924136
2384.0 6336.0 13586487
2544.0 6336.0 12740989
4560.0 7370.0 3747223
4304.0 7260.0 9081615
4384.0 7260.0 2866960
4464.0 7260.0 5510514
4816.0 7260.0 1795841
4880.0 7260.0 4649529
14352.0 1342.0 12147885
14352.0 3608.0 2595309
14352.0 9504.0 10172088
14352.0 10252.0 10069894
5744.0 8844.0 3836978
4336.0 11440.0 3362228
6160.0 3608.0 909674
6160.0 4664.0 9977554
6160.0 11132.0 10359796
6512.0 3608.0 4429394
6512.0 4664.0 4957496
6928.0 2068.0 10037176
6928.0 3608.0 9564426
6928.0 4664.0 3067659
11280.0 6996.0 3789737
12592.0 6996.0 11824701
13488.0 3608.0 12333785
14768.0 3608.0 7328044
14960.0 3608.0 4211511
15760.0 3608.0 8821089
15840.0 3608.0 8561895
15920.0 7348.0 3994379
12368.0 572.0 8545697
12368.0 1232.0 7812537
12368.0 3938.0 3753685
12368.0 5258.0 6971041
11664.0 6996.0 8792844
17776.0 2684.0 3356510
12464.0 3938.0 1168112
13488.0 4268.0 4636513
13232.0 6666.0 5154094
10192.0 572.0 5046721
944.0 7370.0 1450098
10848.0 9284.0 10131216
17088.0 9284.0 3975151
17344.0 9284.0 91593
4592.0 4840.0 11821020
4592.0 6028.0 3907100
11024.0 572.0 7902949
11024.0 5038.0 3557920
2384.0 7436.0 13141786
2384.0 9152.0 4674063
2384.0 11440.0 1795779
2928.0 8712.0 234062
2928.0 9152.0 2900421
2928.0 11440.0 935318
2544.0 7546.0 1914921
2544.0 9152.0 4529971
2544.0 11440.0 10527179
9648.0 7480.0 12849311
2048.0 7172.0 2342345
2160.0 7172.0 4385599
2224.0 7172.0 9329329
3440.0 7172.0 12099986
1744.0 9042.0 4701147
1744.0 11440.0 663889
2096.0 9152.0 2558445
2096.0 11440.0 9381850
3056.0 11440.0 9237370
10960.0 6996.0 12622052
2992.0 8712.0 8745522
2992.0 9152.0 5686125
10896.0 6996.0 719918
4080.0 11440.0 4995510
16144.0 9064.0 2594276
16144.0 9504.0 11953554
14224.0 6776.0 3689572
14224.0 9504.0 6847528
14224.0 10252.0 381960
17104.0 8624.0 7337791
17136.0 7348.0 8186147
15440.0 9064.0 406504
15440.0 9504.0 7150153
15440.0 10252.0 7069913
15760.0 7788.0 623409
15856.0 1452.0 6790159
4208.0 4840.0 8445548
18320.0 7348.0 7608073
15760.0 4180.0 11341558
9712.0 7480.0 4652420
17072.0 1452.0 12959840
17072.0 7348.0 3506526
16464.0 9504.0 1725788
7856.0 2068.0 3209244
7856.0 2508.0 13570742
7856.0 3608.0 7973249
7856.0 4488.0 974972
16720.0 7348.0 7908969
15504.0 9064.0 5729439
4368.0 4840.0 9565418
6000.0 11132.0 6973127
6064.0 11132.0 1844552
4688.0 5808.0 13572295
4816.0 5808.0 4088124
4880.0 5808.0 7306176
9008.0 3608.0 943792
15760.0 9064.0 13639542
17424.0 9064.0 1836825
18512.0 8294.0 4473346
4880.0 4664.0 7033488
4880.0 5368.0 12055653
4880.0 6776.0 11674992
4688.0 4488.0 4213516
4752.0 4488.0 5013022
4816.0 4488.0 10591523
18608.0 8866.0 5639905
14416.0 9504.0 11127265
14416.0 10252.0 5497405
15760.0 7348.0 5348302
18224.0 7348.0 2409359
13424.0 6776.0 947081
18704.0 8866.0 7170318
11088.0 4928.0 3817948
11168.0 4928.0 6590829
12464.0 5368.0 12298074
15760.0 1452.0 588282
15760.0 9504.0 708340
15760.0 10252.0 4968914
432.0 7480.0 8575857
11168.0 6996.0 13385395
13488.0 6776.0 8117260
13584.0 9504.0 11230460
13488.0 5368.0 7186490
11184.0 572.0 13903888
4464.0 4840.0 2678865
4528.0 4840.0 1268190
4816.0 5368.0 12023958
4816.0 6776.0 10804732
11088.0 572.0 1073097
10672.0 572.0 7086255
10256.0 572.0 5519488
9840.0 572.0 7315818
4432.0 220.0 5305433
5808.0 220.0 3158931
1552.0 8932.0 3638425
5136.0 11528.0 5522759
5552.0 11528.0 1413095
5968.0 11528.0 1790743
5488.0 7304.0 3225604
16576.0 8184.0 9268111
6096.0 264.0 9383693
6096.0 594.0 4902810
1824.0 6864.0 7755885
1664.0 8184.0 3707726
5936.0 330.0 6100539
11616.0 8228.0 11644275
1952.0 8184.0 4023764
6304.0 8536.0 10913481
6368.0 8844.0 11520476
16688.0 11407.0 8652012
3488.0 7480.0 3651739
1392.0 2904.0 9894973
1392.0 5852.0 7564072
1408.0 6028.0 2806355
11728.0 11330.0 6689591
11728.0 10868.0 30104
6896.0 220.0 5377415
9232.0 220.0 12713071
8272.0 8756.0 3792575
7024.0 7260.0 10034342
14720.0 4928.0 12518146
13072.0 484.0 6974142
15408.0 484.0 7141961
8080.0 7700.0 4127652
10016.0 9064.0 10216904
7776.0 8448.0 3175384
15344.0 7788.0 13769119
12400.0 11484.0 11427483
12400.0 11176.0 5640911
16496.0 11484.0 11877583
16496.0 11176.0 4620840
11936.0 6776.0 10234299
11840.0 6336.0 12725148
12672.0 6776.0 1804589
3312.0 10692.0 6838178
10544.0 11528.0 9459199
11808.0 8228.0 12373309
15536.0 484.0 6821000
18128.0 352.0 9780618
7600.0 6116.0 2695259
11744.0 8228.0 10897119
7888.0 9064.0 11987372
10992.0 11550.0 10055607
10992.0 11308.0 3738733
12000.0 6776.0 6071433
4992.0 9812.0 10268988
5888.0 5060.0 9956311
2704.0 8250.0 8999148
16672.0 6248.0 1802422
3408.0 3058.0 8865758
3408.0 6160.0 3447861
5760.0 8624.0 3808141
6528.0 8844.0 7547785
6944.0 7260.0 10107133
7408.0 10912.0 10712947
12608.0 3608.0 3277400
12352.0 6116.0 4732377
11648.0 6336.0 7549765
12416.0 6116.0 12661352
12096.0 9504.0 3318868
13248.0 9284.0 3828526
912.0 3410.0 733902
912.0 6864.0 8312511
928.0 7040.0 8507276
14800.0 8008.0 7674805
6640.0 220.0 8342876
6832.0 220.0 8616462
2944.0 6952.0 4158490
9664.0 7788.0 1814824
560.0 3410.0 7134915
560.0 6864.0 8872230
576.0 7040.0 1776725
1728.0 8184.0 9727663
5120.0 7920.0 4773297
2080.0 8932.0 9130921
3072.0 11220.0 10244607
2976.0 10692.0 6914102
10848.0 6776.0 11408199
8848.0 9064.0 12550238
16112.0 8844.0 3696361
17120.0 8404.0 5087762
12160.0 9064.0 3558170
13552.0 11418.0 12122159
