# C:\Users\gielpa\PycharmProjects\Genetic-Algorithm\data-bak\rl1304.tsp\data
15440.0 8888.0 13715832
15440.0 9328.0 5987619
15440.0 9768.0 521966
15440.0 11264.0 630942
15440.0 13288.0 7453074
15440.0 14058.0 11506912
15536.0 8228.0 6390772
15616.0 8228.0 3817153
15824.0 8228.0 8718408
16048.0 8228.0 2281654
16176.0 8228.0 3239680
16384.0 8228.0 11891370
16512.0 8228.0 620283
16624.0 8228.0 5255392
16704.0 8228.0 9240328
16784.0 8228.0 2679609
16880.0 8228.0 1730431
17024.0 8228.0 10927536
17312.0 8228.0 6280193
17440.0 8228.0 4500
17600.0 8228.0 2196131
17872.0 8228.0 7795846
17936.0 4400.0 13084552
6320.0 10626.0 7502740
6320.0 12012.0 9259382
6432.0 9680.0 794125
6480.0 4180.0 7267363
6480.0 4796.0 7279975
6480.0 5544.0 12957694
6480.0 6732.0 4501887
1232.0 5918.0 6675963
1232.0 7304.0 3450509
1232.0 12012.0 6787610
1232.0 14432.0 1456053
1456.0 5588.0 822633
1520.0 4730.0 2831517
4272.0 11154.0 7630219
4272.0 11858.0 12192221
4304.0 10296.0 6101402
4416.0 10296.0 6253183
4496.0 10296.0 10882676
4528.0 5544.0 9686374
4528.0 7040.0 7578505
4592.0 10296.0 4303479
4704.0 10296.0 5182787
4784.0 10296.0 7121135
4880.0 10296.0 3636592
4944.0 10296.0 9186721
5120.0 10296.0 4239724
5200.0 10296.0 3076084
5360.0 10296.0 974498
5504.0 10296.0 4871606
5616.0 10296.0 5952966
5648.0 7942.0 4622694
5648.0 9020.0 12173070
5680.0 6952.0 8320467
5808.0 6952.0 5213323
5952.0 6952.0 1279130
6096.0 6952.0 5467502
6160.0 6952.0 11581565
6240.0 6952.0 4689369
5648.0 14322.0 187215
6288.0 4180.0 12846868
6288.0 4796.0 115522
6288.0 5544.0 2732699
6288.0 8052.0 114445
6688.0 9020.0 2491879
6800.0 9020.0 9164671
6912.0 9020.0 174382
7072.0 9020.0 6897829
7120.0 5280.0 2802008
7120.0 6732.0 8482502
7120.0 7172.0 5632163
7120.0 7942.0 4208223
18432.0 4422.0 8602458
18720.0 4422.0 2677795
18912.0 4422.0 12033563
19040.0 4422.0 6098143
14128.0 5610.0 4173687
14128.0 7480.0 5503042
14128.0 8888.0 12979747
14128.0 9328.0 5552810
14320.0 9548.0 4197637
14464.0 9548.0 8153481
14608.0 9548.0 13006968
14672.0 9548.0 7664261
14736.0 9548.0 9087991
14800.0 9548.0 12412022
14896.0 9548.0 10696790
15024.0 9548.0 222859
15280.0 9768.0 1493244
15280.0 11264.0 4706279
15280.0 13288.0 13540901
15280.0 14058.0 6771518
3504.0 9240.0 3071935
3504.0 10142.0 9941813
3504.0 12012.0 10326471
3648.0 9020.0 8862602
3760.0 9020.0 10961441
3872.0 9020.0 2465173
4096.0 9020.0 11454936
4304.0 9020.0 4776703
4784.0 9020.0 5719291
4880.0 9020.0 11999931
4960.0 9020.0 7670931
5136.0 9020.0 1651216
5216.0 9020.0 9043453
5344.0 9020.0 4926278
5776.0 9020.0 9108533
5808.0 4488.0 9867339
5808.0 5544.0 3399966
5808.0 8052.0 13685210
784.0 4400.0 17694
784.0 5500.0 10206111
816.0 6776.0 6249773
912.0 6776.0 1672691
1056.0 7524.0 5935567
1104.0 12012.0 11653435
1104.0 14432.0 3492234
9104.0 10472.0 6537179
9104.0 11704.0 6798736
9104.0 12540.0 6990079
9104.0 13508.0 1161452
9104.0 14058.0 3735879
9216.0 9548.0 2331543
9296.0 9548.0 7089499
9456.0 9548.0 3971994
9568.0 9548.0 1310451
9664.0 9548.0 8927952
9776.0 9548.0 10348896
9840.0 9548.0 3130624
9904.0 9548.0 9137347
10080.0 9548.0 6881089
10336.0 9548.0 1047548
10448.0 9548.0 1530695
10544.0 9548.0 6029510
10640.0 9548.0 12811153
10768.0 9548.0 3544410
10864.0 9548.0 12368539
10960.0 9548.0 10336138
11088.0 9548.0 8516083
11168.0 9548.0 12506497
11344.0 9548.0 11477672
11568.0 9548.0 12278741
11696.0 9548.0 9800791
11792.0 9548.0 408041
11824.0 5324.0 2278589
11824.0 6512.0 12297277
11824.0 7172.0 47501
11824.0 7612.0 2729916
11824.0 8492.0 11348115
10768.0 11484.0 13482
10768.0 12540.0 5020640
10768.0 13068.0 9386487
10768.0 13970.0 2926414
11024.0 8932.0 8848266
11088.0 8932.0 10834198
11184.0 8932.0 6975601
11280.0 8932.0 4077905
11584.0 8932.0 13596258
11760.0 5324.0 465175
11760.0 6512.0 30812
11760.0 7172.0 1800890
11760.0 7612.0 5612921
11760.0 8382.0 3520682
10064.0 11704.0 1840471
10064.0 12540.0 8880105
10064.0 13068.0 5399526
10064.0 13508.0 327327
10064.0 14190.0 2208800
10128.0 11484.0 13501484
10192.0 11484.0 12015880
10336.0 11484.0 7840131
10448.0 11484.0 4279688
10640.0 11484.0 7472116
10864.0 11484.0 9004962
10960.0 11484.0 7728176
11024.0 11484.0 10146564
11088.0 5324.0 613202
11088.0 6842.0 11501577
9072.0 8976.0 204619
10480.0 8492.0 323189
10544.0 8492.0 3639706
10640.0 8492.0 10982370
10736.0 8492.0 8706938
11216.0 8492.0 6083388
11280.0 8492.0 13030748
11408.0 8492.0 5673651
11536.0 8492.0 6029357
11936.0 8492.0 9192765
12064.0 8492.0 11493070
12112.0 5104.0 4925962
12112.0 5764.0 9984594
12112.0 6512.0 3256178
12112.0 7172.0 1390789
12112.0 7612.0 1644153
8688.0 11594.0 83827
8688.0 12540.0 368597
8688.0 13508.0 4019793
8688.0 14058.0 9637026
8720.0 10956.0 4797101
8800.0 10956.0 12964791
8944.0 10956.0 1433602
9488.0 10956.0 5096760
9712.0 10956.0 10607214
9904.0 10956.0 13175755
9968.0 10956.0 6971625
10112.0 10956.0 12489331
10192.0 10956.0 2366166
10544.0 10956.0 8357541
10640.0 10956.0 11072360
11600.0 10956.0 9482912
11728.0 10956.0 2004168
11968.0 10956.0 3884624
12048.0 9284.0 1272501
12048.0 10362.0 8418815
12192.0 10736.0 6908666
12288.0 10736.0 302042
12368.0 10736.0 8437592
12400.0 4796.0 2662692
12400.0 5874.0 1395287
12400.0 6512.0 2467300
12400.0 7172.0 2611975
12400.0 7612.0 2546903
12400.0 8272.0 8680107
8528.0 10362.0 7082299
8528.0 11594.0 8838034
8528.0 12540.0 7825923
8528.0 13508.0 5922556
8528.0 14058.0 3448279
8560.0 9988.0 2773456
8720.0 9988.0 2993372
8800.0 9988.0 8241876
12336.0 4796.0 6159060
12336.0 6512.0 3680553
12336.0 7172.0 13282397
12336.0 7612.0 11571499
12336.0 8272.0 6747010
8464.0 10516.0 7989035
8464.0 11594.0 5307738
8464.0 12540.0 13311963
8560.0 5170.0 10195607
8560.0 6732.0 516117
8560.0 7282.0 2599567
8560.0 7832.0 7844030
8560.0 8866.0 3539377
7216.0 9350.0 13257848
7216.0 9988.0 6879789
7216.0 10516.0 9702135
7216.0 11374.0 12556420
7216.0 12430.0 5763810
7216.0 14432.0 9063319
7408.0 8932.0 364119
7504.0 8932.0 2254752
7568.0 8932.0 6887079
7664.0 8932.0 11052227
7728.0 8932.0 11288981
7760.0 4906.0 11378929
7760.0 5544.0 13615579
7760.0 6732.0 2735818
7760.0 7172.0 6185490
7760.0 7722.0 9249619
12560.0 10516.0 1185244
12560.0 11264.0 12854119
12560.0 11814.0 2734189
12560.0 13288.0 11218501
12560.0 14058.0 1995791
12640.0 9768.0 13146034
12752.0 9768.0 4054001
12848.0 9768.0 6063212
13056.0 9768.0 11139426
13152.0 9768.0 1234394
13232.0 9768.0 12467211
13328.0 9768.0 6599489
13392.0 9768.0 13459006
13584.0 9768.0 3334471
13696.0 9768.0 12498951
13808.0 9768.0 11450703
14032.0 9768.0 8103803
13680.0 8888.0 6432185
13680.0 9328.0 1834805
13680.0 10516.0 1411330
13680.0 11264.0 7234849
13680.0 11814.0 12264861
13680.0 13288.0 3291318
13680.0 14058.0 6819749
13712.0 7480.0 2127905
13808.0 7480.0 7028222
14064.0 7480.0 7517002
14320.0 7480.0 11249047
14448.0 7480.0 6639880
14512.0 7480.0 9210166
14608.0 7480.0 6172083
14672.0 7480.0 3947160
14736.0 7480.0 5391513
14800.0 7480.0 4758121
14896.0 7480.0 8395386
15024.0 7480.0 202857
15408.0 7480.0 3903359
15536.0 7480.0 8369004
15616.0 7480.0 12378777
15824.0 7480.0 66960
16048.0 7480.0 13004789
16176.0 7480.0 6191267
16384.0 7480.0 4870097
16512.0 7480.0 10271802
16672.0 7480.0 4083938
16768.0 7480.0 8009751
17072.0 7480.0 6678535
17168.0 7480.0 6947951
17312.0 7480.0 4759937
17440.0 7480.0 10769351
17536.0 7480.0 3333419
18128.0 7480.0 10070692
17712.0 10626.0 984142
17712.0 14058.0 1032719
17968.0 8448.0 3097413
18112.0 8448.0 13041071
12784.0 10406.0 9374232
12784.0 11264.0 6422458
12784.0 11814.0 7406654
12784.0 13288.0 2141191
12784.0 14058.0 6024885
14192.0 9988.0 12069226
14896.0 4906.0 6958652
14896.0 5874.0 2020943
14896.0 8888.0 13154002
13712.0 5390.0 4558120
4208.0 4290.0 12877422
4208.0 7040.0 3688395
4208.0 8052.0 9075228
4592.0 11264.0 6969790
4704.0 11264.0 2587970
4784.0 11264.0 1465588
5792.0 11264.0 11136799
5968.0 11264.0 10477598
6080.0 11264.0 3250713
6224.0 11264.0 10252160
6528.0 11264.0 1113755
6608.0 11264.0 8031961
6800.0 11264.0 1592597
6912.0 11264.0 7538344
6992.0 11264.0 5527653
7056.0 11264.0 1341797
7136.0 11264.0 2817866
7376.0 11264.0 12778155
7440.0 11264.0 5972063
7568.0 11264.0 13706766
7712.0 11264.0 4339565
7792.0 11264.0 867893
7856.0 11264.0 407906
7920.0 11264.0 3860187
8000.0 11264.0 10217977
8112.0 11264.0 5628833
8272.0 11264.0 8136716
8368.0 11264.0 8477051
8400.0 12540.0 10349365
8400.0 14058.0 319534
10480.0 4796.0 2737079
10544.0 5104.0 4631172
10640.0 5104.0 4731537
10752.0 5104.0 10841980
10832.0 5104.0 13481988
10912.0 5104.0 9045103
11008.0 5104.0 10117384
11200.0 5104.0 7003492
11280.0 5104.0 5482124
11408.0 5104.0 1744637
12304.0 11814.0 2739244
12304.0 13288.0 6645020
12304.0 14058.0 9985889
12656.0 4906.0 3112754
12656.0 5874.0 2787734
12656.0 7172.0 11454739
12656.0 7612.0 13188985
12656.0 8272.0 9667101
12656.0 8888.0 2417956
14864.0 11264.0 9444517
14864.0 13288.0 10537534
14864.0 14058.0 5028034
15024.0 4906.0 6087686
15024.0 5874.0 12756814
15024.0 8888.0 10208907
4592.0 7612.0 9361763
4656.0 7612.0 12240973
4768.0 7612.0 6154161
4880.0 7612.0 8578871
4976.0 7612.0 1233749
5056.0 7612.0 11541083
5488.0 7612.0 13647987
5952.0 7612.0 13030444
6096.0 7612.0 8179304
6160.0 7612.0 10718295
6560.0 7612.0 3359215
7664.0 7612.0 10492235
7792.0 9350.0 10781028
7792.0 9988.0 107454
7792.0 10516.0 10941371
7792.0 12430.0 2379886
7792.0 14168.0 8140104
16496.0 4906.0 7523198
16496.0 9922.0 580662
16624.0 10736.0 10772592
16704.0 10736.0 6510367
16784.0 10736.0 12790592
16880.0 10736.0 679238
16944.0 10736.0 11175306
17008.0 10736.0 12127662
17104.0 10736.0 1461114
17296.0 10736.0 4905774
17424.0 10736.0 1534198
17616.0 10736.0 5338252
17952.0 10736.0 2559599
18080.0 10736.0 8511687
18208.0 10736.0 10464928
18368.0 10736.0 3229140
18416.0 11176.0 4963827
18416.0 14168.0 8414000
1264.0 4620.0 12499812
16400.0 4906.0 9709440
17904.0 14058.0 3028229
3984.0 4180.0 1980481
3984.0 7150.0 1162706
3984.0 10076.0 3054201
8272.0 12540.0 10234061
8272.0 14058.0 7102175
16336.0 10296.0 964946
16336.0 11264.0 6262120
16336.0 13288.0 3255501
16976.0 5126.0 1383084
1008.0 4840.0 9375855
5808.0 9768.0 12424488
5808.0 12320.0 11297674
5808.0 14322.0 13101785
5936.0 4488.0 6305043
5936.0 5544.0 8287067
4432.0 11858.0 1031632
4656.0 4180.0 905042
4656.0 5544.0 10040361
4656.0 7040.0 7254594
4656.0 8162.0 12288552
16848.0 13288.0 3158408
17296.0 11484.0 4912107
17424.0 11484.0 11103748
18208.0 11484.0 8688332
18384.0 7700.0 5284679
18384.0 8668.0 12404198
8240.0 10516.0 3360999
8400.0 9460.0 1812230
8432.0 5170.0 10054779
8432.0 6732.0 9097429
8432.0 7282.0 12040150
8432.0 7832.0 12189378
1584.0 12012.0 2521292
1584.0 13992.0 7244280
1584.0 14432.0 5705792
1616.0 6556.0 1066246
1680.0 5214.0 11173798
2576.0 4290.0 1991812
2576.0 5170.0 6511859
2672.0 9768.0 5121417
2672.0 10296.0 3096302
2672.0 12012.0 10541408
2672.0 13772.0 7064934
2672.0 14212.0 6238721
17008.0 13288.0 3391047
880.0 5390.0 6020569
880.0 12012.0 7356209
1104.0 5060.0 2100904
5520.0 12210.0 6788254
5520.0 14322.0 7496452
5680.0 4796.0 1800314
5680.0 5544.0 389805
3888.0 7150.0 5503121
3888.0 8052.0 1899500
16592.0 13288.0 6428918
18096.0 9768.0 6954216
8016.0 10516.0 5155921
8016.0 12430.0 13282952
8016.0 14058.0 7822247
8144.0 5170.0 11290937
8144.0 6732.0 10275523
8144.0 7172.0 12579294
8144.0 7832.0 11583920
8144.0 8866.0 8408265
16784.0 5236.0 11904292
16784.0 13288.0 1679551
17072.0 5016.0 9609403
17168.0 5016.0 749627
17312.0 5016.0 11974036
17440.0 5016.0 12231799
17536.0 5016.0 3280359
17664.0 5016.0 2722016
17776.0 5016.0 5648634
784.0 12012.0 7986616
1104.0 5808.0 188369
7728.0 10516.0 2223705
7728.0 12430.0 12446418
7728.0 14168.0 10913092
7920.0 4906.0 4019945
7920.0 5544.0 7421277
7920.0 6732.0 6273089
7920.0 7172.0 8529057
7920.0 7832.0 748279
7920.0 8602.0 5701449
7920.0 9350.0 8574271
5232.0 12430.0 6201236
5232.0 14322.0 13690470
5520.0 4796.0 2476154
5520.0 5544.0 13251664
5520.0 6732.0 5683358
3856.0 12012.0 6142530
4720.0 11858.0 10569382
4976.0 5544.0 5314118
4976.0 7040.0 6360603
4976.0 8162.0 10815770
18496.0 7700.0 12558859
7376.0 9878.0 3577489
7376.0 10516.0 10123144
7376.0 12430.0 10942706
7376.0 14300.0 7495834
7504.0 4796.0 6660592
7504.0 5390.0 8236612
7504.0 6732.0 13663294
7504.0 7172.0 4853332
1808.0 12012.0 9138170
1808.0 13882.0 7527306
1808.0 14432.0 660026
1840.0 10296.0 5596112
1920.0 10296.0 10176598
1968.0 5170.0 9418285
12528.0 5874.0 2176991
12528.0 6512.0 10903676
12528.0 7172.0 477340
12528.0 7612.0 11053400
12528.0 8272.0 1781620
12752.0 8888.0 7961227
12848.0 11264.0 8118856
12848.0 11814.0 10065197
12848.0 13288.0 12403703
12848.0 14058.0 11332872
13056.0 8888.0 203765
13136.0 8888.0 8599278
13328.0 8888.0 13505266
13392.0 8888.0 5279745
13456.0 8888.0 3419961
13584.0 8888.0 2198300
13808.0 8888.0 12368004
14064.0 8888.0 4403633
14320.0 8888.0 10058258
14448.0 8888.0 6642642
14512.0 8888.0 5376793
14608.0 8888.0 9585372
14672.0 8888.0 8048423
14736.0 8888.0 3488070
14800.0 8888.0 11007827
15536.0 8888.0 5157077
15616.0 8888.0 9621489
15824.0 8888.0 436359
16048.0 8888.0 3081890
16176.0 8888.0 6999286
16304.0 8888.0 6507162
17088.0 9988.0 13586645
17296.0 9988.0 12646022
17456.0 9988.0 2188815
1680.0 12012.0 7655525
1776.0 6864.0 9747769
1808.0 4840.0 9124368
5936.0 12320.0 4327776
5936.0 14322.0 11532392
6160.0 4180.0 12474297
6160.0 4796.0 9714409
6160.0 5544.0 4887619
6160.0 9240.0 11933215
6160.0 9988.0 9963990
18512.0 8668.0 8307861
18512.0 9768.0 7576923
18512.0 10428.0 5477901
10320.0 5170.0 3876463
11280.0 5852.0 10986129
11408.0 5852.0 8506359
11552.0 5852.0 10340827
11600.0 12540.0 10632651
11600.0 13068.0 5133252
11600.0 13838.0 9692874
4880.0 14432.0 12445240
4944.0 14432.0 5253498
5040.0 14432.0 10967521
5120.0 14432.0 513709
5392.0 14432.0 1459164
6064.0 14432.0 1992328
6160.0 14432.0 8154258
6224.0 9988.0 12537206
6224.0 12012.0 6493804
6256.0 9460.0 8302794
6384.0 4180.0 13647187
6384.0 4796.0 7573720
6384.0 5544.0 4393206
6384.0 6732.0 6765431
6384.0 7172.0 6908302
1936.0 12012.0 9187632
1936.0 13882.0 10708965
1936.0 14432.0 13024045
2064.0 5720.0 10457647
6672.0 4796.0 9639820
6672.0 5544.0 10763160
6672.0 6732.0 5853705
6896.0 12540.0 7362373
6992.0 12540.0 4680729
7056.0 12540.0 13546538
7136.0 12540.0 11589841
7440.0 12540.0 5723119
7568.0 12540.0 1614345
7856.0 12540.0 3111733
7920.0 12540.0 2873660
8128.0 12540.0 13220647
8800.0 12540.0 7484822
8880.0 12540.0 10560074
8944.0 12540.0 11306162
9216.0 12540.0 924616
9296.0 12540.0 2259569
9488.0 12540.0 12332515
9552.0 12540.0 8466144
9632.0 12540.0 12006738
9712.0 12540.0 10865347
9776.0 12540.0 13738993
9936.0 12540.0 10334399
10128.0 12540.0 13444088
10192.0 12540.0 9225068
10336.0 12540.0 5013156
10448.0 12540.0 8587930
10544.0 12540.0 10951921
10864.0 12540.0 7385467
10960.0 12540.0 12599035
11024.0 12540.0 385087
11168.0 12540.0 11723816
11280.0 12540.0 13198789
11376.0 12540.0 1163931
11440.0 12540.0 479767
11728.0 12540.0 11553573
11808.0 12540.0 2224837
11952.0 12540.0 5288292
11984.0 6512.0 7532143
11984.0 7172.0 11311706
11984.0 7612.0 9749542
11984.0 9284.0 1993202
11984.0 11704.0 4241501
12080.0 12540.0 6956025
12224.0 12540.0 10483256
12464.0 9438.0 825838
8784.0 11594.0 1322147
8784.0 13508.0 8176496
8784.0 14058.0 12790302
8848.0 9460.0 13228803
8976.0 5170.0 11959727
8976.0 6732.0 1301988
8976.0 7282.0 3086038
8976.0 7832.0 1258283
8976.0 8976.0 3123688
3280.0 4180.0 865716
3280.0 5170.0 8406945
3280.0 7040.0 4080622
3280.0 7832.0 9969195
3344.0 8052.0 7260335
3408.0 8052.0 2875739
3536.0 8052.0 1300609
3648.0 8052.0 8070844
4400.0 8052.0 13378367
4768.0 8052.0 3918145
4880.0 8052.0 11940494
5040.0 8052.0 3684328
7568.0 10516.0 4169415
7568.0 14168.0 7677225
10544.0 13068.0 7848673
10544.0 13508.0 2158219
10544.0 14190.0 6393319
10640.0 7612.0 2293967
7824.0 4906.0 5378474
7824.0 5544.0 560128
7824.0 6732.0 2656192
7824.0 7172.0 10858451
7920.0 10516.0 4196586
7920.0 14058.0 12479215
10608.0 14190.0 6011877
10864.0 13728.0 5265029
10960.0 13728.0 9467877
11024.0 13728.0 993392
11168.0 13728.0 2629100
11280.0 13728.0 1120900
11376.0 13728.0 23144
11440.0 13728.0 5915203
11776.0 13728.0 12657527
11952.0 13728.0 10241967
12048.0 11704.0 13611976
9520.0 14432.0 7931853
9632.0 14432.0 9095280
9712.0 14432.0 6448196
9776.0 14432.0 1010590
9936.0 14432.0 2108147
10128.0 14432.0 10035835
10192.0 14432.0 5637251
10336.0 14432.0 3792436
10448.0 14432.0 2426602
11440.0 13068.0 1445534
11472.0 7612.0 2717779
11536.0 7612.0 5317922
12592.0 7612.0 13389514
12768.0 7612.0 1926099
13056.0 7612.0 12937321
13136.0 5016.0 5280123
13136.0 5874.0 5171042
13136.0 7172.0 12816394
6000.0 9240.0 6854066
6160.0 11704.0 225864
6432.0 11704.0 3528081
6512.0 11704.0 10037467
8880.0 11704.0 5243056
8944.0 11704.0 7992205
9216.0 11704.0 2138762
9296.0 11704.0 373000
9488.0 11704.0 10480109
9552.0 11704.0 8572249
9632.0 11704.0 6833135
9712.0 11704.0 4450761
9776.0 11704.0 9526825
9936.0 11704.0 11319249
10352.0 13068.0 1830048
10352.0 13508.0 12488110
10544.0 7612.0 6179979
656.0 4290.0 4218242
656.0 14212.0 13258365
16304.0 9328.0 1131159
17648.0 4400.0 212039
6608.0 14432.0 6533440
208.0 4422.0 11043838
10864.0 13068.0 8286754
11024.0 7172.0 543862
11184.0 7172.0 5578861
11280.0 7172.0 11605514
11376.0 7172.0 7271764
12592.0 7172.0 4397052
12768.0 7172.0 10006259
13056.0 7172.0 8384410
13232.0 7172.0 6768911
13328.0 7172.0 1244206
13392.0 7172.0 7958844
13456.0 7172.0 12171501
13584.0 7172.0 1273315
9520.0 13508.0 12909534
9552.0 13068.0 3711200
9632.0 13068.0 1127921
9712.0 13068.0 6648656
9776.0 13068.0 560325
9936.0 13068.0 11584834
10128.0 13068.0 10180951
10192.0 13068.0 79991
10448.0 13068.0 1393605
10960.0 13068.0 4339735
11024.0 13068.0 3591274
11168.0 13068.0 1404938
11280.0 13068.0 9908563
11376.0 13068.0 3761554
11728.0 13068.0 3849537
12096.0 13068.0 1960189
12384.0 11924.0 912974
12480.0 11924.0 10647236
12720.0 11924.0 8479119
13072.0 11924.0 11316043
13152.0 11924.0 3600544
13232.0 11924.0 11794449
13296.0 11924.0 7607626
13392.0 11924.0 4674368
13584.0 11924.0 717764
13808.0 4796.0 1819953
13808.0 5610.0 8530013
13808.0 9328.0 2656485
13808.0 10516.0 8071029
13808.0 11264.0 13139841
13808.0 11704.0 6473797
3120.0 4180.0 11943432
3120.0 5170.0 11879855
3120.0 7040.0 3586826
3120.0 7832.0 8935543
3120.0 8272.0 6998827
3184.0 8492.0 12060183
3248.0 8492.0 8101917
3280.0 9350.0 11770159
3280.0 10076.0 671519
3280.0 10516.0 12496671
3280.0 12012.0 8775367
3280.0 14212.0 9319242
11376.0 6402.0 6129580
3152.0 9240.0 6010774
3152.0 10098.0 6043510
3152.0 12012.0 825349
3152.0 14212.0 4271434
1392.0 7304.0 13315477
1392.0 12012.0 4425221
1392.0 13992.0 2026401
1392.0 14432.0 10264518
1424.0 6336.0 7907762
1520.0 6336.0 8812775
464.0 13992.0 12784660
528.0 14212.0 13477801
7664.0 5390.0 6404068
7664.0 6732.0 2034957
7664.0 7172.0 12329201
5360.0 4796.0 1205266
5360.0 5544.0 3754120
5360.0 7040.0 9947261
5360.0 9658.0 10943526
5392.0 12100.0 6878951
10032.0 6732.0 457726
10192.0 5170.0 3264604
10192.0 6292.0 10358990
3184.0 7040.0 2530130
3344.0 7040.0 7083177
3408.0 7040.0 1606194
3536.0 7040.0 9455853
3648.0 7040.0 3463155
3744.0 7040.0 10325363
4080.0 7040.0 2054953
4592.0 7040.0 13345407
4768.0 7040.0 697624
4880.0 7040.0 6939101
5056.0 7040.0 2603989
5136.0 7040.0 1778504
5216.0 7040.0 326078
9936.0 13508.0 13611041
10096.0 5170.0 13466167
1328.0 12012.0 2287817
1504.0 12012.0 7765577
2144.0 12012.0 1685829
2224.0 12012.0 8059902
2384.0 12012.0 11087453
2480.0 12012.0 5483699
2544.0 12012.0 3759875
2816.0 12012.0 8401969
2976.0 12012.0 2901383
3088.0 12012.0 12641067
3360.0 12012.0 12395518
3440.0 12012.0 2282351
3664.0 12012.0 5358484
3744.0 12012.0 11974378
4016.0 12012.0 4687004
4592.0 12012.0 556339
4784.0 12012.0 262544
4880.0 12012.0 11739661
6992.0 10516.0 221526
7056.0 14432.0 11582944
7136.0 14432.0 3729442
7312.0 14432.0 3953003
9232.0 13508.0 8534880
9232.0 14058.0 8854006
9296.0 8052.0 1748445
9328.0 5170.0 9387371
9328.0 6732.0 8138395
4880.0 5544.0 10111703
4048.0 4180.0 7544694
8304.0 10516.0 212705
9776.0 13508.0 3986688
12592.0 8272.0 11666375
12752.0 8272.0 10432736
12784.0 4906.0 29766
12784.0 5874.0 6930143
7056.0 10516.0 196800
14320.0 4796.0 1361613
14320.0 5236.0 2351693
14320.0 5874.0 5616649
14512.0 11264.0 2953150
14512.0 13288.0 8034094
14512.0 14058.0 6293102
14704.0 11264.0 11645010
14704.0 13288.0 5147687
14704.0 14058.0 6305695
14736.0 4906.0 11863985
14736.0 5874.0 2583972
2928.0 4290.0 7898653
2928.0 5060.0 2679265
3184.0 7832.0 7579021
4592.0 4180.0 12098416
4592.0 5544.0 632670
13072.0 5016.0 9871858
13072.0 5874.0 13368973
13072.0 10516.0 1633539
13072.0 11264.0 9355340
13072.0 13288.0 5575233
13072.0 14058.0 445023
10480.0 6842.0 11096838
10480.0 7612.0 1029978
10480.0 13508.0 5157347
11200.0 6512.0 8999055
11280.0 6512.0 6938326
11536.0 6512.0 1973303
12592.0 6512.0 4026009
6896.0 5170.0 825564
6896.0 6732.0 8137718
7120.0 9988.0 6412168
7120.0 10516.0 2861415
3408.0 4180.0 7380949
3408.0 5280.0 2506710
3408.0 8712.0 11465283
3408.0 9240.0 2984363
3408.0 9922.0 626339
3728.0 10516.0 2581516
7408.0 4796.0 12913539
7408.0 5390.0 3597587
7408.0 6732.0 4752735
7408.0 7172.0 8975340
3568.0 5280.0 12057335
2896.0 8272.0 11625288
2896.0 9240.0 3504764
2976.0 10076.0 9162803
4752.0 4180.0 11631807
4752.0 5544.0 6114126
12720.0 10406.0 9325661
12720.0 11264.0 6417870
12720.0 13288.0 10609321
12720.0 14058.0 8984146
2800.0 9768.0 13298623
2800.0 10296.0 6685973
2800.0 13772.0 4823485
2800.0 14212.0 5019154
2832.0 4290.0 5562337
2832.0 5060.0 5018565
2832.0 8272.0 7537997
2832.0 9240.0 6260815
8112.0 10516.0 3127277
8112.0 14058.0 1726849
8208.0 7832.0 9612705
8208.0 8866.0 5966033
1328.0 7304.0 5845420
1328.0 13992.0 9883533
1328.0 14432.0 7616292
12464.0 11044.0 13317846
12496.0 13288.0 9580750
12496.0 14058.0 2644740
9296.0 13508.0 2876935
9296.0 14058.0 1230716
9456.0 7612.0 4724140
9584.0 7612.0 3703933
9680.0 7612.0 7151922
9744.0 7612.0 11239452
9856.0 7612.0 13656634
10336.0 7612.0 1643718
10416.0 7612.0 4911739
10752.0 7612.0 5470781
5072.0 5544.0 10419258
6512.0 14432.0 4262998
7440.0 10516.0 1812459
7440.0 14168.0 8903879
12368.0 13288.0 4969574
12368.0 14058.0 4500697
13456.0 9328.0 5184365
13584.0 9328.0 4046363
14064.0 9328.0 9114564
15536.0 9328.0 11978460
15616.0 9328.0 7436665
15824.0 9328.0 1177400
16048.0 9328.0 1271882
16176.0 9328.0 7965849
14512.0 4906.0 4480509
14512.0 5874.0 3570787
17520.0 4290.0 10488130
14032.0 11704.0 5366014
14192.0 10516.0 9295023
14192.0 11264.0 6600562
12080.0 14058.0 5716505
12496.0 10516.0 7451846
16656.0 4796.0 9010188
13232.0 10516.0 13752037
13232.0 11264.0 646974
13232.0 13288.0 12341
13232.0 14058.0 3639454
13456.0 5390.0 2592784
10192.0 13508.0 2050317
14320.0 10516.0 798015
14320.0 11264.0 10854696
14320.0 13288.0 7554863
14320.0 14058.0 364167
14448.0 4906.0 6905508
14448.0 5874.0 12136784
14768.0 11264.0 8552248
14768.0 13288.0 9103433
14768.0 14058.0 8016332
14800.0 5874.0 13416687
9872.0 5170.0 200121
9872.0 6732.0 7646132
10128.0 13508.0 3912161
16496.0 11264.0 4769453
16496.0 13288.0 6663725
15376.0 9768.0 11226664
15376.0 11264.0 5092671
15376.0 13288.0 2567984
15376.0 14058.0 2696564
15408.0 6138.0 10349417
6096.0 4796.0 9187613
6096.0 5544.0 1751406
6096.0 9240.0 8682507
6672.0 12320.0 6481175
6672.0 14432.0 11877621
7248.0 4796.0 10868274
7248.0 5390.0 6500266
7248.0 6732.0 8168334
7248.0 7172.0 11342243
8880.0 14168.0 11977264
8944.0 14168.0 5490794
13152.0 14168.0 11024214
13296.0 14168.0 8736656
13392.0 14168.0 2586039
13584.0 14168.0 8119875
14032.0 14168.0 2976223
14608.0 14168.0 1033505
15520.0 14168.0 4459712
15648.0 14168.0 2242288
15760.0 14168.0 12353869
15824.0 14168.0 12756008
15920.0 14168.0 1360846
15664.0 9768.0 6912002
15664.0 11264.0 10081460
15664.0 13288.0 9774398
16144.0 6358.0 8659909
14608.0 4906.0 3142841
14608.0 5874.0 7204010
15504.0 9768.0 10853285
16192.0 9768.0 7021235
5328.0 12320.0 4906182
6064.0 12320.0 6238487
9616.0 13508.0 11562898
9680.0 5170.0 7878193
9680.0 6732.0 3714703
8368.0 10516.0 754214
10416.0 6292.0 1132419
4336.0 4620.0 9234707
5136.0 5544.0 5585863
5216.0 5544.0 704313
5600.0 5544.0 819112
6560.0 5544.0 5175074
6784.0 5544.0 5840904
8848.0 5544.0 12032735
9456.0 5544.0 11445761
9584.0 5544.0 10500680
9744.0 5544.0 1669574
9968.0 5544.0 10230177
13168.0 10516.0 12343497
13168.0 11264.0 12971437
13168.0 13288.0 907070
3344.0 10516.0 5331536
3344.0 14212.0 149766
6544.0 4180.0 2059774
6576.0 4796.0 2872397
6576.0 6732.0 1320818
6736.0 14432.0 9718108
8720.0 8976.0 13296102
8944.0 13508.0 11526885
9456.0 6732.0 100888
3632.0 5280.0 3946726
15536.0 11264.0 97528
15536.0 13288.0 6478288
15600.0 6138.0 7082574
6448.0 14432.0 12047657
1504.0 14432.0 9801771
2000.0 14432.0 11496496
2128.0 14432.0 13301298
2224.0 10604.0 8039401
2256.0 4840.0 604385
2256.0 6160.0 2915614
2256.0 9768.0 10990397
5600.0 6732.0 4960857
6784.0 6732.0 9778035
8848.0 6732.0 3176567
9200.0 6732.0 5834133
9584.0 6732.0 3026365
9744.0 6732.0 9431781
13584.0 5456.0 10893470
14064.0 5456.0 674078
14960.0 4796.0 7007558
15248.0 4796.0 11376815
15536.0 6204.0 13047345
15824.0 6204.0 1617194
16048.0 6204.0 2148756
16208.0 4796.0 2968380
16304.0 4796.0 137291
16592.0 4796.0 2110522
16752.0 4796.0 12632152
12880.0 4906.0 5101221
13232.0 5236.0 6184471
13296.0 4906.0 7284762
15248.0 5874.0 8566330
16176.0 10296.0 7163893
16176.0 11264.0 830672
16176.0 13288.0 6990802
16208.0 6512.0 2726256
13296.0 11264.0 5360726
13392.0 11264.0 7248064
13584.0 11264.0 3413211
14032.0 11264.0 3546105
14608.0 11264.0 7682491
15760.0 11264.0 11463842
15824.0 11264.0 2601956
15920.0 11264.0 6278776
16032.0 11264.0 1766823
2384.0 6160.0 1396715
2384.0 9768.0 7679683
2384.0 10296.0 13089278
2384.0 13992.0 5780487
2224.0 13772.0 5834507
2480.0 13772.0 5021493
2544.0 13772.0 9108189
2960.0 14212.0 584863
3088.0 9240.0 10082986
1504.0 13992.0 12879302
2544.0 9768.0 6796649
2544.0 10296.0 8976668
2544.0 14212.0 12984085
2672.0 4290.0 2855502
2672.0 5060.0 640570
8848.0 7282.0 12448220
8848.0 7832.0 11260425
3088.0 14212.0 5430549
3344.0 5170.0 10012198
3184.0 4180.0 13226596
3184.0 5170.0 6636320
2352.0 4730.0 5412600
8880.0 13508.0 5810373
13296.0 10516.0 982799
13296.0 13288.0 4651044
13328.0 5874.0 6854738
17232.0 14168.0 2952438
17312.0 14168.0 6296022
17424.0 14168.0 7415912
18080.0 14168.0 12334923
18160.0 14168.0 7906368
18240.0 14168.0 13270626
18336.0 14168.0 7116754
18640.0 14168.0 3164330
13392.0 13288.0 12709362
13584.0 13288.0 9589460
14032.0 13288.0 12950876
14608.0 13288.0 4004624
15760.0 13288.0 12485172
15824.0 13288.0 110676
15920.0 13288.0 1035946
16032.0 13288.0 2454872
16704.0 13288.0 9023010
16944.0 13288.0 1388548
17072.0 13288.0 11106791
17232.0 13288.0 1333665
17264.0 4290.0 3755404
15920.0 10296.0 6513819
16064.0 10296.0 11320490
9712.0 13508.0 3684657
17328.0 8976.0 7590628
17968.0 9768.0 5927994
18192.0 9768.0 9645788
18704.0 9768.0 4534064
18928.0 8668.0 1969567
13232.0 5874.0 12131424
14032.0 10516.0 7079326
13584.0 10516.0 11046505
14672.0 5874.0 3927971
13392.0 5874.0 7065999
13392.0 10516.0 12387370
5600.0 4796.0 7708391
17440.0 4400.0 2095138
1888.0 5500.0 5781984
2128.0 6160.0 210794
2128.0 9768.0 37527
2064.0 6160.0 8015660
2480.0 9768.0 13519250
2480.0 10296.0 9707557
2160.0 4840.0 4811980
2064.0 9768.0 12871098
3744.0 5280.0 7514777
18640.0 10428.0 5561618
18704.0 8668.0 1524113
15696.0 5764.0 5103003
9200.0 7392.0 10917028
15824.0 5764.0 3428459
8016.0 4906.0 10560093
9040.0 4796.0 799003
9104.0 4796.0 11109035
18192.0 8668.0 4299057
19024.0 8668.0 10733317
9200.0 7832.0 5146855
6320.0 9020.0 5680288
18224.0 4213.0 11109231
14944.0 10208.0 2821336
1024.0 5808.0 6934997
5872.0 9328.0 4114895
2624.0 5808.0 4383287
8080.0 9460.0 7153779
4848.0 14520.0 9508956
6224.0 14520.0 5421183
6800.0 13750.0 10768035
6800.0 12694.0 2024895
10592.0 11704.0 13056428
12016.0 12848.0 1977245
9360.0 14520.0 3298377
11440.0 14520.0 5067146
6624.0 9680.0 7649443
6048.0 4400.0 5328022
304.0 4213.0 9099273
688.0 14410.0 11478048
7632.0 9680.0 933290
560.0 4092.0 2333649
752.0 4092.0 10612101
6992.0 14520.0 4053438
7408.0 14520.0 7382399
8352.0 9680.0 8146876
14720.0 10208.0 12743020
12736.0 9988.0 8654384
2816.0 9460.0 5981372
8160.0 9680.0 12317834
12608.0 8492.0 13668414
11664.0 9768.0 53273
14496.0 9108.0 9332295
608.0 4708.0 11901042
12480.0 10736.0 6893635
16640.0 7700.0 6976196
14384.0 10208.0 10003947
7712.0 9680.0 3462167
14784.0 10208.0 7533521
16512.0 11044.0 9478995
15392.0 9548.0 443770
5712.0 4092.0 2762169
5840.0 4092.0 8333695
6096.0 4092.0 11483391
6688.0 11924.0 6297773
15952.0 14256.0 12936880
4560.0 4092.0 8147406
4784.0 4092.0 2748677
8416.0 9900.0 480192
6128.0 4092.0 2483409
6576.0 4092.0 9257680
15568.0 9988.0 7069932
944.0 14520.0 3394507
2160.0 14520.0 5433490
15984.0 14146.0 13032059
14224.0 4708.0 10480974
14832.0 4708.0 6978572
14992.0 4708.0 10879071
15376.0 4708.0 3619456
16176.0 4708.0 1940749
16176.0 5478.0 11896202
16560.0 4708.0 8639848
16720.0 4708.0 3591624
16848.0 4708.0 8951323
12944.0 5236.0 3006403
14352.0 5104.0 9824746
16304.0 5742.0 1061838
2448.0 5500.0 1876911
3024.0 9460.0 3339198
8832.0 9680.0 7837611
10992.0 9152.0 12375498
3376.0 14410.0 10139031
13312.0 10208.0 10697980
17136.0 14256.0 13064944
17264.0 13596.0 11541943
13184.0 7920.0 4887735
16736.0 7700.0 11559577
15968.0 9988.0 11019450
15520.0 9548.0 10381194
205.0 13992.0 8693778
16032.0 10516.0 1834865
16064.0 10824.0 3705662
14048.0 9548.0 1763725
14640.0 10208.0 4207129
5232.0 4224.0 5810414
5232.0 4642.0 9025780
6992.0 4708.0 12279408
12304.0 4224.0 11671617
12304.0 4620.0 12343897
13904.0 4708.0 6134518
336.0 4213.0 8195821
336.0 4598.0 4520231
3792.0 4466.0 5344967
3792.0 5104.0 2980866
880.0 4092.0 9446440
2224.0 4092.0 2416710
2608.0 4092.0 7547205
3440.0 4092.0 1339556
17888.0 8888.0 5905103
11232.0 9152.0 3386356
18144.0 9988.0 5228480
15856.0 5016.0 9429285
15856.0 5588.0 1595847
7152.0 4708.0 11123531
7152.0 4884.0 4891303
7280.0 4708.0 6254431
7296.0 4796.0 6440196
7312.0 4708.0 1712808
7568.0 4708.0 13404838
8624.0 4708.0 20713
8912.0 4708.0 9867182
9232.0 4708.0 11694113
9520.0 4708.0 10742308
10576.0 4708.0 2780376
10864.0 4708.0 2354630
7696.0 5104.0 4139806
9072.0 5016.0 2824313
9184.0 5016.0 10779906
10992.0 4708.0 9862109
11120.0 4708.0 4019560
