# C:\Users\gielpa\PycharmProjects\Genetic-Algorithm\data-bak\rl1889.tsp\data
1488.0 14146.0 4119805
1520.0 4180.0 14276602
1520.0 8404.0 165700
1520.0 9262.0 15057710
1520.0 11792.0 12540495
5968.0 4620.0 16565650
5968.0 6490.0 11421397
5968.0 7040.0 4280403
5968.0 7480.0 15774605
5968.0 8448.0 990486
6064.0 9108.0 966425
6160.0 9108.0 12747604
6256.0 9108.0 4629172
6336.0 9108.0 3367703
6416.0 9108.0 16289648
6528.0 9108.0 16897538
6608.0 9108.0 11968044
6768.0 9108.0 9592079
6880.0 9108.0 19093359
6976.0 9108.0 9395049
7088.0 9108.0 19114760
7248.0 9108.0 11353732
7280.0 9636.0 5075684
7280.0 10956.0 15725452
7280.0 12188.0 12894861
7280.0 12628.0 13988294
4720.0 4180.0 892346
4848.0 4400.0 8962826
5008.0 4400.0 4320796
5104.0 4400.0 14228232
17520.0 5126.0 5566179
17520.0 7392.0 7232233
17584.0 7920.0 10730270
17776.0 9526.0 9401412
17776.0 14234.0 5923739
17936.0 5016.0 16302916
17936.0 5940.0 13937987
17936.0 6710.0 6142345
18064.0 7920.0 12212240
18192.0 8690.0 10863961
18192.0 14234.0 10980392
18304.0 7920.0 17301571
18352.0 4180.0 3430332
18352.0 5852.0 2693724
18416.0 7920.0 5058052
18560.0 7920.0 9593669
18608.0 8580.0 18435500
18608.0 14234.0 62114
18704.0 7920.0 1290403
18768.0 5962.0 2378600
880.0 4180.0 2770794
880.0 8404.0 10031063
880.0 9152.0 8905429
880.0 11968.0 55028
1008.0 12188.0 13576830
1040.0 14036.0 2872043
1040.0 14476.0 6303786
5040.0 10472.0 14344849
5040.0 14278.0 9487538
5072.0 9504.0 8630516
5168.0 9504.0 10529999
5264.0 9504.0 262020
5360.0 9504.0 4304160
5456.0 4290.0 15119319
5456.0 4840.0 2555188
5456.0 6600.0 17763693
5456.0 7040.0 1734099
5456.0 7480.0 15720362
5456.0 8646.0 14251277
10544.0 14476.0 4849093
10720.0 14256.0 19493204
10848.0 14256.0 8103802
10928.0 4400.0 13347282
10928.0 6050.0 9013846
10928.0 7964.0 4427490
10928.0 9328.0 15177449
10928.0 10384.0 1252618
10928.0 11110.0 3794947
10928.0 12188.0 7347581
10976.0 14036.0 16963375
11056.0 14036.0 1405190
11168.0 14036.0 5324946
11344.0 14036.0 18552563
11632.0 14036.0 9549628
11840.0 14036.0 18842638
11984.0 14036.0 6765313
12160.0 14036.0 16087150
12368.0 14036.0 19237498
12576.0 14036.0 17382718
12816.0 14036.0 5849957
13120.0 14036.0 12104661
13456.0 14036.0 946320
13648.0 14036.0 13188573
13760.0 14036.0 4722145
13888.0 14036.0 5779300
16496.0 8888.0 6452677
16496.0 9636.0 4193016
16496.0 10406.0 19703464
16496.0 12848.0 938072
16496.0 14036.0 9902258
16560.0 7502.0 1593789
7632.0 9416.0 8054120
7632.0 9944.0 6740852
7632.0 10956.0 10836589
7632.0 12188.0 259744
7632.0 12628.0 5450276
7632.0 14476.0 8643636
7728.0 4840.0 7789090
7728.0 5940.0 8688708
7728.0 6490.0 3664823
7728.0 7260.0 12859853
7728.0 8448.0 15275096
16208.0 7612.0 10150753
16208.0 8360.0 16947732
16208.0 8888.0 13220166
16208.0 9328.0 12667966
16208.0 10626.0 825389
16208.0 12848.0 5937377
16208.0 14036.0 8677197
16272.0 4180.0 7385027
464.0 4400.0 8412415
464.0 8404.0 8020780
464.0 8932.0 12613064
528.0 9152.0 9791200
592.0 9372.0 2828907
592.0 14036.0 3297549
592.0 14476.0 5001369
5392.0 10626.0 13967214
5520.0 4290.0 18051873
5520.0 4840.0 6789864
5520.0 6600.0 6295772
5520.0 7040.0 3337734
5520.0 7480.0 6775151
5520.0 8228.0 19189857
5680.0 4620.0 18516471
5856.0 4620.0 14317913
6160.0 4620.0 6823611
6272.0 4620.0 14114612
6368.0 4620.0 18531010
6528.0 4620.0 9042199
6608.0 4620.0 10186834
6768.0 4620.0 2463143
6880.0 4620.0 14126802
6976.0 4620.0 10957356
7088.0 4620.0 233535
7248.0 4620.0 11910172
7344.0 4620.0 7992270
7568.0 4620.0 12287948
7664.0 4290.0 15974498
7936.0 4620.0 8914003
8032.0 4620.0 10891598
8144.0 4620.0 15431809
8224.0 4620.0 11912600
8304.0 4620.0 15474639
8400.0 4620.0 1042931
8496.0 4620.0 3021635
8624.0 4620.0 4247302
8784.0 4620.0 10407796
8944.0 4620.0 16449618
9072.0 4620.0 2958419
9296.0 4620.0 9229673
9600.0 4620.0 9200201
9712.0 4620.0 14264808
9792.0 4620.0 12313611
9920.0 4620.0 911372
10080.0 4620.0 19503561
10192.0 4620.0 548528
10320.0 4620.0 3681937
10496.0 4620.0 19255375
10608.0 4620.0 10075090
4176.0 4180.0 9838108
4176.0 4620.0 18939263
4176.0 5148.0 3064903
4176.0 8536.0 15686533
6608.0 6490.0 222597
6608.0 7040.0 17824150
6608.0 7480.0 3839965
6704.0 10956.0 5927891
7248.0 6490.0 8267593
7248.0 7040.0 8144433
7248.0 7480.0 489590
7344.0 5940.0 14535646
7568.0 5940.0 15647969
7936.0 5940.0 5049266
8032.0 5940.0 17162896
8144.0 5940.0 7084959
8240.0 5940.0 12833416
8304.0 5940.0 2140240
8400.0 5940.0 8674622
8496.0 5940.0 7199776
8624.0 5940.0 10760818
8784.0 5940.0 16463820
8880.0 5940.0 2282847
8976.0 5940.0 13869791
9072.0 5940.0 4872768
9184.0 5940.0 15519016
9376.0 5940.0 14086366
9600.0 5940.0 14052550
9712.0 5940.0 11455237
9792.0 5940.0 1782519
9920.0 5940.0 11564503
10080.0 5940.0 17291578
10192.0 5940.0 3624728
10320.0 5940.0 7655985
10496.0 5940.0 6143371
10608.0 5940.0 9998295
10672.0 5940.0 18958978
10752.0 5940.0 1082036
11008.0 5940.0 431423
11088.0 5940.0 14114611
11184.0 5940.0 7920279
11328.0 5940.0 18190520
11472.0 5940.0 8523700
11504.0 4400.0 17934393
11504.0 8294.0 15841998
11504.0 10956.0 4811658
11504.0 12078.0 5007268
11776.0 12408.0 5805689
11984.0 12408.0 8654403
12192.0 12408.0 5689391
12368.0 12408.0 10914064
12496.0 12408.0 3261096
12672.0 12408.0 7803633
12816.0 12408.0 5232159
12976.0 12408.0 10830977
13120.0 12408.0 1302620
13440.0 12408.0 16519812
13648.0 12408.0 10242631
13760.0 12408.0 10426889
13888.0 12408.0 7737338
14048.0 12408.0 12130093
14192.0 12408.0 9942417
14320.0 12408.0 13582933
14464.0 12408.0 16952823
14544.0 13068.0 6641322
14544.0 14146.0 4971733
14672.0 12848.0 18397924
14784.0 12848.0 11644557
14992.0 12848.0 636793
15120.0 12848.0 1443828
15344.0 12848.0 4595607
15568.0 12848.0 11446614
15696.0 12848.0 16558167
15856.0 12848.0 14455016
16016.0 12848.0 6530716
16112.0 12848.0 18862361
16272.0 12848.0 12581600
16560.0 12848.0 6460745
16720.0 12848.0 4580926
16960.0 12848.0 6672515
17072.0 7502.0 9935417
17072.0 8470.0 17687217
17072.0 9416.0 17395204
17136.0 5104.0 5640171
17200.0 4180.0 3596121
1840.0 4400.0 13074320
1840.0 8888.0 11914997
1904.0 11132.0 12405970
1936.0 11660.0 14117038
1936.0 14146.0 10786381
2032.0 13596.0 5760284
2240.0 13596.0 12066311
2352.0 13596.0 5649482
2496.0 13596.0 16976562
2640.0 13596.0 3201177
2800.0 13596.0 17463843
2912.0 13596.0 4030125
3072.0 13596.0 460408
3200.0 13596.0 14708418
3344.0 13596.0 15436237
10832.0 8184.0 8177591
10832.0 11110.0 14864798
10832.0 12298.0 9190918
11616.0 5720.0 14922233
11760.0 5720.0 13905082
11888.0 5720.0 17018944
12064.0 5720.0 10116702
12176.0 5720.0 18330876
12240.0 5720.0 848292
12272.0 4180.0 3738108
12272.0 4620.0 11611564
1648.0 8404.0 19357284
1728.0 8624.0 3838222
1904.0 9152.0 13731651
6256.0 6490.0 6875763
6256.0 7040.0 9117407
6256.0 7480.0 12872863
6288.0 10252.0 11473688
6288.0 10956.0 10862948
14608.0 14036.0 8663498
14672.0 14036.0 2164660
14800.0 14036.0 3868020
14992.0 14036.0 17284473
15120.0 14036.0 2074912
15344.0 14036.0 11769468
15440.0 14036.0 11865906
15568.0 14036.0 4007157
15632.0 14036.0 10068692
15696.0 14036.0 2316629
15856.0 14036.0 13894007
16016.0 14036.0 6279370
16112.0 14036.0 7773379
16272.0 14036.0 8251402
16560.0 14036.0 3557298
16720.0 14036.0 16555710
16880.0 14036.0 1605653
16976.0 4796.0 8090418
11168.0 10384.0 17034581
11312.0 10384.0 6854634
11344.0 4400.0 4803442
11344.0 8184.0 17008385
6864.0 6490.0 13313449
6864.0 7040.0 1730368
6864.0 7480.0 6733901
6992.0 10384.0 19811368
7120.0 10956.0 2145699
7168.0 12188.0 7097849
7760.0 12188.0 11401462
7936.0 12188.0 18049041
8048.0 12188.0 17126252
8176.0 12188.0 1463153
8352.0 12188.0 16119598
8432.0 12188.0 15028932
8576.0 12188.0 1785388
8656.0 12188.0 15287977
8720.0 12188.0 7484715
8928.0 12188.0 9154358
9168.0 12188.0 5134936
9312.0 12188.0 13571495
9392.0 12188.0 2313271
9504.0 12188.0 372091
9680.0 12188.0 3951470
9808.0 12188.0 1670079
9872.0 12188.0 18606892
10000.0 12188.0 12268618
10144.0 12188.0 10056232
10224.0 12188.0 6751313
10336.0 12188.0 12527820
10480.0 12188.0 8668951
10576.0 12188.0 12495425
11168.0 12188.0 7341975
11312.0 12188.0 3479599
11408.0 12188.0 12296473
11632.0 4620.0 16725160
11632.0 6380.0 3507325
11632.0 7744.0 9671004
11632.0 11660.0 17843450
17200.0 8360.0 743254
17232.0 7612.0 17657725
1968.0 4400.0 17548540
1968.0 8888.0 12253472
2160.0 9592.0 7952465
2352.0 10032.0 4248833
2352.0 10472.0 4676043
816.0 4180.0 8452013
816.0 8404.0 7921143
816.0 9152.0 19238791
816.0 9812.0 7538500
4496.0 4180.0 19873342
4496.0 4730.0 9950393
4496.0 8800.0 15547558
4496.0 10362.0 12014129
4496.0 14168.0 15676515
7760.0 12628.0 799552
7936.0 12628.0 13328462
8048.0 12628.0 15579309
8176.0 12628.0 7134596
8352.0 12628.0 12374662
8432.0 12628.0 5052410
8576.0 12628.0 2790023
8656.0 12628.0 17073279
8720.0 12628.0 12541116
8864.0 12628.0 12176920
10768.0 5500.0 468354
16336.0 8360.0 19247897
16336.0 8888.0 5090566
16336.0 9328.0 4172929
16336.0 10626.0 12212839
16400.0 7612.0 18143151
6320.0 7480.0 18539121
1168.0 4180.0 10418124
1168.0 8404.0 6217133
1168.0 9152.0 6734106
1200.0 11352.0 13663371
1296.0 11352.0 14475731
1360.0 11352.0 12112969
1424.0 11352.0 851993
1600.0 13816.0 2594785
1808.0 13816.0 7360631
2992.0 14256.0 12750266
6416.0 6490.0 8930802
6416.0 7040.0 5447427
6416.0 7480.0 17156460
8240.0 5500.0 17778202
8304.0 5500.0 6019270
8400.0 5500.0 13760919
8496.0 5500.0 10421187
8624.0 5500.0 7966170
8784.0 5500.0 2947270
8880.0 5500.0 12337551
8976.0 5500.0 16102174
9072.0 5500.0 18693218
9184.0 5500.0 2871745
9376.0 5500.0 839395
9600.0 5500.0 17207072
9712.0 5500.0 3870298
9792.0 5500.0 8422420
9920.0 5500.0 12566701
10080.0 5500.0 2007705
10192.0 5500.0 17793061
10320.0 5500.0 15231689
10496.0 5500.0 9066706
10608.0 5500.0 19760642
10672.0 5500.0 4551710
11056.0 4400.0 9075042
16624.0 10406.0 15177804
16688.0 7502.0 7983756
16688.0 8206.0 16612735
15280.0 4180.0 3541596
15280.0 5016.0 18196439
15280.0 6930.0 4014456
15280.0 8778.0 3866342
15312.0 9746.0 653892
15312.0 10296.0 16733259
15312.0 10846.0 8789320
15312.0 14476.0 6558042
3472.0 9372.0 5637740
3504.0 10472.0 7541539
3504.0 14388.0 2614659
208.0 4400.0 10778801
208.0 9042.0 4230554
320.0 9372.0 19216256
656.0 8932.0 7794135
752.0 8932.0 6673598
944.0 8932.0 12722927
1024.0 8932.0 8666678
1296.0 8932.0 9774667
1360.0 8932.0 12213479
1424.0 8932.0 1389153
1616.0 8932.0 12061371
2288.0 8932.0 14927534
2384.0 8932.0 18812773
2528.0 8932.0 12611330
2640.0 8932.0 18385283
2800.0 8932.0 1080263
2864.0 8932.0 5296491
2960.0 8932.0 1851631
3056.0 8932.0 5022479
3248.0 8932.0 14709487
3344.0 8932.0 255228
3536.0 9592.0 17826514
3696.0 9592.0 7922033
3920.0 9592.0 12488464
4080.0 9592.0 10564037
4288.0 9592.0 17819999
4400.0 10362.0 1052070
4400.0 14168.0 19823868
8240.0 6490.0 8267852
8240.0 7040.0 19411938
8304.0 7788.0 2777002
8400.0 7788.0 8446191
8496.0 7788.0 17466372
8624.0 7788.0 2801979
8816.0 7788.0 1441103
8976.0 7788.0 17166067
9104.0 7788.0 11846064
9216.0 7788.0 16170961
9392.0 7788.0 655569
9520.0 7788.0 1363133
9616.0 7788.0 17768991
9744.0 8668.0 11338821
9744.0 9768.0 16444418
9744.0 11110.0 5390879
9744.0 11660.0 4607061
9744.0 14476.0 4287975
9200.0 14476.0 6455377
9232.0 7260.0 10224041
9296.0 4180.0 18881124
9296.0 6490.0 12185411
9296.0 7040.0 1630791
6992.0 6490.0 17481261
6992.0 7040.0 18853258
6992.0 7480.0 13011688
11760.0 6380.0 9820807
11888.0 6380.0 12625923
12064.0 6380.0 18656085
12176.0 6380.0 12237796
12240.0 6380.0 6190227
12352.0 6380.0 11513093
12432.0 6380.0 8175052
12512.0 6380.0 14280850
12592.0 6380.0 10152964
12688.0 6380.0 17728263
12800.0 6380.0 17567115
12880.0 6380.0 10047436
12960.0 6380.0 18295191
13104.0 6380.0 1276129
13168.0 6380.0 8599832
13248.0 6380.0 15787166
13376.0 6380.0 9682072
13456.0 6380.0 19715679
13536.0 6380.0 8146251
13616.0 6380.0 7890916
13744.0 6380.0 2628827
13888.0 6380.0 15429213
14032.0 6380.0 13333213
14160.0 6380.0 14753222
14352.0 6380.0 10717815
14464.0 6380.0 3213803
14544.0 6380.0 4606944
14608.0 6380.0 11724031
14640.0 4180.0 18182178
14640.0 5016.0 4487603
10160.0 8668.0 17126678
10160.0 11000.0 11792859
10160.0 14476.0 8157130
10320.0 7920.0 6141834
10448.0 7920.0 5373855
12016.0 7920.0 15051663
12096.0 7920.0 7501496
12208.0 7920.0 9648862
12352.0 7920.0 17088598
12512.0 7920.0 11700321
12656.0 7920.0 19730984
12800.0 7920.0 17030079
12880.0 7920.0 9857779
12960.0 7920.0 14232087
13088.0 7920.0 14348860
13360.0 7920.0 5271975
13456.0 7920.0 19794450
13536.0 7920.0 352942
13616.0 7920.0 8816506
13744.0 7920.0 128688
13888.0 7920.0 6607453
14000.0 7920.0 16583228
14064.0 7920.0 18884572
14176.0 7920.0 16092195
14416.0 7920.0 3036073
14688.0 7920.0 2074491
14736.0 6600.0 18170245
13440.0 9108.0 9792170
13808.0 4290.0 4808199
13808.0 4840.0 11734755
13808.0 7150.0 3740540
3760.0 4180.0 15718421
3760.0 4620.0 5504993
3760.0 5148.0 6523137
3760.0 9152.0 18303938
3760.0 10142.0 6805871
3760.0 14278.0 2649713
4688.0 8316.0 1613270
4752.0 8316.0 17232022
4816.0 4840.0 17394732
4816.0 7480.0 14588187
4816.0 8008.0 10340911
8848.0 7040.0 10564616
8848.0 10252.0 11774564
8848.0 14476.0 8883563
8944.0 6820.0 4308921
8976.0 4180.0 16015659
9808.0 4180.0 1810858
9808.0 6490.0 3926296
9808.0 7150.0 1927122
7120.0 6490.0 680540
7120.0 7040.0 15882100
7120.0 7480.0 2656447
7152.0 10076.0 10207935
4016.0 4180.0 15536363
4016.0 4620.0 15718164
4016.0 5148.0 2844187
4016.0 9152.0 4111716
4080.0 10252.0 18696960
4080.0 14278.0 3401708
10032.0 4180.0 17068090
10032.0 6490.0 2408710
10032.0 7150.0 13022705
10112.0 7480.0 111110
10192.0 7480.0 1076611
10320.0 7480.0 1584210
11856.0 13288.0 19740212
5264.0 10626.0 3527673
5552.0 9284.0 15027536
5680.0 9284.0 9837636
5744.0 9284.0 12365297
5776.0 6490.0 9398220
5776.0 7040.0 12179553
5776.0 7480.0 11772183
6512.0 6490.0 19534444
6512.0 7040.0 2173717
6512.0 7480.0 13704625
6576.0 9636.0 3895067
6576.0 10956.0 16613639
1328.0 14476.0 8858457
1392.0 14256.0 16557256
2624.0 14256.0 6492351
2800.0 14256.0 17810605
2912.0 14256.0 6839736
3184.0 14256.0 11897631
3376.0 10692.0 741505
3568.0 4180.0 2468348
3664.0 4180.0 2621610
3920.0 4180.0 17456862
8784.0 4180.0 8699017
9072.0 4180.0 17373266
9600.0 4180.0 14337979
9712.0 4180.0 18006977
9920.0 4180.0 18030293
10192.0 4180.0 14999267
10256.0 4180.0 10334286
11200.0 4180.0 11290537
11856.0 4180.0 13893411
12064.0 4180.0 1442514
12176.0 4180.0 6882068
12384.0 4180.0 5249030
12512.0 4180.0 13376133
12592.0 4180.0 15705513
12672.0 4180.0 19017044
12800.0 4180.0 597998
12880.0 4180.0 137289
12960.0 4180.0 2459286
13104.0 4180.0 9012831
13168.0 4180.0 10217219
13248.0 4180.0 1043825
13376.0 4180.0 1809348
13456.0 4180.0 11349217
13536.0 4180.0 11380540
13888.0 4180.0 14480287
14032.0 4180.0 8431475
14160.0 4180.0 18658090
14368.0 4180.0 19027189
14544.0 4180.0 17222192
14880.0 4180.0 14914129
15008.0 4180.0 3136137
15440.0 4180.0 2278028
15632.0 4180.0 12634569
15744.0 4180.0 10917799
15824.0 4180.0 1930397
15920.0 4180.0 1086576
16080.0 4180.0 14535097
16160.0 4180.0 19483285
16336.0 4180.0 13498428
16560.0 9636.0 19618071
17520.0 9636.0 5286248
17616.0 9636.0 8071433
8368.0 9944.0 16794513
8368.0 10956.0 8859569
8368.0 13816.0 4662988
8368.0 14476.0 11221283
8464.0 6490.0 17293293
8464.0 7040.0 14727100
4240.0 14278.0 4762828
8048.0 6490.0 6924510
8048.0 7040.0 11773355
8048.0 8558.0 15486251
8144.0 9328.0 17519267
8176.0 9944.0 1617441
8176.0 10956.0 4256125
8176.0 13926.0 8869922
8176.0 14476.0 8959087
1616.0 11792.0 13594958
9504.0 10472.0 101247
9584.0 6490.0 5585437
4816.0 10472.0 15120332
4816.0 14168.0 1622327
4912.0 9284.0 9845342
5232.0 4840.0 2596019
5232.0 6600.0 17477951
5232.0 7480.0 17338558
5232.0 8008.0 17577176
5232.0 9064.0 15309383
9328.0 14476.0 15841285
9376.0 9636.0 7334418
8912.0 9636.0 13110876
9008.0 7150.0 13849754
5552.0 10362.0 2790915
5552.0 11000.0 7837010
5584.0 8668.0 11330183
5648.0 6600.0 18049063
5648.0 7040.0 2972486
5648.0 7480.0 19342041
5648.0 8228.0 16896965
9968.0 6490.0 7618379
9968.0 7150.0 7607288
10000.0 8778.0 16808455
10000.0 11000.0 11442079
10000.0 14476.0 4236707
5584.0 6600.0 17205217
5584.0 7040.0 17597955
5584.0 7480.0 5164554
5680.0 10362.0 14982486
5680.0 11000.0 6924077
5856.0 8668.0 19181308
7312.0 8668.0 14128488
7424.0 8668.0 12501014
7568.0 8668.0 19282905
7792.0 8668.0 2202145
7920.0 8668.0 9618517
8624.0 6490.0 4252262
8624.0 7040.0 17006393
7424.0 9944.0 458524
7760.0 9944.0 17880334
8048.0 9944.0 7709385
8432.0 9944.0 16199347
8528.0 9944.0 340437
7952.0 6490.0 18910588
7952.0 7040.0 6139521
8560.0 10956.0 16401756
8560.0 14366.0 3290198
8656.0 8998.0 5979674
6992.0 11748.0 2808329
17968.0 9416.0 16827373
8656.0 10252.0 16941332
8720.0 10252.0 13327551
9104.0 10252.0 16351407
18256.0 4180.0 8208685
18256.0 5852.0 6801119
18288.0 14234.0 11127674
18064.0 5632.0 7390729
9072.0 6490.0 15402819
9072.0 7150.0 19570532
9392.0 14476.0 6014137
8976.0 14476.0 7011297
10096.0 8668.0 11277064
14208.0 8668.0 8138057
14320.0 8668.0 13716919
14864.0 5016.0 7930486
14864.0 6710.0 4549266
14864.0 8448.0 12599268
7664.0 7480.0 1143945
18144.0 6292.0 17655793
9504.0 11660.0 324241
9808.0 14476.0 8101556
14352.0 5016.0 8404578
14464.0 5016.0 4223130
14544.0 5016.0 2826094
15008.0 5016.0 17536530
15440.0 5016.0 3697285
15680.0 5016.0 8652934
15824.0 6600.0 4380051
15824.0 7612.0 5801090
15824.0 8448.0 13577257
15824.0 9108.0 12022314
15824.0 9856.0 8351804
15824.0 10626.0 12971648
15824.0 14476.0 19203258
1040.0 4180.0 3019294
1040.0 8404.0 16459896
1040.0 11660.0 9845269
1104.0 11880.0 6394263
1168.0 11880.0 1622136
1200.0 14036.0 10392200
1200.0 14476.0 17929274
5872.0 10890.0 19129168
5936.0 9416.0 2370935
5936.0 10252.0 11885816
10480.0 9218.0 2295259
10480.0 9856.0 7639868
10480.0 11000.0 11407891
14256.0 9482.0 7493123
14256.0 10912.0 12785530
14256.0 11660.0 8110147
14256.0 13442.0 11613221
14256.0 14366.0 9395562
14320.0 10296.0 2578713
14416.0 10296.0 3176955
14496.0 10296.0 9236213
14768.0 10296.0 7424448
14944.0 10296.0 4571179
15040.0 10296.0 16613851
15120.0 10296.0 6012713
15248.0 10296.0 19178895
15568.0 10296.0 7317307
16016.0 10296.0 9297196
16112.0 10296.0 4019614
16272.0 10296.0 12758957
16560.0 10296.0 18928040
16736.0 10296.0 17677344
16848.0 4180.0 3006162
16848.0 7392.0 10458614
8400.0 6490.0 16996656
8400.0 7040.0 3979662
8432.0 10956.0 6916708
11920.0 4620.0 3089779
10352.0 9218.0 10701175
10352.0 9856.0 2586028
10352.0 11000.0 8054517
10352.0 14476.0 15355239
12624.0 10582.0 18449204
12624.0 11220.0 13468348
12624.0 11660.0 8230494
12688.0 4840.0 3103292
5008.0 4840.0 8361097
5008.0 7480.0 14090929
5008.0 8008.0 4676897
11168.0 11220.0 16327249
11360.0 11220.0 9508103
11984.0 11220.0 14052706
12176.0 11220.0 12038098
12352.0 11220.0 7934127
12496.0 11220.0 2381243
12816.0 11660.0 12112358
12816.0 13222.0 14068456
12816.0 14476.0 4185163
13136.0 7260.0 19438643
13136.0 10318.0 75086
13136.0 11396.0 9267704
13136.0 13222.0 13208996
13168.0 7040.0 15965236
13248.0 7040.0 6020960
13376.0 7040.0 117905
13456.0 7040.0 2173842
13536.0 7040.0 10690947
13616.0 7040.0 12903295
13888.0 7040.0 18286182
14000.0 7040.0 18844733
9712.0 7260.0 14527682
11376.0 12848.0 10425716
7568.0 6490.0 2005422
7568.0 7040.0 9008215
7568.0 7480.0 5672214
7872.0 14476.0 12976849
8048.0 14476.0 14617441
8112.0 14476.0 7962377
8720.0 14476.0 12801920
9504.0 14476.0 11178128
9872.0 14476.0 6743785
10224.0 14476.0 3991697
18768.0 8580.0 103383
18768.0 14234.0 10518613
18912.0 8360.0 11459994
19024.0 6512.0 11928031
12496.0 4840.0 2694436
7984.0 10956.0 16791049
8784.0 6490.0 16795616
5104.0 4840.0 2681200
5168.0 4840.0 10770809
12016.0 4620.0 11718166
12464.0 9988.0 4747900
12464.0 10472.0 5588844
12464.0 11660.0 12855388
11184.0 12848.0 494447
11056.0 12848.0 9757779
656.0 4180.0 15898590
720.0 9812.0 18828351
720.0 14036.0 3489258
720.0 14476.0 2214693
15760.0 6600.0 1499487
15760.0 7612.0 11024583
12096.0 7128.0 16865100
12240.0 10472.0 10356704
7312.0 6490.0 12865514
7312.0 7040.0 12621036
7312.0 7480.0 15213891
13888.0 9328.0 12474441
14320.0 9328.0 10726781
14416.0 9328.0 15212205
14832.0 11044.0 15514062
14832.0 11660.0 14630358
2928.0 9812.0 9584447
2928.0 10472.0 1094893
2992.0 9592.0 11070328
3120.0 9592.0 13756550
3216.0 9592.0 8562941
5136.0 14388.0 9945603
1424.0 8404.0 4689864
848.0 14036.0 3914793
848.0 14476.0 12019913
6768.0 6490.0 12994024
6768.0 7040.0 19831029
6768.0 7480.0 18521836
6832.0 10956.0 16236931
18832.0 6512.0 11966405
18928.0 6512.0 11908389
11984.0 13596.0 2206320
13456.0 13596.0 7463387
13648.0 13596.0 15576330
13760.0 13596.0 9277229
13888.0 13596.0 17216152
14032.0 13596.0 18685428
14064.0 11286.0 11956376
1808.0 11550.0 19467284
6160.0 6490.0 9875011
6160.0 7040.0 18696764
6160.0 7480.0 10297385
6192.0 10252.0 590698
6192.0 10956.0 16956316
7760.0 10956.0 18696803
7440.0 7040.0 10696257
7440.0 7480.0 18433049
12368.0 10472.0 9755935
12368.0 11660.0 15950039
12592.0 4840.0 15894082
15920.0 6600.0 3128816
15920.0 7612.0 18154398
12240.0 11660.0 6657520
12336.0 4620.0 8749908
14416.0 10912.0 5553392
14416.0 11660.0 1394002
17584.0 14234.0 532856
12432.0 4840.0 1626379
17776.0 6094.0 18722879
14320.0 13816.0 1216139
14320.0 14366.0 17500233
16624.0 7502.0 9432000
16624.0 8206.0 8049123
16624.0 9042.0 7427891
13264.0 4840.0 15462087
17648.0 8800.0 247556
18416.0 4180.0 18342416
18416.0 5852.0 583567
18416.0 8580.0 14044428
944.0 4180.0 4060713
944.0 8404.0 4632178
1104.0 14036.0 16922117
1104.0 14476.0 3278132
14320.0 10912.0 3916153
14320.0 11660.0 11588690
14320.0 13068.0 939204
18832.0 5962.0 4460303
14800.0 7040.0 18234695
12880.0 4840.0 18271040
12880.0 10318.0 82688
12880.0 11660.0 4845965
17392.0 4290.0 13349195
17424.0 5126.0 16710058
15120.0 7260.0 8142652
15120.0 8778.0 16074060
15120.0 9746.0 16245353
15120.0 10736.0 7567240
12176.0 4620.0 7679391
15008.0 6820.0 294271
15440.0 6820.0 15551277
8048.0 10956.0 7329025
8144.0 6490.0 18753958
8144.0 7040.0 18301047
13264.0 14476.0 19629236
13776.0 10208.0 708121
13776.0 11286.0 6492399
14032.0 14256.0 907089
15184.0 14476.0 1557896
11984.0 11660.0 8289832
8304.0 6490.0 8414525
8304.0 7040.0 6818695
12784.0 4840.0 4786616
12784.0 10098.0 15242337
18704.0 8580.0 8768779
18704.0 14234.0 10528437
12960.0 10252.0 8110106
13440.0 10252.0 5474579
13616.0 4840.0 4805498
13616.0 9944.0 3835054
3920.0 4620.0 2801225
4624.0 4620.0 5644842
4752.0 7480.0 9054582
4752.0 10472.0 382317
4752.0 14168.0 16892962
3632.0 14168.0 3725273
3920.0 14168.0 16379239
4176.0 14168.0 4923354
4624.0 10362.0 2679476
4656.0 14168.0 2959812
4368.0 8536.0 7603529
4432.0 8536.0 14392314
8720.0 9636.0 3543866
8720.0 10956.0 1739955
13680.0 10472.0 12851955
13680.0 11286.0 18274632
16080.0 9856.0 13657385
16144.0 8360.0 10315899
16144.0 8888.0 8014956
13840.0 10208.0 11714519
13840.0 11286.0 18018348
15440.0 8888.0 16981018
15440.0 9856.0 5428138
15056.0 8778.0 15564170
15056.0 9746.0 12128085
15056.0 10736.0 4120862
4176.0 10252.0 19628060
14928.0 11044.0 12885457
14928.0 11660.0 18778695
16272.0 8360.0 2113670
16272.0 8888.0 4567356
16272.0 9328.0 8135361
17328.0 4180.0 14071524
13552.0 4840.0 8213513
6352.0 6490.0 18274133
6352.0 7040.0 3519055
16464.0 8206.0 19562659
5168.0 10472.0 18837376
5744.0 11000.0 2294468
13168.0 4840.0 10287330
7792.0 7480.0 16886647
18864.0 14234.0 1102386
12976.0 4840.0 12084813
12976.0 11132.0 6605254
12976.0 12848.0 4933442
16016.0 8360.0 15779152
5376.0 8228.0 6093935
15632.0 7612.0 11635644
16016.0 7612.0 14502354
16080.0 7612.0 15178553
5840.0 6490.0 6464457
5840.0 7040.0 19460752
5840.0 7480.0 7229735
5840.0 10252.0 18548472
5936.0 11000.0 11362005
528.0 4180.0 3720890
528.0 8404.0 17128656
2256.0 10472.0 1271046
4688.0 7480.0 4830699
13456.0 4840.0 419268
15248.0 9746.0 12499785
15248.0 10736.0 10009575
15568.0 10956.0 11079408
15696.0 10956.0 9125648
2032.0 4400.0 14375011
15376.0 8668.0 4278199
15568.0 8668.0 437569
13360.0 4840.0 8754470
5104.0 8008.0 8517130
5168.0 8008.0 839204
5104.0 6600.0 667098
5168.0 6600.0 11384454
6064.0 6600.0 9365897
9712.0 6600.0 6836437
16016.0 9328.0 12044913
16016.0 9856.0 9729796
5360.0 7480.0 1957540
13104.0 4840.0 7763755
13888.0 4840.0 13574779
14000.0 4840.0 2715299
5776.0 10252.0 10845267
18608.0 5852.0 13943796
6064.0 10692.0 15057450
8656.0 10692.0 11241875
3920.0 10252.0 14246878
6064.0 10252.0 15794894
6064.0 7040.0 14515379
6064.0 7480.0 4500741
17136.0 7920.0 10661222
5104.0 7480.0 10251501
5168.0 7480.0 13739809
1296.0 8404.0 7981451
1360.0 8404.0 14073816
2544.0 8404.0 7787954
2640.0 9812.0 12846261
2640.0 10472.0 15620263
2128.0 4180.0 9783196
2448.0 10472.0 16782229
3184.0 10472.0 9857864
3664.0 10912.0 12005177
15568.0 9856.0 6814994
11536.0 12848.0 2794502
3920.0 5148.0 649088
3920.0 9152.0 7430851
3024.0 10472.0 767641
10224.0 11000.0 3027807
2784.0 9372.0 8657080
2832.0 9812.0 14617169
2832.0 10472.0 4410604
2000.0 11660.0 785931
1296.0 4180.0 15575617
1392.0 12012.0 12572570
12944.0 14476.0 506463
18128.0 5852.0 984895
18544.0 5852.0 19186260
1488.0 12903.0 11979194
1504.0 12232.0 5572442
1520.0 6292.0 10121016
1520.0 10582.0 19456934
6688.0 9108.0 7085459
7280.0 13761.0 17725867
17520.0 6314.0 7210219
17776.0 11935.0 17070413
18192.0 11517.0 2957771
18352.0 5016.0 9308692
18352.0 7007.0 7812612
18608.0 11407.0 11355792
18768.0 4807.0 15834980
18768.0 7117.0 13084509
880.0 6292.0 5062867
880.0 10670.0 12031812
932.0 12188.0 5739028
1040.0 12991.0 4047898
5040.0 12430.0 14116623
5456.0 5720.0 19874104
10928.0 13343.0 13848035
12928.0 14036.0 8778547
13312.0 14036.0 5580716
10928.0 14124.0 2247259
16496.0 11682.0 5120609
16560.0 5577.0 4865323
7632.0 13552.0 13723501
16208.0 5885.0 12733758
16208.0 11902.0 1280885
16240.0 4400.0 5527092
464.0 6402.0 5494926
592.0 11704.0 5428961
5392.0 12947.0 70402
5520.0 5720.0 18436549
6688.0 4620.0 11988249
7472.0 4620.0 3694887
4176.0 6842.0 9681302
6656.0 9328.0 5652374
6704.0 9889.0 9853582
6704.0 13057.0 13217632
7195.0 9328.0 10375860
7472.0 5940.0 14716716
7648.0 5940.0 14501701
12896.0 12408.0 16240698
13312.0 12408.0 10240825
13536.0 12408.0 1607339
14596.0 12848.0 7095765
15216.0 12848.0 7020398
15472.0 12848.0 7720495
14544.0 12650.0 13243297
17072.0 6127.0 6748233
17072.0 11363.0 10308190
17072.0 13926.0 8117783
17072.0 13002.0 18729991
1840.0 6402.0 4205669
1840.0 10373.0 15867757
1936.0 12749.0 4332924
3440.0 14300.0 3565199
3440.0 13772.0 16903555
10832.0 10164.0 11933700
10832.0 13442.0 17027440
1648.0 6083.0 15814797
1904.0 10252.0 16527776
1904.0 12738.0 747621
6272.0 9328.0 10140553
6288.0 13057.0 7621162
15216.0 14036.0 18208712
16912.0 11242.0 3886696
16912.0 14520.0 11848679
16912.0 14190.0 6304660
16976.0 6094.0 13659686
10896.0 13332.0 7773161
8256.0 12188.0 16423193
7120.0 13596.0 6303281
7120.0 12342.0 11347828
12896.0 12188.0 9608445
13312.0 12188.0 13155413
13536.0 12188.0 14288688
14603.0 12188.0 14524854
17200.0 12265.0 7071134
17264.0 5786.0 10671474
1968.0 6402.0 15343934
2352.0 12034.0 14502525
816.0 6292.0 16664713
816.0 11011.0 991047
955.0 11968.0 8493426
1008.0 13112.0 7303170
4496.0 6688.0 5261649
4496.0 12320.0 9208202
4624.0 14564.0 11603249
7216.0 13816.0 16886638
8256.0 12628.0 15115348
7216.0 12804.0 5738478
10768.0 10164.0 6844924
10864.0 13321.0 7321838
16336.0 11902.0 12296074
16400.0 5687.0 1971349
6304.0 7260.0 11709283
6320.0 13057.0 2734538
1168.0 6292.0 10203860
1168.0 10483.0 2685980
1456.0 13035.0 18063427
6400.0 5500.0 11227145
6416.0 9900.0 7253348
6416.0 13057.0 15741281
6688.0 5500.0 3890903
7472.0 5500.0 10954537
7648.0 5500.0 5566903
16624.0 11682.0 6670396
16688.0 5577.0 4180330
15280.0 5808.0 1093167
15296.0 9328.0 8937213
15312.0 11902.0 13458615
3472.0 6457.0 9202259
3488.0 9812.0 702440
3504.0 12650.0 18974839
208.0 6666.0 11894163
368.0 12188.0 18427152
368.0 9548.0 960715
384.0 8932.0 11781755
2720.0 8932.0 5090138
3136.0 8932.0 1472371
3440.0 6292.0 3771643
3840.0 9592.0 14114672
4000.0 9592.0 3053991
3440.0 8778.0 13122134
4400.0 12320.0 13306746
9744.0 13552.0 7009660
9200.0 13552.0 19791998
7008.0 9856.0 14381839
7039.0 11440.0 6011795
7056.0 13222.0 37346
7056.0 11616.0 11879112
10800.0 10164.0 3608514
10800.0 13442.0 16008270
14640.0 5819.0 18151481
10160.0 10054.0 14262694
10160.0 13552.0 2754672
14592.0 7920.0 14179536
14736.0 5808.0 7996419
14736.0 7381.0 10207595
10960.0 13222.0 18257663
13328.0 9108.0 14364476
13536.0 9108.0 5085440
13808.0 5610.0 4987399
3760.0 7150.0 4951681
3760.0 12210.0 18077184
4560.0 12320.0 15183073
4816.0 6160.0 6943259
8848.0 13552.0 9154306
9648.0 13552.0 7277816
7184.0 13541.0 1243121
4016.0 7150.0 17770057
4048.0 9372.0 17226734
4080.0 12210.0 12621253
5264.0 12947.0 17902533
15216.0 13596.0 14105965
6576.0 13057.0 12528795
3216.0 12023.0 7756125
3216.0 14454.0 14847055
3536.0 4092.0 4514351
3536.0 6545.0 17931039
3840.0 4180.0 9386331
6688.0 4180.0 17615259
7472.0 4180.0 7481469
13840.0 4092.0 9173584
15136.0 4180.0 13895118
15520.0 4180.0 3970058
16368.0 4092.0 8865296
16368.0 5775.0 11502378
17936.0 11814.0 8083341
4240.0 6842.0 18942765
4240.0 12210.0 106183
1456.0 4092.0 18471210
1616.0 6171.0 5617260
1616.0 10692.0 6726153
1616.0 12804.0 14172260
9136.0 13552.0 2651940
9408.0 10472.0 15975936
4816.0 12430.0 12541002
5232.0 5720.0 13530910
9328.0 13552.0 6518430
8912.0 13552.0 15973297
5552.0 12947.0 15647926
5648.0 5830.0 3881218
9984.0 7480.0 18850840
10000.0 10164.0 6273830
10000.0 13552.0 4796162
5584.0 5720.0 8031502
5584.0 12947.0 8787769
5680.0 12947.0 4058884
6688.0 8668.0 13581347
8224.0 8668.0 17239077
7344.0 13761.0 12540471
8256.0 9944.0 10413059
7312.0 13761.0 3816291
7520.0 9416.0 12360990
8560.0 13442.0 8504942
6992.0 13321.0 11880857
17712.0 6061.0 383698
17968.0 11825.0 2633560
8592.0 13442.0 10289754
18256.0 5016.0 10660181
18272.0 6072.0 9339408
18288.0 6875.0 1870672
18288.0 11517.0 913457
9232.0 13552.0 15626039
18064.0 6776.0 1140458
18064.0 11517.0 18466694
18128.0 4488.0 7342565
18128.0 5148.0 5870144
8880.0 13552.0 18907438
9168.0 13552.0 6279511
9392.0 13552.0 4371709
8976.0 13552.0 19545717
9008.0 13552.0 1192251
9296.0 13552.0 18108843
13328.0 8668.0 6388173
13536.0 8668.0 2787957
14592.0 8668.0 11391203
14864.0 5808.0 16783142
14864.0 7634.0 348727
7664.0 13552.0 2457679
18096.0 6985.0 5843637
18096.0 11517.0 3597239
18192.0 5016.0 3308784
1200.0 6292.0 5385180
1200.0 10362.0 14456402
1584.0 12804.0 13323796
18160.0 7106.0 5029899
18160.0 11517.0 12211739
18224.0 5016.0 6219415
9808.0 13552.0 13590701
15136.0 5016.0 10649122
15520.0 5016.0 1218458
15824.0 5687.0 2120150
15824.0 11902.0 14947136
15856.0 5016.0 11368812
1040.0 6292.0 16572883
1040.0 10626.0 4677787
1200.0 12837.0 9605079
5872.0 12947.0 18948808
5904.0 10472.0 13574683
10480.0 13552.0 19421888
13328.0 8888.0 4933225
13536.0 8888.0 16551843
14608.0 10296.0 13460084
15472.0 10296.0 19759407
16784.0 11451.0 16487404
16848.0 5786.0 14010363
8416.0 9548.0 18554046
8432.0 13552.0 11026245
10352.0 13552.0 17030223
10400.0 8888.0 2142295
5008.0 6160.0 5881782
5040.0 8228.0 12795397
5072.0 12430.0 17451153
17680.0 6204.0 1844069
17904.0 11935.0 8276714
3280.0 6347.0 18644488
3296.0 9152.0 5993453
3312.0 12144.0 4514342
9904.0 10164.0 12136030
11952.0 10131.0 17438132
7584.0 9108.0 5952136
7600.0 13673.0 8393995
7600.0 14564.0 8042850
10768.0 14564.0 5522814
18768.0 11407.0 15805313
19024.0 5027.0 8087401
19024.0 7667.0 4179231
8224.0 9108.0 1429373
9552.0 13552.0 15818930
6688.0 4840.0 3646588
7472.0 4840.0 13167687
7648.0 4840.0 3831365
12411.0 9548.0 1963962
6688.0 4400.0 13492762
7472.0 4400.0 10789326
10384.0 13552.0 3342913
656.0 6292.0 1623033
720.0 11924.0 19870841
15760.0 5808.0 3232556
15760.0 11902.0 8366618
15792.0 4708.0 12451326
7200.0 9636.0 8963788
7472.0 13761.0 9187040
12443.0 7128.0 11046359
176.0 6666.0 15921949
336.0 12133.0 9213064
6688.0 5060.0 3636878
7472.0 5060.0 13957689
7648.0 5060.0 12377947
10992.0 13222.0 16430096
6688.0 5280.0 10229012
7472.0 5280.0 9009011
7648.0 5280.0 858217
7344.0 9108.0 3676137
7376.0 13761.0 19734299
3728.0 7150.0 8771731
3728.0 12210.0 5588182
13328.0 9328.0 14396758
13536.0 9328.0 4977256
13744.0 5610.0 9419362
14592.0 9328.0 15761294
10448.0 13552.0 3973101
2928.0 12034.0 10570625
3408.0 6347.0 6184957
4976.0 6160.0 17046501
4976.0 12430.0 11399408
5168.0 14520.0 13210247
1424.0 6083.0 6328364
1424.0 10362.0 9892363
1648.0 12683.0 12961477
10112.0 9328.0 15422034
10128.0 10043.0 3316434
10128.0 13552.0 9194882
688.0 6292.0 7568927
848.0 10769.0 722170
848.0 13002.0 3151779
15728.0 14564.0 1565669
15984.0 14564.0 6785174
9936.0 10164.0 4427724
9936.0 13552.0 4345669
6800.0 9548.0 12042503
6832.0 13057.0 19178642
10064.0 10043.0 15856373
10064.0 13552.0 14247007
5264.0 5720.0 896402
5296.0 8448.0 13723014
5328.0 12947.0 11443438
4896.0 5368.0 17865211
4912.0 6303.0 15361621
4912.0 12430.0 4017507
9712.0 13552.0 9116165
18800.0 7205.0 11301858
18800.0 11407.0 3877412
19152.0 5082.0 2879574
19152.0 6336.0 12448911
12928.0 13596.0 19903827
13312.0 13596.0 17405731
14064.0 5280.0 13904133
1488.0 6292.0 6596484
1808.0 10395.0 7057842
1808.0 12738.0 17738757
4528.0 6567.0 4411281
4528.0 12320.0 3832053
6176.0 9328.0 12982709
6192.0 13057.0 15266001
7760.0 13552.0 1679378
8816.0 13552.0 15283459
6608.0 13057.0 3975767
9104.0 13552.0 2571426
7024.0 13376.0 4548327
7024.0 11924.0 4303185
9680.0 13552.0 19817033
7408.0 6820.0 15431760
7440.0 13761.0 15217948
10736.0 10164.0 19802583
10736.0 13442.0 9636016
15888.0 11902.0 13798319
15904.0 7832.0 13053951
15920.0 5390.0 11152371
12288.0 11440.0 10582235
12336.0 5390.0 5259197
17520.0 12265.0 10534992
17616.0 6204.0 1837003
17584.0 11935.0 13611118
17648.0 6204.0 10850870
624.0 6292.0 16271167
1776.0 10516.0 10417177
1776.0 12738.0 3957834
17840.0 11935.0 10666385
14128.0 5280.0 597548
16656.0 11682.0 13850690
18000.0 6930.0 10966972
16560.0 11682.0 9996019
16592.0 9416.0 19076292
16624.0 5577.0 2743705
13264.0 5610.0 3411863
10032.0 10164.0 16267296
10032.0 13552.0 11853584
17616.0 11935.0 16264982
18363.0 8800.0 210978
18416.0 5016.0 16962678
18416.0 6886.0 14632137
944.0 6292.0 2282135
1104.0 10505.0 562844
1104.0 12958.0 17994376
12928.0 13288.0 4764676
13312.0 13288.0 962063
17648.0 11935.0 11534217
18832.0 4807.0 13595598
18832.0 7447.0 15097770
14768.0 7623.0 16929576
14832.0 5808.0 18844433
12880.0 5610.0 2129167
7376.0 7260.0 2882824
7408.0 13761.0 10017079
17408.0 4708.0 19809393
17424.0 6314.0 19038386
17424.0 12265.0 13023236
10512.0 13552.0 3853202
15120.0 11792.0 10614015
15172.0 7040.0 8250449
15312.0 5808.0 3945908
16496.0 5522.0 19478171
16496.0 7216.0 12523473
17872.0 11935.0 18460090
7152.0 13541.0 16218649
18032.0 6809.0 416568
18032.0 11517.0 9232553
15136.0 6820.0 13854329
15520.0 6820.0 16412831
15664.0 5808.0 1207409
17296.0 6193.0 16299796
17296.0 12265.0 12879643
16528.0 5577.0 2685209
17328.0 12265.0 18038313
8096.0 9636.0 977640
13332.0 14256.0 9845773
13776.0 5610.0 40137
9520.0 13552.0 3922283
9536.0 7260.0 13995568
11984.0 10274.0 8960613
8320.0 9328.0 9591
12068.0 10472.0 10072588
12784.0 5610.0 2970392
18704.0 6875.0 1918404
18704.0 11407.0 8538241
18864.0 4807.0 6159652
13328.0 10252.0 4468186
13547.0 10252.0 2861114
13616.0 5610.0 3928585
17808.0 11935.0 6257389
3840.0 4620.0 6194598
4752.0 5929.0 13359032
4752.0 12430.0 13820853
3840.0 14168.0 2951186
4624.0 6314.0 9177804
4624.0 12441.0 14387899
4080.0 6963.0 10842365
4848.0 12430.0 14027160
1712.0 6083.0 19140282
1712.0 10637.0 6339346
1840.0 12738.0 11398882
8720.0 13552.0 13871464
13584.0 14564.0 19688707
13680.0 5610.0 14203525
15248.0 14564.0 14755050
15472.0 14564.0 5387076
16080.0 11902.0 13124711
16144.0 5896.0 13776706
14160.0 5280.0 6189481
17040.0 11242.0 6804033
17040.0 13871.0 12927002
17104.0 6248.0 2920596
15344.0 11902.0 13111257
15440.0 5808.0 16975602
15440.0 7634.0 7997118
15056.0 11792.0 6722695
15344.0 5808.0 14053
4176.0 12210.0 18553262
4192.0 9812.0 9955215
4208.0 6842.0 6526398
18224.0 11517.0 14103033
18320.0 5016.0 18761619
18320.0 6886.0 13007497
14992.0 5808.0 14098896
14992.0 7634.0 18482851
16272.0 11902.0 8847
16304.0 7832.0 750059
16336.0 5896.0 12709192
9488.0 13552.0 10281159
16944.0 5973.0 2213270
16944.0 11242.0 8672896
16944.0 13871.0 3687103
17072.0 4092.0 4835472
17072.0 4466.0 9519510
17488.0 4092.0 17339509
13504.0 8448.0 15357502
13552.0 5610.0 10611394
14704.0 5808.0 10601354
15024.0 11825.0 1026887
10320.0 13552.0 12885562
10576.0 13442.0 7888040
6368.0 9328.0 2865018
6384.0 9889.0 10592770
6384.0 13057.0 1666670
13312.0 11660.0 18306408
13536.0 11660.0 4799892
14624.0 11660.0 18441785
16368.0 11902.0 3963900
16464.0 5687.0 5680213
4368.0 6842.0 14064733
5744.0 12947.0 15103626
13168.0 5610.0 19114903
16720.0 5577.0 4916717
17136.0 12265.0 4993006
18864.0 7425.0 14437326
18864.0 11407.0 7870593
19056.0 5027.0 12986411
12907.0 13068.0 6759739
12976.0 5610.0 976957
13312.0 13068.0 8384717
15952.0 5390.0 4953083
17456.0 12265.0 12928707
5296.0 5720.0 18058416
6688.0 8228.0 11053720
8224.0 8228.0 1810433
15600.0 5808.0 7612710
16752.0 11572.0 3076333
5936.0 12947.0 6729048
528.0 6292.0 5711975
2256.0 12034.0 5927404
5968.0 12947.0 12982894
4688.0 6050.0 14345037
5488.0 12947.0 2848752
13456.0 5610.0 10246966
14928.0 5808.0 7690557
14944.0 7040.0 11746900
14960.0 7623.0 8512513
4432.0 6688.0 5262235
5520.0 12947.0 10530679
15248.0 5808.0 9195071
15472.0 10956.0 19873288
16464.0 11781.0 2275725
1776.0 4202.0 1327612
2064.0 6281.0 7788513
2064.0 11594.0 6031393
14896.0 5808.0 16020516
14896.0 7634.0 1972491
15792.0 11902.0 13591899
14560.0 7260.0 4935603
13360.0 5610.0 10834131
13392.0 8360.0 945962
4560.0 6435.0 9011627
6688.0 8008.0 678935
8224.0 8008.0 8832767
9968.0 10164.0 17792647
9968.0 13552.0 446815
5040.0 5841.0 2473916
6688.0 6600.0 15357655
7472.0 6600.0 4898865
7648.0 6600.0 18014899
15136.0 6600.0 15393193
15520.0 6600.0 5825240
16016.0 11902.0 13638439
16016.0 14564.0 13879970
16032.0 14476.0 4514624
16048.0 14564.0 5661627
4928.0 5060.0 10896155
4944.0 6149.0 3309357
4944.0 12430.0 5098378
14592.0 8448.0 4463462
15856.0 11902.0 5812263
5328.0 5720.0 13137393
5344.0 6820.0 17797108
5360.0 12947.0 4879306
12368.0 5379.0 3645841
14032.0 5489.0 6090458
15216.0 13816.0 18976074
5760.0 9592.0 13537225
5776.0 12947.0 672368
9040.0 13552.0 19661178
4848.0 6160.0 3800657
4864.0 8228.0 4157326
4880.0 12430.0 6906079
18576.0 6875.0 2047077
18576.0 11407.0 3035577
18592.0 6072.0 1822775
18608.0 4807.0 10295303
16816.0 5665.0 7119960
16816.0 11242.0 12669889
16880.0 4092.0 9201028
2864.0 6347.0 4696858
2880.0 9152.0 10217767
2896.0 12034.0 15542389
18928.0 7546.0 13524903
18928.0 11407.0 14047402
18992.0 4862.0 5758581
18992.0 5896.0 9567831
6496.0 10692.0 16203339
8256.0 10692.0 11040777
9403.0 10692.0 12674033
9456.0 13552.0 5818808
15696.0 5808.0 13403406
15696.0 11902.0 12515352
16880.0 5819.0 8381212
16880.0 11242.0 2728351
16911.0 4488.0 18177158
16944.0 4070.0 5945836
16944.0 4312.0 1083162
3216.0 6347.0 15791720
3840.0 10252.0 5580044
6352.0 13057.0 13482340
13904.0 5610.0 2682450
6116.0 11220.0 15230513
6496.0 11220.0 12518359
8256.0 11220.0 19856195
9819.0 11220.0 15772013
9872.0 13552.0 17143316
17104.0 12265.0 9864069
17168.0 6248.0 16472696
17168.0 12265.0 16029870
17232.0 5786.0 10439121
4656.0 6171.0 14258808
6688.0 7480.0 19720707
6688.0 8888.0 13357427
8224.0 8888.0 2381641
10288.0 13552.0 9767684
17744.0 11935.0 7729149
9616.0 13552.0 10862083
17232.0 12265.0 10531010
17328.0 6314.0 5939676
18896.0 7546.0 2334958
18896.0 11407.0 16649001
19088.0 4972.0 4959428
19088.0 6116.0 10489304
304.0 12133.0 9764690
372.0 8404.0 3245441
2455.0 8404.0 3288032
2512.0 6028.0 9639139
2512.0 8228.0 6690809
2640.0 12034.0 18407278
5680.0 5841.0 11845315
6688.0 6380.0 7552359
7472.0 6380.0 16315557
7648.0 6380.0 17778547
10704.0 10164.0 2204820
10704.0 13442.0 11991725
4304.0 6842.0 13956689
4304.0 12210.0 12196437
2128.0 6292.0 8335510
2448.0 12034.0 4445870
3184.0 12034.0 1487180
3568.0 6666.0 18213835
3664.0 12540.0 12277308
5424.0 5720.0 11752512
6688.0 7040.0 12016040
7648.0 7040.0 11852616
15568.0 11902.0 3997204
15600.0 7832.0 19248352
15632.0 5808.0 11032741
16112.0 11902.0 15467511
16176.0 5896.0 12321365
5392.0 5720.0 12955161
6688.0 8448.0 19458764
8224.0 8448.0 9531047
4592.0 6314.0 11219199
4656.0 12320.0 17121641
3920.0 7150.0 9185813
3920.0 12210.0 11994206
14192.0 5280.0 7725868
2384.0 6083.0 7167487
2432.0 9372.0 4632046
2480.0 12034.0 8875886
2928.0 6347.0 11838454
3024.0 12034.0 4987415
5168.0 5720.0 16176533
6496.0 11000.0 13417160
8256.0 11000.0 3167495
9824.0 11000.0 15744859
2544.0 6083.0 2229073
2832.0 12034.0 18902181
1808.0 6402.0 1595530
2000.0 10626.0 1850075
2000.0 12628.0 6424771
2000.0 4092.0 9474226
2192.0 6171.0 2301914
2192.0 12034.0 8282562
11264.0 9548.0 10108556
8656.0 13552.0 1764316
1008.0 6292.0 956520
1008.0 10747.0 17389528
1168.0 12958.0 19734688
1296.0 6292.0 483977
1296.0 10362.0 10353220
1392.0 13024.0 15471761
1360.0 6083.0 8343308
1360.0 10362.0 641186
1552.0 12793.0 17299876
2032.0 6402.0 17750886
2224.0 12034.0 16312497
592.0 6292.0 13565144
752.0 11924.0 8762394
1744.0 6083.0 2205206
1744.0 10516.0 2296537
2032.0 12507.0 14470790
4336.0 12210.0 16329817
5104.0 5720.0 1851285
2096.0 6292.0 11831057
2288.0 12034.0 7820159
3056.0 6347.0 14238215
3088.0 9152.0 11495634
3120.0 12034.0 6471346
3248.0 6347.0 12716817
3840.0 10032.0 19760108
3995.0 10032.0 11344789
4048.0 12210.0 265790
3472.0 14520.0 2719771
3840.0 14388.0 16392172
4272.0 6842.0 2757811
4272.0 12210.0 18670538
4368.0 14520.0 14205069
17552.0 14443.0 10595831
18416.0 14234.0 17443911
2544.0 12034.0 16403139
2960.0 6347.0 4601382
12896.0 14256.0 5636938
13232.0 14564.0 13931213
13360.0 14564.0 19118565
12752.0 14564.0 2795455
13008.0 14564.0 14643684
8256.0 13816.0 1787580
2992.0 6347.0 7713663
3056.0 12034.0 8197086
2640.0 4092.0 7814022
2720.0 4180.0 5929050
2800.0 6435.0 2126385
2800.0 12034.0 19803254
17136.0 6248.0 2305814
17264.0 12265.0 15844760
16784.0 5577.0 7776771
17008.0 11242.0 9692589
17008.0 13871.0 6235944
3088.0 12034.0 10324836
3344.0 6347.0 12442421
2288.0 6083.0 6449252
2715.0 9152.0 18002165
2768.0 12034.0 17171779
3344.0 12133.0 12152443
3696.0 7150.0 2738281
1936.0 6402.0 17577239
2459.0 8712.0 12748606
2512.0 12034.0 483340
16432.0 5687.0 2055715
16976.0 11242.0 13919499
16976.0 13871.0 5115319
16080.0 5896.0 4011631
16720.0 11572.0 8157914
3376.0 12254.0 17248181
3840.0 9152.0 14442603
4048.0 7271.0 8415493
3632.0 7029.0 26080
3632.0 12540.0 2706423
3840.0 5148.0 8721635
15728.0 5808.0 12878103
16688.0 11561.0 11290958
15376.0 5808.0 11812836
15376.0 7634.0 15589876
16432.0 11902.0 552873
13392.0 5610.0 13207888
12816.0 5610.0 14106321
13328.0 10472.0 19325568
13552.0 10472.0 4461315
13104.0 5610.0 4610232
13312.0 11352.0 9633960
13536.0 11352.0 17882240
12800.0 10692.0 6337378
13328.0 10692.0 5617098
13547.0 10692.0 19539273
13232.0 5610.0 1395455
13316.0 10912.0 7148994
13536.0 10912.0 13373047
13328.0 9944.0 19703738
13536.0 9944.0 4457182
13520.0 5610.0 6725200
14592.0 8228.0 12352901
12944.0 5610.0 4066185
13312.0 11132.0 3490417
13536.0 11132.0 6849313
15024.0 5808.0 4789121
15024.0 7634.0 4905326
15472.0 10736.0 10615582
16400.0 11902.0 1692546
17552.0 6314.0 9390741
18992.0 11286.0 12664563
14672.0 5808.0 6701847
16144.0 11902.0 5971160
14592.0 9108.0 4697507
14880.0 9108.0 12825679
15920.0 11902.0 12826
400.0 14520.0 10350476
485.0 14036.0 18074533
928.0 14036.0 19288875
1296.0 14036.0 8210511
400.0 14212.0 11919967
432.0 14564.0 15773837
500.0 14476.0 1698044
928.0 14476.0 16121907
2672.0 14564.0 1740657
14592.0 8888.0 9361735
14880.0 8888.0 2989826
15952.0 11902.0 15642235
13872.0 5610.0 8071367
14592.0 9636.0 11909336
15376.0 11902.0 5048834
15392.0 14256.0 13133126
12896.0 12848.0 11864437
13312.0 12848.0 4756119
10224.0 10153.0 18728077
10224.0 13552.0 2312735
17712.0 11935.0 6393933
18128.0 7106.0 2900465
18128.0 11517.0 4688710
17360.0 6314.0 1531544
17360.0 12265.0 8311602
18160.0 4092.0 6217151
18491.0 4180.0 6932356
18544.0 4895.0 14709031
18544.0 6886.0 12061522
18544.0 11407.0 7735195
13968.0 9108.0 953925
14000.0 5610.0 18067550
18096.0 4543.0 755049
18688.0 5852.0 19094713
18960.0 7546.0 6953673
18960.0 11407.0 15779704
13712.0 5610.0 5950936
2160.0 6292.0 12501772
3600.0 12540.0 9842133
17392.0 6314.0 14355394
