# C:\Users\gielpa\PycharmProjects\Genetic-Algorithm\data-bak\st70.tsp\data
64.0 96.0 884
80.0 39.0 4019
69.0 23.0 3774
72.0 42.0 3294
48.0 67.0 1872
58.0 43.0 119
81.0 34.0 4194
79.0 17.0 2835
30.0 23.0 3717
42.0 67.0 2209
7.0 76.0 3933
29.0 51.0 2385
78.0 92.0 1358
64.0 8.0 886
95.0 57.0 3617
57.0 91.0 3061
40.0 35.0 2709
68.0 40.0 324
92.0 34.0 3061
62.0 1.0 177
28.0 43.0 1959
76.0 73.0 2316
67.0 88.0 3212
93.0 54.0 2788
6.0 8.0 336
87.0 18.0 553
30.0 9.0 1290
77.0 13.0 4394
78.0 94.0 3129
55.0 3.0 4444
82.0 88.0 4114
73.0 28.0 1962
20.0 55.0 3215
27.0 43.0 3306
95.0 86.0 595
67.0 99.0 1300
48.0 83.0 2603
75.0 81.0 241
8.0 19.0 3232
20.0 18.0 1192
54.0 38.0 561
63.0 36.0 1255
44.0 33.0 380
52.0 18.0 182
12.0 13.0 4146
25.0 5.0 1992
58.0 85.0 2573
5.0 67.0 2347
90.0 9.0 2143
41.0 76.0 1752
25.0 76.0 3185
37.0 64.0 1519
56.0 63.0 3635
10.0 55.0 2272
98.0 7.0 918
16.0 74.0 1759
89.0 60.0 1508
48.0 82.0 1493
81.0 76.0 2061
29.0 60.0 1513
17.0 22.0 3438
5.0 45.0 3416
79.0 70.0 1164
9.0 100.0 1502
17.0 82.0 4160
74.0 67.0 2600
10.0 68.0 2790
48.0 19.0 1866
83.0 86.0 1118
84.0 94.0 855
