# C:\Users\gielpa\PycharmProjects\Genetic-Algorithm\data-bak\ts225.tsp\data
4000.0 4000.0 505702
4000.0 4500.0 404171
4000.0 5000.0 185178
4000.0 5500.0 1508563
4000.0 6000.0 282394
4000.0 6500.0 604847
4000.0 7000.0 1799141
4000.0 7500.0 379604
4000.0 8000.0 867215
4000.0 8500.0 300264
4000.0 9000.0 424589
4000.0 9500.0 1851237
4000.0 10000.0 147314
4000.0 10500.0 1580619
4000.0 11000.0 1660245
4000.0 11500.0 1144451
4000.0 12000.0 1220986
4000.0 12500.0 1701266
4000.0 13000.0 1107499
4000.0 13500.0 965693
4000.0 14000.0 224951
4000.0 14500.0 920487
4000.0 15000.0 798123
4000.0 15500.0 944004
4000.0 16000.0 1227053
7000.0 4000.0 1089796
7000.0 4500.0 1479913
7000.0 5000.0 1388144
7000.0 5500.0 1658019
7000.0 6000.0 266885
7000.0 6500.0 655388
7000.0 7000.0 1425650
7000.0 7500.0 132260
7000.0 8000.0 629937
7000.0 8500.0 743258
7000.0 9000.0 913156
7000.0 9500.0 1405502
7000.0 10000.0 1728660
7000.0 10500.0 1142863
7000.0 11000.0 773477
7000.0 11500.0 1018440
7000.0 12000.0 1393561
7000.0 12500.0 912414
7000.0 13000.0 1867753
7000.0 13500.0 1855336
7000.0 14000.0 26419
7000.0 14500.0 582614
7000.0 15000.0 891993
7000.0 15500.0 1333220
7000.0 16000.0 1641768
10000.0 4000.0 1053962
10000.0 4500.0 770201
10000.0 5000.0 1037402
10000.0 5500.0 397007
10000.0 6000.0 1105028
10000.0 6500.0 1745069
10000.0 7000.0 6471
10000.0 7500.0 1786739
10000.0 8000.0 1128595
10000.0 8500.0 1233594
10000.0 9000.0 368221
10000.0 9500.0 74654
10000.0 10000.0 1387088
10000.0 10500.0 370176
10000.0 11000.0 1640424
10000.0 11500.0 1010420
10000.0 12000.0 537594
10000.0 12500.0 1657177
10000.0 13000.0 458318
10000.0 13500.0 53506
10000.0 14000.0 587839
10000.0 14500.0 1059512
10000.0 15000.0 260586
10000.0 15500.0 328382
10000.0 16000.0 38269
13000.0 4000.0 1131215
13000.0 4500.0 1546078
13000.0 5000.0 1837610
13000.0 5500.0 435150
13000.0 6000.0 1544682
13000.0 6500.0 1433102
13000.0 7000.0 1551232
13000.0 7500.0 1706531
13000.0 8000.0 361751
13000.0 8500.0 1486371
13000.0 9000.0 1515750
13000.0 9500.0 168757
13000.0 10000.0 1853763
13000.0 10500.0 1162763
13000.0 11000.0 955154
13000.0 11500.0 1511430
13000.0 12000.0 660286
13000.0 12500.0 1034667
13000.0 13000.0 1591123
13000.0 13500.0 52011
13000.0 14000.0 1403207
13000.0 14500.0 1712200
13000.0 15000.0 826360
13000.0 15500.0 261046
13000.0 16000.0 1671263
16000.0 4000.0 853037
16000.0 4500.0 124237
16000.0 5000.0 851476
16000.0 5500.0 380220
16000.0 6000.0 1217756
16000.0 6500.0 438682
16000.0 7000.0 712602
16000.0 7500.0 1697763
16000.0 8000.0 665639
16000.0 8500.0 1258038
16000.0 9000.0 586385
16000.0 9500.0 1839391
16000.0 10000.0 602631
16000.0 10500.0 1433267
16000.0 11000.0 625620
16000.0 11500.0 1900475
16000.0 12000.0 53218
16000.0 12500.0 1318903
16000.0 13000.0 757662
16000.0 13500.0 65044
16000.0 14000.0 1392667
16000.0 14500.0 1521835
16000.0 15000.0 287905
16000.0 15500.0 830620
16000.0 16000.0 1622734
4500.0 4000.0 450095
5000.0 4000.0 387749
5500.0 4000.0 155320
6000.0 4000.0 241332
6500.0 4000.0 60203
4500.0 7000.0 1449847
5000.0 7000.0 1684839
5500.0 7000.0 464473
6000.0 7000.0 474265
6500.0 7000.0 7269
4500.0 10000.0 1261248
5000.0 10000.0 1019001
5500.0 10000.0 549594
6000.0 10000.0 1545346
6500.0 10000.0 1092059
4500.0 13000.0 632488
5000.0 13000.0 1213788
5500.0 13000.0 989585
6000.0 13000.0 838747
6500.0 13000.0 1848535
4500.0 16000.0 1011950
5000.0 16000.0 1046737
5500.0 16000.0 1385604
6000.0 16000.0 605652
6500.0 16000.0 360504
7500.0 4000.0 1430513
8000.0 4000.0 898198
8500.0 4000.0 849904
9000.0 4000.0 1380260
9500.0 4000.0 604108
7500.0 7000.0 1379794
8000.0 7000.0 1115041
8500.0 7000.0 1342281
9000.0 7000.0 771842
9500.0 7000.0 1764742
7500.0 10000.0 1364483
8000.0 10000.0 1399107
8500.0 10000.0 797953
9000.0 10000.0 1848396
9500.0 10000.0 496465
7500.0 13000.0 376123
8000.0 13000.0 1307661
8500.0 13000.0 327045
9000.0 13000.0 196483
9500.0 13000.0 456109
7500.0 16000.0 995842
8000.0 16000.0 18526
8500.0 16000.0 46546
9000.0 16000.0 725093
9500.0 16000.0 1000451
10500.0 4000.0 1307294
11000.0 4000.0 602694
11500.0 4000.0 1054939
12000.0 4000.0 953483
12500.0 4000.0 1868157
10500.0 7000.0 307513
11000.0 7000.0 580264
11500.0 7000.0 103296
12000.0 7000.0 1854597
12500.0 7000.0 1058182
10500.0 10000.0 1701113
11000.0 10000.0 620682
11500.0 10000.0 1080739
12000.0 10000.0 1317589
12500.0 10000.0 454234
10500.0 13000.0 539386
11000.0 13000.0 564963
11500.0 13000.0 1747328
12000.0 13000.0 342284
12500.0 13000.0 1277218
10500.0 16000.0 619267
11000.0 16000.0 1502840
11500.0 16000.0 783680
12000.0 16000.0 1006764
12500.0 16000.0 290316
13500.0 4000.0 750217
14000.0 4000.0 573487
14500.0 4000.0 1636880
15000.0 4000.0 1234966
15500.0 4000.0 146089
13500.0 7000.0 13583
14000.0 7000.0 769749
14500.0 7000.0 1108537
15000.0 7000.0 1648019
15500.0 7000.0 362990
13500.0 10000.0 765454
14000.0 10000.0 1332224
14500.0 10000.0 12070
15000.0 10000.0 465610
15500.0 10000.0 1475589
13500.0 13000.0 1865901
14000.0 13000.0 1496083
14500.0 13000.0 1602186
15000.0 13000.0 1234026
15500.0 13000.0 1048088
13500.0 16000.0 215000
14000.0 16000.0 501370
14500.0 16000.0 1725384
15000.0 16000.0 859234
15500.0 16000.0 255622
