# C:\Users\gielpa\PycharmProjects\Genetic-Algorithm\data-bak\tsp225.tsp\data
155.42 150.65 6681
375.92 164.65 50210
183.92 150.65 44507
205.42 150.65 25502
205.42 171.65 15833
226.42 171.65 16102
226.42 186.15 8239
226.42 207.15 23558
226.42 235.65 13847
226.42 264.15 44548
226.42 292.65 34744
226.42 314.15 49744
226.42 335.65 28838
205.42 335.65 16250
190.92 335.65 43022
190.92 328.15 36944
176.92 328.15 26546
176.92 299.65 18204
155.42 299.65 17094
155.42 328.15 41738
155.42 356.65 26088
183.92 356.65 18299
219.42 356.65 22530
240.92 356.65 25802
269.42 356.65 19496
290.42 356.65 52970
387.42 136.15 55898
318.92 356.65 14392
318.92 335.65 27113
318.92 328.15 24787
318.92 299.65 50783
297.92 299.65 32404
290.42 328.15 45429
290.42 335.65 21773
297.92 328.15 49584
254.92 335.65 35020
254.92 314.15 51825
254.92 292.65 7604
254.92 271.65 33745
254.92 243.15 43677
254.92 221.65 53024
254.92 193.15 44501
254.92 171.65 43967
276.42 171.65 46827
296.42 150.65 10615
276.42 150.65 34713
375.92 150.65 51892
308.92 150.65 12144
354.92 164.65 55636
338.42 174.65 978
354.92 174.65 19257
338.42 200.15 24293
338.42 221.65 38172
354.92 221.65 13437
354.92 200.15 38806
361.92 200.15 37675
361.92 186.15 4382
383.42 186.15 39309
383.42 179.15 46916
404.42 179.15 38543
404.42 186.15 37081
418.92 186.15 30573
418.92 200.15 39516
432.92 200.15 36495
432.92 221.65 44076
418.92 221.65 21610
418.92 235.65 29774
397.42 235.65 41111
397.42 243.15 21281
375.92 243.15 2546
375.92 257.15 42158
368.92 257.15 51847
368.92 264.15 36980
347.42 264.15 38913
347.42 278.65 45018
336.42 278.65 20737
336.42 328.15 29299
347.42 328.15 53164
347.42 342.65 922
368.92 342.65 2410
368.92 353.65 32962
418.92 353.65 23581
418.92 342.65 8307
432.92 342.65 34261
432.92 356.65 1496
447.42 356.65 33455
447.42 321.15 45839
447.42 292.65 25442
432.92 292.65 2671
432.92 314.15 916
418.92 314.15 47981
418.92 321.15 22600
397.42 321.15 576
397.42 333.65 44186
375.92 333.65 30200
375.92 321.15 56576
361.92 321.15 56688
361.92 299.65 50633
375.92 299.65 33883
375.92 285.65 20183
397.42 285.65 5993
397.42 271.65 34053
418.92 271.65 51195
418.92 264.15 43250
439.92 264.15 45181
439.92 250.15 25276
454.42 250.15 37589
454.42 243.15 36295
461.42 243.15 49586
461.42 214.65 28809
461.42 193.15 21879
447.42 193.15 6505
447.42 179.15 22586
439.92 179.15 18857
439.92 167.65 30675
419.92 167.65 13094
419.92 150.65 28688
439.92 150.65 20989
454.42 150.65 47017
475.92 150.65 35437
475.92 171.65 10329
496.92 171.65 7472
496.92 193.15 17331
496.92 214.65 14406
496.92 243.15 32718
496.92 271.65 17823
496.92 292.65 8466
496.92 317.15 6748
496.92 335.65 21620
470.42 335.65 48205
470.42 356.65 38658
496.92 356.65 11047
347.42 150.65 24269
539.92 356.65 32026
560.92 356.65 51166
589.42 356.65 23270
589.42 342.65 38640
603.92 342.65 35330
610.92 342.65 39122
610.92 335.65 20108
610.92 321.15 44521
624.92 321.15 7371
624.92 278.65 23182
610.92 278.65 52119
610.92 257.15 14065
589.42 257.15 36246
589.42 250.15 16212
575.42 250.15 29718
560.92 250.15 44039
542.92 250.15 53641
542.92 264.15 30785
560.92 264.15 43262
575.42 264.15 48406
575.42 271.65 3693
582.42 271.65 29688
582.42 285.65 29529
596.42 285.65 57476
560.92 335.65 49881
596.42 314.15 19993
582.42 314.15 6966
582.42 321.15 22350
575.42 321.15 16388
575.42 335.65 3416
525.42 335.65 56721
525.42 314.15 27881
525.42 299.65 26392
525.42 281.65 21967
525.42 233.15 50760
525.42 214.65 37401
525.42 193.15 8660
525.42 171.65 18487
546.92 171.65 15169
546.92 150.65 14677
568.42 150.65 15248
475.92 160.65 16379
603.92 150.65 41537
624.92 150.65 36501
624.92 136.15 14426
596.42 136.15 293
575.42 136.15 35139
553.92 136.15 33313
532.42 136.15 38697
575.42 356.65 23608
489.92 136.15 21893
468.42 136.15 40382
447.42 136.15 1644
425.92 136.15 24157
404.42 136.15 43713
370.42 136.15 38391
361.92 150.65 11195
340.42 136.15 33752
326.42 136.15 49225
301.92 136.15 49454
276.42 136.15 39291
254.92 136.15 2031
315.92 136.15 34910
212.42 136.15 51098
190.92 136.15 53909
338.92 150.65 26107
155.42 136.15 3792
624.92 299.65 23653
318.92 321.65 56451
155.42 314.15 11485
311.92 356.65 35857
355.42 136.15 2507
318.92 314.15 35095
362.92 164.65 7926
254.92 356.65 6997
383.42 333.65 58330
447.42 335.65 24155
470.42 345.65 10011
525.42 250.15 49684
546.92 335.65 801
525.42 261.15 11871
525.42 356.65 34808
336.42 298.65 8191
336.42 313.15 13921
293.42 136.15 16765
336.42 306.15 14777
425.92 264.15 20742
391.42 353.65 19686
482.92 335.65 53924
429.92 167.65 39905
330.92 150.65 7395
368.42 150.65 7554
