# C:\Users\gielpa\PycharmProjects\Genetic-Algorithm\data-bak\u1060.tsp\data
4003.2 2997.9 8579859
3602.88 2498.25 3959455
3953.16 2848.0 2075335
4153.31 2947.93 5169946
4353.48 2748.07 9662641
4653.72 2448.28 2230312
4703.75 2598.18 9181678
5304.24 2698.11 802253
5154.11 3047.86 530201
4453.55 3547.51 4159468
4553.64 3747.37 4340714
4853.88 3947.23 2964594
5204.16 4097.13 1473818
5304.24 3997.2 9330411
5454.35 3647.44 8195017
5454.35 3847.3 3122221
5404.31 4097.13 5065135
5454.35 4047.16 2569844
5454.35 4147.09 2695477
5354.27 4147.09 9457858
5304.24 4496.85 10241798
5304.24 4596.77 10401363
5354.27 4746.67 6857448
5154.11 4946.53 2094881
5054.03 4846.6 4226085
5054.03 4646.74 10126126
4853.88 4446.88 10042002
4853.88 4346.95 8978539
4853.88 4247.02 6720857
4703.75 3997.2 9719420
4553.64 4047.16 4837073
4653.72 4346.95 5053456
4853.88 4846.6 4500865
4753.79 4946.53 3025525
4903.92 5096.42 240170
4853.88 5046.46 8529011
4553.64 5446.18 3478242
4853.88 5646.04 10696329
4953.96 5845.9 6037562
5054.03 5546.11 4050014
5054.03 5346.25 5370813
5154.11 5546.11 6703669
5304.24 5795.94 4347440
5404.31 5696.01 10459741
5454.35 5646.04 5289179
5554.44 5546.11 2630983
5554.44 5146.39 1236109
5604.48 5296.29 185301
5754.59 5646.04 1393587
5604.48 5795.94 9316305
5454.35 5945.83 1369353
5354.27 6045.76 8356993
5254.2 6145.69 6131091
4953.96 6145.69 3917261
4603.68 6295.59 3979426
4553.64 6045.76 8294946
4503.59 5895.87 9070013
4453.55 6145.69 3287280
4453.55 6245.62 9447492
4403.51 6695.31 362783
4253.4 6545.41 4100338
4303.44 6795.24 611489
4303.44 6895.16 2253485
4103.27 6995.09 6203654
4253.4 7144.99 3280235
4403.51 7194.96 4463819
5054.03 7144.99 9984185
5354.27 7045.06 7237938
5104.07 6895.16 7152947
5004.0 6795.24 2894657
5204.16 6495.44 3857969
5354.27 6645.34 9860874
5504.4 6395.51 5166639
5704.55 6595.38 8278765
5804.64 6395.51 6443622
5854.68 6345.55 4754919
6154.92 6045.76 6302100
6605.27 5696.01 7510186
6655.31 5646.04 1911607
6655.31 5745.97 10390942
6505.2 5995.79 9405591
6355.07 5646.04 8190875
5904.72 5296.29 6899005
5604.48 4796.64 10479514
5754.59 4946.53 2021054
5904.72 4896.57 5579519
5954.76 4846.6 1153026
6004.79 4996.5 1163449
6355.07 5146.39 2895667
6505.2 4996.5 3822935
6405.11 4896.57 2150493
6255.0 4946.53 167760
6655.31 4546.81 3932607
6555.24 4546.81 2844248
6555.24 3947.23 9639131
6455.16 3947.23 9510503
6455.16 4047.16 4294792
6305.03 4296.98 8375587
6255.0 4546.81 4238003
5754.59 4646.74 1435091
5804.64 4296.98 7919768
6004.79 4296.98 3492432
5854.68 4047.16 3269460
5854.68 3947.23 6995144
5754.59 3647.44 6548213
5804.64 3697.4 5047764
5854.68 3747.37 7597162
6154.92 3947.23 5309420
6605.27 3497.55 7435476
6655.31 3547.51 8266878
6555.24 3547.51 7790427
6605.27 3297.68 9837707
6555.24 3347.65 2341483
6605.27 3097.83 7172659
6455.16 3347.65 647352
6305.03 3297.68 5102371
6305.03 3497.55 7250517
6154.92 3347.65 8334836
6154.92 3447.58 8569085
6255.0 3147.79 5243912
6104.88 3197.75 1319008
5454.35 3247.72 869528
5554.44 3347.65 4674152
5754.59 3047.86 5919432
5654.51 2848.0 6200494
5654.51 2748.07 10371789
5604.48 2598.18 5852858
5854.68 2947.93 1609719
5854.68 3047.86 5611923
5954.76 2848.0 1962639
6054.83 2848.0 2705159
6455.16 2748.07 4544808
6154.92 2448.28 5337027
6104.88 2598.18 271634
6054.83 2548.21 6893069
6004.79 2398.31 456478
5654.51 2348.35 324149
6355.07 1648.84 8353207
6405.11 1598.88 1153273
6455.16 1648.84 1183948
6805.44 1598.88 9768791
6905.51 1498.94 5662343
6955.55 1548.91 8714239
6905.51 1598.88 3650106
7005.59 1698.81 7673234
7105.68 1698.81 2537882
7055.64 1548.91 574090
7005.59 1498.94 344470
7105.68 1399.01 7027274
7205.76 1399.01 344762
7255.79 1448.98 9722660
7355.88 1448.98 6132327
7355.88 1648.84 1821865
7455.96 1648.84 7851395
7806.24 1598.88 1557262
7906.31 1598.88 6434124
7906.31 1498.94 8235139
7956.35 1548.91 9226915
8006.4 1498.94 2893222
8056.44 1548.91 545127
8106.48 1399.01 937800
8206.55 1399.01 2934976
8256.59 1448.98 6529367
8356.68 1448.98 8767695
8006.4 1698.81 2740545
8106.48 1698.81 8491756
8356.68 1648.84 7189096
8456.76 1648.84 7584160
8807.03 1598.88 638771
8907.11 1498.94 7819307
8957.16 1548.91 3113582
8907.11 1598.88 9751408
9007.2 1698.81 10634460
9107.27 1698.81 985000
9057.24 1548.91 993288
9007.2 1498.94 5683939
9107.27 1399.01 10098936
9207.35 1399.01 1650773
9257.4 1448.98 6102082
9357.48 1448.98 4533837
9357.48 1648.84 2635444
9457.55 1648.84 1582046
9807.83 1598.88 7241505
9907.92 1598.88 3556902
9907.92 1498.94 10531218
9957.96 1548.91 288936
10008.0 1498.94 4790625
10058.0 1548.91 926111
10008.0 1698.81 1855921
10108.1 1698.81 1005159
10358.3 1648.84 4242080
10408.3 1598.88 3294000
10458.3 1648.84 4837604
10858.7 2348.35 4600937
10808.6 2598.18 9320295
11259.0 2848.0 8123686
11158.9 2848.0 5035999
10958.8 2848.0 7230920
10658.5 2748.07 2112899
10658.5 3047.86 8818183
10408.3 2997.9 8558207
10408.3 2897.96 3973392
10358.3 2848.0 5340118
10458.3 2748.07 8516731
10358.3 2448.28 4110432
9807.83 2598.18 9097528
10158.1 3047.86 5760128
9957.96 3047.86 1693139
9757.79 3147.79 692958
9757.79 2748.07 2755312
9707.76 2798.03 458892
9657.72 2848.0 6429691
9607.68 2798.03 4439195
9357.48 2848.0 1060187
9207.35 2798.03 5743611
9257.4 2947.93 5637535
9657.72 3147.79 8795233
9457.55 3447.58 10192764
9557.64 3747.37 9096151
9357.48 3947.23 10732967
9757.79 3847.3 9423739
9707.76 3997.2 8955501
9807.83 3997.2 6801721
10158.1 4047.16 4708364
9807.83 4396.92 8246536
9857.88 4346.95 4289438
9907.92 4396.92 7798318
10108.1 4396.92 4683066
10108.1 4496.85 2632955
10208.2 4396.92 5218874
10308.2 4496.85 445407
10408.3 4197.05 5485376
10408.3 4097.13 8714103
10658.5 4047.16 7741906
10808.6 4296.98 4855204
10808.6 4396.92 2591475
10508.4 4496.85 1475117
10508.4 4596.77 1146547
10708.5 4596.77 10150716
10808.6 4696.7 8452110
10408.3 4996.5 9035331
10508.4 4996.5 4249285
10508.4 5196.35 5160113
10808.6 4996.5 2894907
10908.7 4996.5 6441921
10858.7 4946.53 6759361
11008.8 4696.7 10704028
11259.0 4546.81 5979890
11108.9 4396.92 5543741
11008.8 4296.98 6731170
11008.8 4396.92 3465996
11108.9 4296.98 10453514
11259.0 4147.09 6225961
11559.2 3847.3 8729493
11359.1 4047.16 8270002
11359.1 3747.37 3513800
11158.9 3747.37 7375707
10958.8 3847.3 8359434
10558.4 3347.65 2241440
10358.3 3547.51 8001874
10558.4 3647.44 7045118
10808.6 3497.55 8685201
10858.7 3647.44 1267340
11259.0 3347.65 4967900
11359.1 3547.51 926647
11559.2 3447.58 3403120
11509.2 3097.83 10056463
12009.6 2997.9 3286725
12259.8 2848.0 5482652
11959.5 2448.28 2575775
11859.5 2548.21 2011765
12009.6 2698.11 3474045
12259.8 2548.21 9947398
12810.2 2398.31 6582340
12560.0 2748.07 2043480
12660.1 2947.93 3509275
12460.0 2947.93 2116750
12359.9 3147.79 8497722
12359.9 3347.65 2143444
12259.8 3447.58 262994
12710.2 3797.33 3813806
12460.0 3847.3 9650414
12159.7 3847.3 8506055
12159.7 3947.23 2787987
12009.6 4097.13 6075931
11859.5 4047.16 7545686
11959.5 4446.88 1149607
12009.6 4396.92 463927
12159.7 4346.95 3873165
12560.0 4446.88 6980253
12409.9 4496.85 6692074
12309.8 4596.77 9016992
12460.0 4746.67 7708857
12460.0 4846.6 2576614
12460.0 4946.53 10383115
12760.2 4946.53 4636447
12760.2 5146.39 7750123
12460.0 5146.39 7148211
12510.0 5196.35 10471107
12460.0 5246.32 9955427
12259.8 5046.46 9322277
12159.7 5246.32 8025952
12059.6 4946.53 5520763
11809.4 4996.5 8355636
11859.5 5346.25 6257367
11659.3 5646.04 4010421
11509.2 5296.29 7609601
11509.2 5096.42 8385511
11609.3 4896.57 3216357
11559.2 4446.88 7325522
11609.3 4396.92 10270052
11659.3 4546.81 10308517
11409.1 4896.57 8768901
11309.0 4896.57 7957895
11459.2 5046.46 1560439
11359.1 5246.32 4683032
11359.1 5446.18 4832609
11659.3 5745.97 113545
11859.5 5646.04 8014562
12159.7 5546.11 10327930
12259.8 5845.9 10319991
12059.6 6045.76 5301618
12159.7 6145.69 6248006
12009.6 6295.59 10548636
12159.7 6545.41 10634359
12359.9 5945.83 2437318
12460.0 6045.76 536582
12710.2 6495.44 6848791
12560.0 6545.41 6949242
12510.0 6595.38 10378475
12259.8 6845.2 6590332
12109.7 6795.24 1413723
12109.7 6895.16 3493766
11909.5 6795.24 4278511
12109.7 6995.09 1111228
12309.8 7194.96 6675124
12309.8 7294.88 2981926
12460.0 7144.99 7086731
12710.2 6795.24 3449424
12710.2 6995.09 6385740
12710.2 7095.03 5596098
13010.4 6995.09 5335810
13260.6 7344.85 2156577
13160.5 6745.27 4390286
13060.4 6445.48 3985433
13310.6 6595.38 8710905
13310.6 6695.31 5638078
13460.8 6545.41 7907647
13160.5 6145.69 10729419
12560.0 5646.04 1012249
12510.0 5696.01 9647114
12710.2 5795.94 6209012
12960.3 5646.04 7748530
12960.3 5845.9 5678205
13260.6 6045.76 2101147
13360.7 6045.76 6592079
13460.8 6145.69 7602693
13460.8 5845.9 8916153
13711.0 5496.14 2273916
13861.1 5646.04 7425112
13660.9 5745.97 1544784
13560.8 5745.97 5511846
13360.7 5646.04 6329792
13360.7 5446.18 5500213
13260.6 5246.32 7437130
13560.8 5346.25 6227021
13560.8 5246.32 9231123
13711.0 5196.35 1036827
13660.9 5146.39 4725036
13360.7 4946.53 9474062
13160.5 4746.67 9567813
13460.8 4646.74 168000
13310.6 4496.85 9343
12960.3 4047.16 4139683
13260.6 4247.02 1200866
13610.9 4197.05 4253628
13961.2 4346.95 271477
14011.2 4396.92 3951034
14061.2 4147.09 9701371
13961.2 4147.09 6732049
13961.2 3947.23 6528164
13961.2 3847.3 5999802
13761.0 3747.37 8574594
13610.9 3797.33 7755247
13360.7 3747.37 9714821
13460.8 3647.44 1568787
13560.8 3547.51 2219364
13861.1 3347.65 3505387
12860.3 3047.86 3475433
12960.3 3147.79 5524584
13460.8 2448.28 3187745
13811.0 2498.25 3959565
13811.0 2897.96 5354297
14061.2 2848.0 7737254
14111.3 2798.03 8874075
14261.4 2947.93 249424
14461.5 2947.93 2363023
14661.7 2848.0 2226333
14661.7 3047.86 6593907
14761.8 3147.79 7488078
14861.9 3147.79 1021839
15012.0 3197.75 3547444
14811.8 3197.75 3542659
14411.5 3297.68 5427627
14361.5 3247.72 6326630
14161.3 3547.51 6417840
14461.5 3847.3 3704982
14561.6 3847.3 2095912
14761.8 3847.3 5723596
14761.8 4047.16 1459666
14861.9 4147.09 4595080
14861.9 4346.95 10253235
14962.0 4047.16 6371385
15162.1 3747.37 3702426
15162.1 3847.3 3677302
15362.3 3547.51 1612381
15412.3 3497.55 3480960
15462.3 3547.51 4835841
15362.3 3747.37 9973475
15062.0 4147.09 7636711
15062.0 4247.02 7970619
15162.1 4247.02 663850
15412.3 4197.05 10539118
15562.4 3947.23 10080547
15562.4 3847.3 3908175
15662.5 3847.3 9292210
15862.7 3647.44 7250623
15162.1 2848.0 9977979
15262.2 2548.21 9786599
15362.3 2947.93 1927242
15412.3 2897.96 161064
15562.4 2947.93 240692
15862.7 2947.93 5584429
16012.8 2798.03 2798132
16062.8 2947.93 6178606
16112.9 2798.03 4355715
16263.0 2548.21 1503424
16263.0 2848.0 159809
16263.0 3047.86 663000
16263.0 3147.79 9840718
16213.0 3497.55 9291950
16363.1 3547.51 10392635
16513.2 3297.68 8918142
16563.2 3347.65 4988609
16763.4 3447.58 9210787
16963.6 3547.51 7279066
16563.2 3847.3 4862713
16513.2 3797.33 2047862
16613.3 3997.2 847443
16763.4 4047.16 8700763
16963.6 3747.37 4019442
17013.6 3897.27 3209650
17363.9 4147.09 1720258
17363.9 4346.95 7231873
17213.8 4396.92 5973550
16813.4 4396.92 2003165
16763.4 4346.95 6775440
16663.3 4247.02 8208118
16613.3 4396.92 6477180
16463.2 4946.53 7239436
16263.0 4946.53 3638227
16213.0 4596.77 6922124
16112.9 4696.7 7231167
15762.6 4646.74 9207155
15862.7 5246.32 795290
15462.3 5446.18 5183838
15762.6 5446.18 4325303
15862.7 5546.11 10661126
15912.7 5596.07 9475882
15662.5 5546.11 3399508
15662.5 5646.04 3506955
15662.5 5745.97 1407078
15562.4 5646.04 5414481
15562.4 5745.97 3496935
15762.6 5945.83 5763065
15812.6 5895.87 3764549
16062.8 5945.83 10112259
15962.8 6045.76 7157631
15912.7 6295.59 8221486
15762.6 6145.69 5117688
15762.6 6245.62 6674273
15462.3 6145.69 9877843
15412.3 6095.72 10416834
14661.7 4946.53 8454749
14461.5 4946.53 4020958
14411.5 4696.7 2185612
14261.4 4846.6 3324970
14161.3 4846.6 8561651
14161.3 5046.46 9186751
13961.2 5046.46 7974473
14361.5 5446.18 6784303
14461.5 5446.18 2029089
14361.5 5546.11 2308993
14161.3 5646.04 2239870
14561.6 5845.9 9875809
14962.0 6045.76 9856681
15012.0 6295.59 7515645
14611.7 6295.59 7039815
14411.5 6295.59 1791701
14461.5 6445.48 2589409
14461.5 6545.41 1378572
14611.7 6495.44 2712435
14911.9 6595.38 10413854
14962.0 6745.27 9229752
14461.5 6945.13 10633404
14061.2 6745.27 1885559
14211.3 6395.51 10118380
14011.2 6295.59 5554048
14011.2 6395.51 1532558
14011.2 6595.38 1543788
13961.2 6645.34 3926907
14061.2 6845.2 9816695
14011.2 6795.24 10592440
14461.5 7344.85 1677764
15062.0 6945.13 2563576
15112.1 6895.16 10093790
15112.1 6995.09 9418067
15062.0 6645.34 8969096
15262.2 6545.41 5528792
15212.2 6695.31 8164016
15262.2 6945.13 7528241
15312.2 6995.09 6578184
15362.3 7045.06 4390220
15512.4 6995.09 5896166
15662.5 6745.27 7594063
15962.8 6445.48 6835683
16112.9 6395.51 6727482
16112.9 6295.59 1632123
16263.0 6245.62 5656868
16313.0 6295.59 7848674
16263.0 6445.48 9664569
15962.8 6645.34 618898
16162.9 6845.2 6096323
16513.2 6895.16 2174965
16463.2 7144.99 6550974
16913.5 6995.09 2830872
16963.6 6945.13 6954725
17213.8 7095.03 6430026
16713.3 6695.31 9488162
16813.4 6395.51 489133
16863.5 6445.48 246403
17013.6 6595.38 6134628
17263.8 6645.34 10097995
17313.8 6495.44 3523782
17864.3 6245.62 5446377
17564.0 6245.62 3359772
17363.9 6245.62 1886905
17363.9 5945.83 6091330
17013.6 6195.66 10676628
16563.2 6145.69 5422301
16563.2 6045.76 4056702
16763.4 5845.9 9713979
16863.5 5646.04 10285523
16463.2 5346.25 6782345
16563.2 5146.39 10233423
16663.3 4946.53 8330838
16863.5 5046.46 10669042
16963.6 4846.6 1427797
17113.7 4696.7 10419702
17013.6 4896.57 1217720
17013.6 4996.5 4176040
16963.6 5146.39 4107543
17163.7 5146.39 3976180
17163.7 5246.32 254164
17263.8 5346.25 3398368
17413.9 5096.42 7298806
17464.0 5046.46 5941361
17614.1 5096.42 4000701
17864.3 4746.67 87021
17764.2 4846.6 5782420
17564.0 4646.74 9415844
17814.2 5196.35 4592668
17914.3 5396.22 7441377
17964.3 5546.11 398458
18164.5 5745.97 6443641
18264.6 5745.97 4398726
18364.7 5646.04 5322620
18464.8 5646.04 5600201
18264.6 5546.11 6426625
18364.7 5346.25 10470287
18464.8 5246.32 1812904
18564.8 5046.46 9624546
18464.8 5046.46 8979764
18364.7 5046.46 9749284
18264.6 5146.39 8875771
18264.6 4946.53 9010551
18164.5 4846.6 4898883
18064.4 4946.53 1346054
18064.4 4746.67 7326113
18164.5 4646.74 5250964
18264.6 4646.74 7129410
17764.2 4147.09 10229279
17764.2 4047.16 172634
17614.1 3997.2 5339515
17564.0 4047.16 3810894
17564.0 3847.3 7984271
17464.0 3647.44 1056151
17263.8 3647.44 9093746
17063.6 3347.65 1740922
16863.5 3247.72 1941432
16513.2 2798.03 178951
16663.3 2848.0 6518960
16813.4 2798.03 3726281
17013.6 2997.9 5412869
16963.6 2947.93 3352407
17113.7 2798.03 319824
17363.9 2947.93 4576169
17464.0 2748.07 8586977
17363.9 2848.0 6503502
16963.6 2448.28 204847
16863.5 2448.28 1495327
16813.4 1698.81 7345361
16963.6 1648.84 6227342
16763.4 1448.98 198327
16563.2 1349.05 9291613
16713.3 1299.09 6667280
16913.5 1399.01 2579922
17063.6 1349.05 4777359
17113.7 1598.88 10460461
17263.8 1548.91 3511817
17313.8 1698.81 4989459
17464.0 1648.84 5437460
17413.9 1498.94 6209147
17213.8 1299.09 3686221
17564.0 1448.98 8526201
17614.1 1598.88 3297998
17714.2 1399.01 6701928
17764.2 1548.91 5580957
17864.3 1349.05 9248502
18014.4 1299.09 2653630
18064.4 1448.98 1797734
17914.3 1498.94 1733222
18114.5 1698.81 122926
18264.6 1648.84 4403303
18414.7 1598.88 7272295
18214.6 1399.01 5043865
18364.7 1349.05 1048694
18514.8 1299.09 3587425
18614.9 1299.09 1595131
18664.9 1349.05 3499100
18614.9 1399.01 7042621
18614.9 1498.94 1559255
18664.9 1548.91 1974142
18664.9 1448.98 2456512
18715.0 1399.01 7575100
18715.0 1299.09 2653641
18765.0 1349.05 7201771
18815.0 1299.09 2213591
18815.0 1399.01 4663188
18865.1 1349.05 7928646
18915.1 1299.09 8464001
18915.1 1399.01 2141569
18865.1 1448.98 1666166
18915.1 1498.94 4473956
18915.1 1598.88 9304506
18915.1 1698.81 9877586
18865.1 1648.84 5019965
18815.0 1598.88 7042820
18865.1 1548.91 5396784
18815.0 1498.94 726532
18765.0 1448.98 3213633
18715.0 1498.94 10210204
18765.0 1548.91 5450462
18715.0 1598.88 9338158
18765.0 1648.84 8138257
18815.0 1698.81 1128901
18715.0 1698.81 8327210
18664.9 1648.84 4259981
18614.9 1598.88 2555081
18614.9 1698.81 4122
17864.3 2548.21 10482861
18414.7 2598.18 10392092
18564.8 2448.28 10110262
18364.7 2848.0 8218222
18264.6 2947.93 4226030
18564.8 3047.86 4212226
18715.0 2897.96 5357626
18915.1 2698.11 4205705
18815.0 2897.96 6514671
18614.9 3297.68 5842697
18564.8 3347.65 311709
18464.8 3447.58 2024427
17864.3 2848.0 788945
17864.3 3147.79 6190319
17964.3 3547.51 5460918
18064.4 3847.3 2456884
18214.6 3997.2 2592173
18264.6 3947.23 5573261
18364.7 3847.3 3527243
18464.8 3747.37 5547940
18715.0 4197.05 6636141
18664.9 4247.02 7292712
18464.8 4247.02 2329090
18264.6 4247.02 6669805
18364.7 4346.95 50254
18514.8 4596.77 6415530
18414.7 4696.7 5065205
18664.9 4846.6 8331584
18915.1 4696.7 1988910
18965.2 4646.74 966730
18865.1 4546.81 7542245
18865.1 4047.16 5795897
18865.1 3947.23 4587965
18815.0 3797.33 4434471
18865.1 3847.3 4536869
19015.2 4097.13 4744837
19115.3 4197.05 3784816
19215.3 4197.05 243750
19465.6 3947.23 6611753
19465.6 3847.3 8079444
19465.6 3747.37 9688915
19115.3 3297.68 1394786
19365.5 3247.72 9112915
19465.6 2947.93 729867
19365.5 2848.0 6869871
19115.3 2698.11 7599786
19365.5 2548.21 610088
19715.8 2498.25 287637
21317.0 2098.53 7729704
19515.6 4097.13 7255216
19365.5 4147.09 1803888
19315.4 4197.05 5381819
19165.3 4646.74 7532247
19365.5 4746.67 308903
19215.3 5096.42 3800163
19015.2 5196.35 7740774
19115.3 5296.29 7517129
19215.3 5296.29 9691802
19115.3 5496.14 4183075
18915.1 5995.79 2818255
18965.2 5945.83 10651099
19415.5 6295.59 10044110
19715.8 7194.96 6106743
18815.0 6195.66 4176057
18664.9 6145.69 10116498
18464.8 5845.9 2551581
18164.5 6045.76 467223
18164.5 6145.69 677648
18464.8 6545.41 3740329
18214.6 6595.38 3055465
18114.5 6895.16 3600395
18314.6 7194.96 9980877
18214.6 7194.96 3330763
18164.5 7144.99 9803777
18064.4 7144.99 3337875
18014.4 7194.96 485692
17964.3 7144.99 5808646
17764.2 7144.99 4012718
17464.0 7344.85 8426194
16863.5 8344.15 9093137
16813.4 8394.11 3865679
16763.4 8344.15 1629489
16413.1 8394.11 2518105
16313.0 8494.05 9795782
16263.0 8444.08 2176191
16313.0 8394.11 10290346
16213.0 8294.18 9593696
16112.9 8294.18 1230135
16162.9 8444.08 3051124
16213.0 8494.05 2886002
16112.9 8593.98 4464065
16012.8 8593.98 8935389
15962.8 8544.01 2693267
15862.7 8544.01 2246628
15862.7 8344.15 3766112
15762.6 8344.15 2691736
15412.3 8394.11 8928297
15312.2 8394.11 1956936
15312.2 8494.05 1407359
15262.2 8444.08 2031651
15212.2 8494.05 57318
15112.1 8593.98 2129888
15012.0 8593.98 5429636
14962.0 8544.01 7691480
14861.9 8544.01 10274148
15162.1 8444.08 7490788
15212.2 8294.18 3358233
15112.1 8294.18 6349331
14861.9 8344.15 2983141
14761.8 8344.15 4684317
14411.5 8394.11 1354399
14311.4 8494.05 4117641
14261.4 8444.08 9007594
14311.4 8394.11 50488
14211.3 8294.18 6475154
14111.3 8294.18 7421393
14161.3 8444.08 5388357
14211.3 8494.05 4902937
14111.3 8593.98 1945762
14011.2 8593.98 7504820
13961.2 8544.01 3155282
13861.1 8544.01 4705045
13861.1 8344.15 8217196
13761.0 8344.15 26633
13410.7 8394.11 2805781
13310.6 8394.11 6616864
13310.6 8494.05 253395
13260.6 8444.08 6921184
13210.5 8494.05 10327013
13160.5 8444.08 1126118
13210.5 8294.18 1003302
13110.5 8294.18 9404452
12860.3 8344.15 7544293
12810.2 8394.11 1345820
12760.2 8344.15 2818050
11509.2 7194.96 1175252
11259.0 6845.2 8039462
11008.8 7095.03 8610906
10758.6 6945.13 8758541
11008.8 6795.24 2304802
11008.8 6695.31 2423770
11108.9 6495.44 6442136
11509.2 6495.44 5395576
11108.9 6095.72 4325493
11158.9 5945.83 5641009
11259.0 5546.11 7566223
11008.8 5795.94 6190344
10708.5 6095.72 1855267
10358.3 5646.04 3863227
10408.3 5795.94 9143488
10458.3 6045.76 6680769
10308.2 6295.59 10022699
10208.2 6395.51 7194905
10208.2 6495.44 9656694
10358.3 6845.2 3801209
10208.2 6795.24 7644802
9757.79 6745.27 7341504
9407.51 6795.24 5277275
9457.55 6945.13 3540634
9757.79 7045.06 4135034
10058.0 7144.99 2855191
9807.83 6895.16 8685428
9757.79 6445.48 6954282
9907.92 6295.59 1374065
10158.1 6145.69 4121802
9957.96 5945.83 4783987
10158.1 5845.9 2483440
9757.79 5845.9 8769777
10158.1 5346.25 122885
10358.3 5146.39 9256735
10158.1 5146.39 56808
10158.1 4946.53 2612134
10058.0 4846.6 677665
10058.0 4946.53 2652439
10008.0 5096.42 6562129
9957.96 5046.46 4189532
9657.72 5046.46 9259756
9607.68 5096.42 3893447
9557.64 5146.39 2854486
9557.64 5046.46 7450235
9457.55 4946.53 7441911
9657.72 4946.53 9429857
10058.0 4546.81 6111472
9907.92 4596.77 2225728
9607.68 4596.77 4842175
9707.76 4396.92 8020669
9557.64 4346.95 2896580
9457.55 4247.02 6851955
9557.64 4147.09 8388118
9557.64 4247.02 3292973
9057.24 4147.09 1771393
8957.16 4047.16 4957150
8957.16 3847.3 239799
9057.24 3847.3 8237176
9057.24 3747.37 7476347
8957.16 3447.58 9400343
9007.2 2798.03 4460003
8757.0 2848.0 6332421
8356.68 3047.86 9523512
8156.51 2748.07 2743052
8156.51 3047.86 9046367
8056.44 3047.86 3267703
7956.35 2947.93 10215078
7856.27 2848.0 10490651
7756.2 2548.21 4303614
7756.2 2448.28 1733842
7656.11 2548.21 3457134
7706.16 2798.03 3772849
7606.07 2798.03 9530310
7856.27 3147.79 316598
7756.2 3347.65 3070425
7556.03 3447.58 4148676
6955.55 3247.72 6758848
6955.55 2848.0 4567386
7105.68 2598.18 2684808
7055.64 2848.0 9284365
7105.68 2798.03 10556250
6755.4 3247.72 370252
7005.59 3497.55 9135651
6955.55 3847.3 9341242
7005.59 3897.27 6361758
6755.4 4147.09 4989612
7155.72 3847.3 7754266
7255.79 4147.09 4295661
7556.03 4247.02 8649953
7305.83 4496.85 10203824
7506.0 4596.77 1563945
7455.96 4846.6 2140146
7656.11 4846.6 4564501
7856.27 4346.95 6153754
7756.2 4147.09 2680093
8056.44 4247.02 8582187
8056.44 4047.16 6179774
8106.48 3997.2 7504995
8156.51 3947.23 8868619
8156.51 4047.16 834909
8356.68 3947.23 3363006
8556.83 3847.3 3676065
8356.68 3547.51 8302349
8556.83 3547.51 4504652
8606.88 3597.48 10408422
8656.92 3947.23 1131760
8606.88 3997.2 9551163
8656.92 4147.09 2836772
8757.0 4247.02 2836959
8606.88 4296.98 7569081
8506.79 4496.85 9275870
8757.0 4646.74 5360948
8907.11 4396.92 9469405
9007.2 4596.77 2248198
9107.27 4396.92 10415865
9207.35 4596.77 3189519
9057.24 4846.6 8329995
8757.0 4846.6 1257532
8606.88 4996.5 10137091
8556.83 4846.6 9059182
8356.68 4946.53 5796641
8356.68 5646.04 5727220
8456.76 5945.83 5278722
8356.68 5845.9 2084647
8356.68 5945.83 3911136
8356.68 6145.69 9841078
8356.68 6245.62 2762863
8306.64 6395.51 4047802
8957.16 6045.76 4100367
9057.24 6045.76 7980965
9157.31 5945.83 4994081
9057.24 5745.97 5688097
9507.59 5895.87 7901155
9157.31 6245.62 8775669
9007.2 6495.44 5527629
8807.03 6995.09 3631276
8256.59 7144.99 10531707
8406.72 7294.88 2275744
8106.48 6995.09 6420304
8106.48 6895.16 6166046
8056.44 6845.2 5124402
7906.31 6895.16 4905616
7656.11 6445.48 3657236
7355.88 6145.69 5889424
7656.11 5945.83 8244602
7856.27 5745.97 10057937
8106.48 5696.01 7141616
7956.35 5945.83 6365480
7455.96 5945.83 6257900
7355.88 5845.9 6873940
7055.64 6145.69 6294319
6905.51 5895.87 1781105
6955.55 6045.76 1327355
6955.55 6145.69 8953369
6855.48 6145.69 7792790
6855.48 6245.62 110134
7005.59 6295.59 951919
7255.79 6345.55 742536
6905.51 6895.16 7373165
7806.24 6995.09 6984260
8006.4 7294.88 10717222
7906.31 7294.88 9723338
7756.2 7344.85 1245917
6655.31 8643.94 2734315
6455.16 8544.01 6697725
6505.2 8693.9 6036035
6305.03 8593.98 10257312
6154.92 8643.94 55668
6405.11 8294.18 2892451
6255.0 8344.15 8302101
6104.88 8394.11 8378702
5954.76 8444.08 10500569
5904.72 8294.18 5121513
5754.59 8344.15 3081371
5804.64 8494.05 1537376
6004.79 8693.9 5861914
5654.51 8544.01 9112826
5604.48 8394.11 5975748
5504.4 8593.98 3095422
5454.35 8444.08 10023174
5354.27 8643.94 7159723
5204.16 8693.9 3251682
5154.11 8544.01 9842755
5304.24 8494.05 887527
5104.07 8294.18 9052655
4953.96 8344.15 2987435
4803.83 8394.11 10021741
5004.0 8593.98 278838
4853.88 8643.94 6123657
4703.75 8693.9 8695940
4603.68 8693.9 1282774
4553.64 8643.94 735311
4603.68 8593.98 4388660
4603.68 8494.05 8075958
4553.64 8444.08 3228385
4553.64 8544.01 5940260
4503.59 8593.98 1430300
4503.59 8693.9 6879495
4453.55 8643.94 2793216
4403.51 8693.9 8432488
4403.51 8593.98 10711319
4453.55 8544.01 9760779
4503.59 8494.05 878048
4403.51 8494.05 9640705
4453.55 8444.08 1876616
4503.59 8394.11 915683
4553.64 8344.15 10660062
4603.68 8394.11 8511876
4603.68 8294.18 2155519
4503.59 8294.18 10337663
4453.55 8344.15 5651480
4403.51 8294.18 158409
4353.48 8344.15 8526746
4403.51 8394.11 3034404
4353.48 8444.08 10313589
4353.48 8544.01 7509277
4353.48 8643.94 10331501
4303.44 8693.9 6942210
4303.44 8593.98 2982501
4303.44 8494.05 4890172
4303.44 8394.11 9871575
4303.44 8294.18 8387362
3602.88 7194.96 1766284
1901.51 7894.46 7523904
4053.24 6045.76 5469174
4253.4 5945.83 10269240
4303.44 5895.87 9076831
4353.48 5745.97 3755460
4253.4 5745.97 5276700
4153.31 5745.97 1912027
4053.24 5745.97 6107393
4053.24 5546.11 8844147
4353.48 5446.18 8995142
4353.48 5346.25 4196872
4353.48 5246.32 206695
4453.55 5046.46 6484224
4403.51 4796.64 1617476
4453.55 4846.6 6412841
4153.31 5246.32 5840364
4003.2 5096.42 478434
4153.31 5046.46 3197319
4053.24 4946.53 2609740
4053.24 4746.67 713857
4403.51 4596.77 9978532
4353.48 4247.02 7884218
4053.24 4147.09 7397007
4403.51 3897.27 7760221
4303.44 3997.2 1977160
4003.2 3797.33 8984019
4053.24 3647.44 5122440
4003.2 3597.48 1037485
4053.24 3447.58 109513
4253.4 3347.65 7340105
4153.31 3147.79 2480457
