# C:\Users\gielpa\PycharmProjects\Genetic-Algorithm\data-bak\u1432.tsp\data
3900.0 5500.0 705689
4000.0 5400.0 367899
3900.0 5300.0 2988165
3900.0 5400.0 1700147
3800.0 5500.0 4089221
4000.0 5300.0 4233963
4200.0 5400.0 4811320
4300.0 5300.0 443562
4300.0 5200.0 4309783
4200.0 5200.0 1558116
4100.0 5200.0 3933302
4000.0 5200.0 1674386
3900.0 5200.0 4795875
3800.0 5200.0 1411933
3700.0 5200.0 3653654
3800.0 5100.0 4475765
3900.0 5100.0 4382558
4000.0 5100.0 2947249
4100.0 5000.0 2250503
4000.0 5000.0 4661177
3900.0 5000.0 2325882
3900.0 4900.0 96168
4000.0 4900.0 3365463
4000.0 4800.0 709047
4100.0 4800.0 3440026
4000.0 4700.0 3108147
3900.0 4800.0 329840
3900.0 4700.0 2542329
3700.0 4700.0 2729971
3800.0 4700.0 2580127
3900.0 4600.0 2821687
4000.0 4600.0 3944197
4100.0 4700.0 2522444
4100.0 4600.0 2722246
4100.0 4500.0 3087338
4100.0 4400.0 2373078
4000.0 4400.0 4283356
3900.0 4500.0 1569924
3900.0 4400.0 3844076
3800.0 4500.0 3028599
3700.0 4500.0 1620708
3700.0 4400.0 3004196
3800.0 4400.0 390347
3900.0 4300.0 4901898
3800.0 4300.0 3841899
3800.0 4200.0 3158591
3900.0 4200.0 1069855
4000.0 4300.0 1357083
4000.0 4200.0 4291238
3900.0 4100.0 1642299
3700.0 4300.0 4760580
3700.0 4200.0 2762642
3700.0 4100.0 1521791
3600.0 4100.0 3789087
3700.0 4000.0 3446003
3600.0 4000.0 4817085
3500.0 4000.0 4099996
3600.0 3900.0 1693358
3700.0 3900.0 1884713
3800.0 4000.0 4213409
3800.0 3900.0 1537466
3900.0 4000.0 1074951
3900.0 3900.0 309548
3900.0 3800.0 985234
4000.0 3900.0 1564661
4100.0 3900.0 2548893
4100.0 4000.0 3065554
4000.0 4000.0 1382388
4100.0 4100.0 2420989
4200.0 4200.0 1416337
4100.0 4300.0 3770969
4100.0 4200.0 4714314
4200.0 4100.0 825817
4200.0 4000.0 1837327
4300.0 4100.0 4207216
4300.0 4200.0 4722335
4300.0 4300.0 2408318
4300.0 4400.0 4363255
4400.0 4300.0 4698553
4500.0 4200.0 4119949
4500.0 4300.0 1004054
4700.0 4400.0 1088824
4600.0 4400.0 4748729
4500.0 4400.0 116557
4300.0 4500.0 2083325
4300.0 4600.0 79352
4300.0 4700.0 891877
4300.0 4800.0 4615680
4300.0 4900.0 3708931
4500.0 4700.0 4566840
4500.0 4800.0 4039814
4500.0 4900.0 2318765
4500.0 5000.0 973282
4400.0 5000.0 1956385
4300.0 5100.0 2671095
4300.0 5000.0 4570823
4500.0 5100.0 4881452
4600.0 5100.0 501849
4500.0 5200.0 1937783
4400.0 5200.0 4037252
4500.0 5300.0 2387313
4500.0 5400.0 502491
4400.0 5300.0 783314
4300.0 5400.0 179849
4300.0 5500.0 2771444
4300.0 5600.0 2901570
4300.0 5700.0 2943674
4400.0 5600.0 1022552
4500.0 5600.0 3233607
4400.0 5700.0 4856037
4500.0 5800.0 3476571
4500.0 5900.0 3884521
4600.0 5900.0 1648079
4600.0 5800.0 1784296
4300.0 5800.0 390479
4300.0 5900.0 129150
4300.0 6000.0 3511518
4400.0 5900.0 611362
4500.0 6000.0 4525692
4400.0 6100.0 1045787
4500.0 6200.0 71993
4500.0 6100.0 3394752
4400.0 6200.0 3685792
4500.0 6300.0 4744478
4400.0 6300.0 861530
4400.0 6400.0 626015
4300.0 6300.0 2297190
4200.0 6400.0 2410648
4300.0 6400.0 2090309
4300.0 6500.0 3371884
4300.0 6600.0 1962683
4400.0 6600.0 1085048
4500.0 6500.0 3387529
4500.0 6400.0 303156
4600.0 6500.0 2574721
4600.0 6400.0 2423157
4700.0 6300.0 3590139
4700.0 6200.0 4460518
4800.0 6200.0 3596447
4800.0 6300.0 2578390
4800.0 6400.0 1793792
4700.0 6500.0 593768
4800.0 6600.0 3653652
4800.0 6500.0 590655
5100.0 6600.0 3159286
5100.0 6500.0 3511846
5100.0 6400.0 1286936
5200.0 6400.0 1939257
5100.0 6300.0 3547364
5100.0 6200.0 2513651
5100.0 6100.0 2723685
5100.0 6000.0 2171933
5100.0 5900.0 3671924
5200.0 5800.0 391655
5400.0 5900.0 2796392
5400.0 6000.0 1068749
5400.0 6100.0 3646227
5400.0 6200.0 56339
5400.0 6300.0 2062763
5400.0 6400.0 1800554
5400.0 6500.0 356097
5400.0 6600.0 2697296
5700.0 6400.0 1769376
5700.0 6500.0 4679910
5800.0 6600.0 4529551
5700.0 6600.0 2617053
5800.0 6500.0 4336675
5800.0 6400.0 4618307
5700.0 6300.0 1311843
5800.0 6300.0 2866233
5800.0 6200.0 3063898
5700.0 6200.0 4624430
5700.0 6100.0 3785497
5800.0 6100.0 4857129
5700.0 6000.0 4662535
5800.0 6000.0 4871468
5700.0 5900.0 1962049
5800.0 5900.0 1474419
6100.0 6100.0 2296716
6100.0 6000.0 4748687
6100.0 5900.0 2349790
6100.0 5800.0 4348837
6100.0 5700.0 870257
6100.0 5600.0 1886371
6100.0 5500.0 4321166
5800.0 5400.0 3660491
5700.0 5300.0 966929
5800.0 5300.0 4088344
5700.0 5400.0 812001
5700.0 5500.0 2915391
5800.0 5600.0 4340010
5800.0 5500.0 276920
5700.0 5600.0 357985
5800.0 5700.0 4431106
5700.0 5700.0 1681997
5800.0 5800.0 3305645
5700.0 5800.0 425299
5600.0 5800.0 3519213
5400.0 5800.0 4582100
5400.0 5700.0 849002
5400.0 5600.0 2552574
5200.0 5700.0 4008634
5100.0 5600.0 3616005
5100.0 5700.0 906801
5100.0 5800.0 4254342
4900.0 5900.0 820195
4800.0 6000.0 946787
4700.0 6100.0 1768558
4800.0 6100.0 1848060
4900.0 6000.0 868039
4800.0 5900.0 4078757
4700.0 5800.0 1541836
4800.0 5800.0 2479950
4900.0 5700.0 2031028
4800.0 5700.0 3672444
4800.0 5600.0 2755095
4700.0 5600.0 2845192
4800.0 5500.0 2070878
4900.0 5500.0 888902
4800.0 5400.0 818381
4900.0 5400.0 1582046
4800.0 5300.0 2949077
4900.0 5300.0 219147
5100.0 5300.0 3618582
5100.0 5400.0 3372483
5100.0 5500.0 3511386
5200.0 5300.0 1695728
5300.0 5400.0 4016878
5200.0 5500.0 2157058
5300.0 5500.0 2200520
5400.0 5500.0 348054
5400.0 5400.0 383511
5400.0 5300.0 1880066
5400.0 5200.0 2605832
5200.0 5200.0 2395939
5100.0 5200.0 1025204
5200.0 5100.0 741339
5100.0 5100.0 1683756
5200.0 5000.0 54645
5100.0 5000.0 2566065
5000.0 5000.0 3590244
4900.0 4900.0 1292834
4800.0 5000.0 939962
4800.0 5100.0 2429467
4900.0 5100.0 1889551
4900.0 5000.0 803811
4700.0 4800.0 4840853
4600.0 4700.0 396797
4700.0 4700.0 2431623
4900.0 4800.0 327828
5000.0 4700.0 4115385
4900.0 4700.0 3821522
4900.0 4600.0 4877496
4900.0 4500.0 1539202
5100.0 4700.0 835881
5200.0 4500.0 2498601
5200.0 4600.0 1403620
5200.0 4700.0 2268317
5200.0 4800.0 2633429
5200.0 4900.0 207768
5400.0 4700.0 572815
5400.0 4800.0 1880590
5400.0 4900.0 492468
5500.0 4900.0 2183662
5400.0 5000.0 2492919
5400.0 5100.0 1682543
5500.0 5000.0 2093908
5600.0 5200.0 1082164
5700.0 5200.0 1540620
5600.0 5100.0 2193192
5600.0 5000.0 1168737
5700.0 5100.0 3437417
5800.0 5200.0 4685258
5800.0 5100.0 926289
5800.0 5000.0 2315944
5700.0 5000.0 2780088
5700.0 4900.0 4835425
5800.0 4900.0 268314
5700.0 4800.0 3922295
5800.0 4800.0 964379
5700.0 4700.0 320294
5800.0 4700.0 3016392
5700.0 4500.0 3231984
5800.0 4500.0 3234874
5700.0 4400.0 3083588
5800.0 4400.0 2329411
6100.0 4700.0 763818
6100.0 4500.0 415364
6100.0 4400.0 1741186
6100.0 4300.0 503274
6100.0 4200.0 2853112
6100.0 4100.0 2012584
6100.0 4000.0 892126
6100.0 3900.0 2293955
6300.0 3800.0 2147979
6300.0 4000.0 1860172
6300.0 4100.0 2501066
6300.0 4200.0 169287
6400.0 4100.0 1517819
6500.0 4100.0 2033879
6500.0 4200.0 2267015
6700.0 4600.0 2325692
6600.0 4700.0 831361
6700.0 4800.0 1494249
6600.0 4900.0 4735165
6700.0 4900.0 2499109
6600.0 4800.0 1828644
6700.0 4700.0 2661924
6600.0 4600.0 4345679
6700.0 4500.0 2417405
7000.0 4500.0 544707
7100.0 4400.0 4114527
7100.0 4500.0 4231508
7000.0 4600.0 4259366
7000.0 4700.0 4672581
7000.0 4800.0 543639
7000.0 4900.0 3553192
7000.0 5000.0 2471269
7000.0 5100.0 4518585
6800.0 5100.0 4231277
6700.0 5100.0 1136740
6700.0 5200.0 3613867
6700.0 5300.0 566840
6600.0 5200.0 1851424
6600.0 5100.0 394703
6700.0 5000.0 2453160
6600.0 5000.0 4454327
6300.0 5100.0 2047393
6300.0 5000.0 2156653
6300.0 4900.0 4766539
6300.0 4800.0 3535360
6300.0 4700.0 3339985
6300.0 4600.0 700949
6100.0 4800.0 306262
6100.0 4900.0 95818
6100.0 5000.0 2783735
6100.0 5100.0 4291114
6100.0 5200.0 1935398
6100.0 5300.0 1079733
6100.0 5400.0 4379019
6300.0 5200.0 4206867
6300.0 5300.0 3309539
6300.0 5400.0 4204856
6300.0 5500.0 4157503
6300.0 5600.0 2544621
6600.0 5400.0 4112069
6600.0 5300.0 3587018
6700.0 5400.0 3135905
6700.0 5500.0 219077
6800.0 5600.0 3594201
6700.0 5600.0 3397802
6800.0 5700.0 2348228
6700.0 5700.0 4362275
6700.0 5800.0 1042944
6600.0 5900.0 4066178
6600.0 6000.0 2951622
6700.0 5900.0 3077725
6600.0 5800.0 389400
6600.0 5700.0 3899854
6600.0 5500.0 3250034
6600.0 5600.0 2823655
6300.0 5700.0 1546243
6300.0 5800.0 2879189
6300.0 5900.0 4807677
6300.0 6000.0 712982
6300.0 6100.0 2838018
6300.0 6200.0 2459766
6100.0 6600.0 4796598
6100.0 6500.0 2928416
6100.0 6400.0 3811575
6100.0 6300.0 4361805
6100.0 6200.0 569216
6300.0 6300.0 874461
6300.0 6400.0 3616158
6300.0 6500.0 4814601
6300.0 6600.0 2183578
6600.0 6600.0 592468
6700.0 6600.0 4342881
6600.0 6500.0 103591
6600.0 6400.0 860656
6700.0 6500.0 2649830
6700.0 6400.0 4370309
6600.0 6300.0 2489747
6600.0 6200.0 3035075
6600.0 6100.0 2707886
6700.0 6000.0 2923406
6700.0 6100.0 2095504
6700.0 6200.0 4353347
6700.0 6300.0 2144116
7000.0 6600.0 497594
7000.0 6500.0 3036951
7000.0 6400.0 426340
7000.0 6300.0 4323732
7000.0 6200.0 3574234
7100.0 6200.0 3178885
7000.0 6100.0 4720231
7100.0 6100.0 2005771
7000.0 6000.0 2542097
7100.0 6000.0 4469897
7000.0 5900.0 654778
7100.0 5900.0 3060011
7100.0 5800.0 4599057
7000.0 5800.0 3964036
7100.0 5700.0 2404900
7000.0 5700.0 1997248
7100.0 5600.0 4855011
7000.0 5600.0 903297
7000.0 5500.0 376987
7100.0 5500.0 4540443
7000.0 5400.0 818417
7100.0 5400.0 4641700
7000.0 5300.0 556322
7100.0 5300.0 3092687
7200.0 5200.0 4799836
7100.0 5200.0 2624724
7000.0 5200.0 4565361
7100.0 5100.0 2094387
7200.0 4900.0 4027954
7300.0 4800.0 1217992
7300.0 4700.0 447641
7400.0 4800.0 2579820
7500.0 4700.0 889039
7500.0 4800.0 2293150
7500.0 4900.0 434868
7500.0 5000.0 2484919
7600.0 5100.0 857110
7500.0 5200.0 3586397
7500.0 5100.0 4608272
7400.0 5100.0 3384434
7400.0 5200.0 832324
7400.0 5300.0 4733170
7500.0 5300.0 2660480
7400.0 5400.0 606441
7500.0 5400.0 1645002
7400.0 5500.0 223323
7400.0 5600.0 3955284
7500.0 5500.0 1534904
7700.0 5500.0 1286206
7600.0 5700.0 551078
7700.0 5800.0 4463965
7600.0 5900.0 2605200
7600.0 5800.0 4821409
7500.0 5700.0 4776235
7500.0 5800.0 4182170
7400.0 5700.0 2501581
7400.0 5800.0 4156903
7400.0 5900.0 1470939
7500.0 5900.0 3541325
7400.0 6200.0 926930
7300.0 6200.0 3486730
7300.0 6100.0 2892647
7400.0 6000.0 972786
7500.0 6000.0 1562043
7400.0 6100.0 3163180
7500.0 6100.0 1856680
7600.0 6200.0 4131857
7600.0 6100.0 4442338
7500.0 6200.0 1615398
7500.0 6300.0 868890
7500.0 6400.0 3637534
7600.0 6500.0 259069
7700.0 6600.0 2307432
7600.0 6600.0 3414482
7500.0 6600.0 1325240
7500.0 6500.0 2462513
7300.0 6600.0 3746787
7300.0 6500.0 1762246
7400.0 6500.0 975818
7600.0 6400.0 570761
7700.0 6500.0 223981
7800.0 6500.0 1828532
7800.0 6600.0 2276143
7900.0 6600.0 3893346
7900.0 6500.0 354142
7900.0 6400.0 4133239
7800.0 6400.0 4886049
7700.0 6400.0 636921
7800.0 6300.0 256655
7900.0 6300.0 2618669
7900.0 6200.0 277223
7800.0 6200.0 4819112
7700.0 6100.0 1412212
7800.0 6100.0 4585893
7900.0 6100.0 3174163
8000.0 6200.0 2833958
8000.0 6100.0 2143937
7900.0 6000.0 3758837
7800.0 6000.0 123657
7800.0 5900.0 3129540
7900.0 5900.0 357272
8000.0 5900.0 4664230
8100.0 5900.0 429854
8100.0 6000.0 1246891
8000.0 6000.0 3441837
8200.0 6200.0 3340122
8300.0 6300.0 4848669
8300.0 6200.0 4811880
8200.0 6100.0 343532
8100.0 6200.0 1910435
8200.0 6300.0 2259670
8300.0 6400.0 4751693
8200.0 6400.0 2841028
8200.0 6500.0 1560271
8100.0 6600.0 4807749
8200.0 6600.0 4574293
8300.0 6500.0 2914741
8300.0 6600.0 1957452
8400.0 6800.0 1024941
8400.0 6600.0 123119
8400.0 6500.0 2673640
8600.0 6400.0 448541
8500.0 6400.0 1245210
8400.0 6400.0 4664821
8500.0 6300.0 4413223
8400.0 6300.0 2000509
8400.0 6200.0 4061593
8500.0 6200.0 2143817
8600.0 6300.0 4782496
8600.0 6200.0 4782860
8600.0 6100.0 4561923
8500.0 6100.0 444295
8400.0 6100.0 246755
8300.0 6100.0 2506169
8400.0 6000.0 2350597
8500.0 6000.0 2545045
8400.0 5900.0 583559
8500.0 5900.0 4175267
8600.0 6000.0 3304612
8600.0 5900.0 4037681
8600.0 5800.0 3471053
8500.0 5800.0 2492031
8400.0 5800.0 4044216
8300.0 5900.0 1062128
8300.0 6000.0 3010314
8200.0 6000.0 3464553
8200.0 5900.0 1398479
8300.0 5800.0 414687
8200.0 5800.0 557106
8200.0 5700.0 969039
8300.0 5700.0 2560711
8400.0 5700.0 3027061
8500.0 5700.0 428471
8600.0 5700.0 1256801
8600.0 5600.0 1854193
8500.0 5600.0 1339966
8400.0 5600.0 3064013
8300.0 5600.0 70041
8400.0 5500.0 441922
8200.0 5400.0 2076041
8200.0 5500.0 4663404
8200.0 5600.0 1928992
8100.0 5600.0 937736
8100.0 5700.0 1441988
8000.0 5700.0 1344220
8000.0 5600.0 4787693
7900.0 5600.0 2468512
7900.0 5700.0 3959608
7900.0 5800.0 1130048
7800.0 5800.0 852641
7800.0 5700.0 1214126
7700.0 5700.0 419558
7800.0 5600.0 4821266
7800.0 5500.0 3944288
7900.0 5500.0 3325858
7900.0 5400.0 28166
7800.0 5400.0 1285836
7700.0 5400.0 2139944
7800.0 5300.0 1848490
7900.0 5300.0 1025751
7900.0 5200.0 2039651
7800.0 5200.0 2004863
7700.0 5100.0 901246
7900.0 5100.0 4101136
7800.0 5100.0 4142542
7900.0 5000.0 4106053
7800.0 5000.0 4185918
7800.0 4900.0 200618
7900.0 4900.0 4548022
7800.0 4800.0 4583796
7900.0 4800.0 4569352
7800.0 4700.0 2533090
7900.0 4700.0 3329904
7900.0 4600.0 4702357
7800.0 4600.0 4708702
7800.0 4500.0 4273393
7900.0 4400.0 4149007
8000.0 4400.0 3891954
8000.0 4300.0 4221511
8200.0 4300.0 839430
8200.0 4600.0 3127859
8200.0 4700.0 4816377
8300.0 4800.0 1568674
8200.0 4900.0 3328917
8200.0 4800.0 3838844
8300.0 4900.0 3223136
8400.0 5000.0 4236136
8400.0 5100.0 49392
8500.0 5000.0 3263845
8600.0 5100.0 3978132
8600.0 5000.0 4104481
8500.0 5100.0 1454448
8600.0 5200.0 2266632
8600.0 5300.0 2422406
8500.0 5200.0 2924618
8400.0 5200.0 403229
8500.0 5300.0 1280488
8600.0 5400.0 3687653
8600.0 5500.0 3872432
8500.0 5400.0 2417077
8400.0 5300.0 1596725
8300.0 5300.0 2494342
8200.0 5300.0 940616
8200.0 5200.0 4292843
8200.0 5100.0 3366288
8200.0 5000.0 1554503
8400.0 4900.0 420710
8500.0 4900.0 779156
8400.0 4800.0 2253513
8500.0 4800.0 2026711
8600.0 4900.0 242944
8600.0 4800.0 1678038
8600.0 4700.0 3649276
8500.0 4700.0 361637
8400.0 4700.0 3951289
8400.0 4600.0 2094400
8400.0 4500.0 4241029
8500.0 4600.0 1969454
8500.0 4500.0 1027536
8600.0 4600.0 2373977
8600.0 4500.0 1245911
8600.0 4400.0 2767502
8400.0 4200.0 4716494
8500.0 4200.0 2880305
8600.0 4200.0 2663232
8500.0 4100.0 4169491
8400.0 4100.0 1761794
8400.0 4000.0 814010
8500.0 4000.0 4468363
8600.0 4100.0 2518397
8600.0 4000.0 3601040
8600.0 3900.0 410514
8500.0 3900.0 4363299
8400.0 3900.0 2285539
8500.0 3800.0 1956687
8400.0 3800.0 3496245
8300.0 3900.0 2012897
8200.0 3800.0 2843121
8200.0 3900.0 4140323
8200.0 4000.0 2493596
8200.0 4100.0 4820513
8100.0 4000.0 1878750
8400.0 3700.0 1705647
8200.0 3700.0 825991
8200.0 3600.0 983127
8200.0 3500.0 2191776
8400.0 3600.0 3732565
8400.0 3500.0 4070211
8500.0 3500.0 3924278
8600.0 3600.0 1075761
8500.0 3700.0 4014946
8600.0 3800.0 1642343
8600.0 3700.0 4804997
8500.0 3600.0 218446
8600.0 3500.0 2604411
8600.0 3400.0 1751455
8500.0 3400.0 1411188
8400.0 3400.0 3741275
8500.0 3200.0 3391054
8400.0 3200.0 704447
8500.0 3100.0 1903677
8400.0 3100.0 3282437
8300.0 3000.0 655326
8200.0 3200.0 4528695
8200.0 3100.0 3402571
8200.0 3000.0 1289796
8100.0 3000.0 106715
8000.0 3000.0 2978572
8000.0 2900.0 4883124
8100.0 2900.0 4541145
8200.0 2900.0 1342836
8100.0 2800.0 3776378
8200.0 2700.0 4030807
8100.0 2700.0 2729098
8200.0 2600.0 3352172
8300.0 2700.0 586461
8200.0 2800.0 3119166
8300.0 2900.0 1780107
8400.0 2900.0 3640821
8400.0 3000.0 2507587
8500.0 3000.0 1153881
8600.0 3100.0 1010462
8600.0 3000.0 4781513
8500.0 2900.0 3435340
8600.0 2900.0 3235450
8600.0 2800.0 153754
8500.0 2800.0 3158646
8400.0 2800.0 4162419
8300.0 2800.0 2894951
8400.0 2700.0 4899079
8500.0 2700.0 3772875
8400.0 2600.0 3856593
8500.0 2600.0 2800342
8600.0 2700.0 2328846
8600.0 2600.0 212769
8600.0 2500.0 3473888
8500.0 2500.0 3564021
8400.0 2500.0 3422232
8300.0 2500.0 4403188
8400.0 2400.0 496809
8500.0 2400.0 4377854
8600.0 2400.0 3491924
8600.0 2300.0 3705076
8500.0 2300.0 3913466
8400.0 2300.0 4214545
8400.0 2200.0 3238685
8400.0 1900.0 769389
8200.0 2100.0 71016
8200.0 2200.0 2418106
8200.0 2300.0 1833670
8300.0 2400.0 333435
8200.0 2500.0 1043260
8200.0 2400.0 706697
7900.0 2200.0 3432419
7900.0 2100.0 350449
7800.0 2100.0 1840452
7800.0 2200.0 50695
7800.0 2300.0 4754280
7900.0 2300.0 2705095
7700.0 2500.0 1599615
7800.0 2400.0 2065299
7900.0 2400.0 373179
7800.0 2500.0 891407
7800.0 2600.0 2603051
7900.0 2500.0 4801567
8000.0 2600.0 1376929
8000.0 2500.0 1950192
7900.0 2600.0 387678
8000.0 2700.0 2941907
7900.0 2800.0 1448007
7900.0 2700.0 3276708
7800.0 2700.0 2891348
7800.0 2800.0 4759548
7700.0 2700.0 785539
7600.0 2700.0 4867320
7700.0 2900.0 595358
7800.0 2900.0 1443181
7900.0 3000.0 2405753
7900.0 2900.0 3692373
7800.0 3000.0 1226842
7700.0 3000.0 212078
7800.0 3100.0 3513749
7700.0 3200.0 4843899
7800.0 3200.0 356263
7900.0 3300.0 4843555
7900.0 3400.0 2385059
7800.0 3500.0 3553537
7800.0 3400.0 2139152
7800.0 3300.0 2338030
7900.0 3200.0 2752112
8000.0 3300.0 4821910
8000.0 3200.0 4654588
8200.0 3400.0 3794895
8200.0 3300.0 450288
8000.0 3400.0 990953
7900.0 3500.0 645756
7800.0 3600.0 1421217
7900.0 3600.0 994247
7800.0 3700.0 1840977
7900.0 3800.0 3172990
7900.0 3700.0 882346
7800.0 3800.0 1951678
7900.0 3900.0 3895479
7800.0 3900.0 980215
7900.0 4000.0 1154570
7800.0 4100.0 4783801
7800.0 4000.0 1450300
7900.0 4100.0 2762135
7800.0 4200.0 4201349
7800.0 4300.0 2681718
7700.0 4300.0 3916724
7600.0 4300.0 1862099
7500.0 4500.0 264240
7400.0 4400.0 4719297
7300.0 4500.0 3562648
7400.0 4600.0 2869302
7500.0 4600.0 2236438
7400.0 4500.0 4113643
7300.0 4400.0 4549820
7400.0 4300.0 142736
7500.0 4300.0 1531672
7500.0 4200.0 358698
7400.0 4200.0 326001
7300.0 4100.0 1239288
7400.0 4100.0 4463362
7500.0 4100.0 2818202
7500.0 4000.0 1862241
7400.0 4000.0 1255938
7500.0 3900.0 1065039
7400.0 3900.0 1671929
7500.0 3800.0 1578807
7400.0 3800.0 1612059
7300.0 3700.0 1143585
7400.0 3700.0 3485671
7500.0 3700.0 4012667
7600.0 3600.0 691965
7500.0 3600.0 4277533
7400.0 3600.0 4187543
7400.0 3500.0 4647381
7500.0 3500.0 1656977
7400.0 3400.0 2152587
7400.0 3300.0 4412302
7500.0 3400.0 2441727
7600.0 3400.0 284862
7600.0 3200.0 4109216
7500.0 3200.0 3220394
7500.0 3100.0 147252
7300.0 3100.0 771646
7300.0 3000.0 1115222
7500.0 3000.0 3021865
7500.0 2900.0 3277497
7300.0 2800.0 3769672
7500.0 2800.0 1540014
7500.0 2700.0 508729
7500.0 2600.0 590628
7600.0 2600.0 3149209
7500.0 2500.0 4039087
7300.0 2700.0 419553
7300.0 2600.0 3122028
7300.0 2500.0 604414
7300.0 2400.0 77636
7400.0 2300.0 1171282
7300.0 2300.0 2708667
7300.0 2200.0 1736500
7500.0 2400.0 3553420
7500.0 2300.0 4776249
7500.0 2200.0 4628531
7500.0 2100.0 1722826
7300.0 2100.0 25920
7200.0 2200.0 1536347
7100.0 2100.0 3571672
7100.0 2200.0 4342417
7000.0 2200.0 2942162
7100.0 2300.0 4396286
7100.0 2400.0 1680191
7100.0 2600.0 4796763
7100.0 2500.0 2048362
7000.0 2400.0 2678206
6900.0 2400.0 2335204
6900.0 2300.0 4440214
6900.0 2200.0 4493740
6800.0 2200.0 2397837
6700.0 2200.0 3973302
6700.0 2300.0 4377937
6700.0 2400.0 3592910
6700.0 2500.0 818086
6900.0 2500.0 1739124
6900.0 2600.0 2423193
6900.0 2700.0 4271839
7100.0 2800.0 1921734
7100.0 2700.0 3072730
6900.0 2800.0 2251270
6800.0 3100.0 2602148
6900.0 3100.0 1380184
6900.0 3000.0 2084672
6900.0 2900.0 2369809
6800.0 2800.0 2169122
6700.0 3000.0 3107506
6700.0 2900.0 1870298
6700.0 2800.0 1079008
6500.0 2400.0 285657
6500.0 2300.0 4514979
6500.0 2200.0 3849535
6300.0 2200.0 4235674
6100.0 2100.0 2687773
6100.0 2200.0 1550561
6100.0 2300.0 1681614
6100.0 2400.0 4398673
6300.0 2300.0 475683
6300.0 2400.0 2740439
6100.0 2500.0 252821
6300.0 2700.0 1288598
6100.0 2900.0 850051
6100.0 3000.0 3931932
6000.0 3000.0 911144
6000.0 2900.0 2467863
6100.0 2800.0 1009640
6300.0 3000.0 4073442
6300.0 2900.0 2763072
6300.0 2800.0 250899
6500.0 2800.0 4565800
6500.0 2900.0 4748901
6500.0 3000.0 2365188
6700.0 3400.0 2724916
6700.0 3600.0 2148687
6700.0 3500.0 1308846
6800.0 3400.0 4901154
6900.0 3400.0 4565711
7100.0 3400.0 2322615
7200.0 3500.0 1776725
7200.0 3600.0 1930532
7100.0 3500.0 2112911
7100.0 3600.0 4566649
7100.0 3700.0 2786500
7200.0 3700.0 504273
7100.0 3800.0 877703
7000.0 3800.0 2689411
7100.0 3900.0 3542026
7200.0 4000.0 1855152
7100.0 4000.0 36957
7200.0 4100.0 4004222
7100.0 4200.0 360815
7100.0 4300.0 1728909
7200.0 4200.0 3710780
7100.0 4100.0 3716339
6900.0 4000.0 3185632
6900.0 4100.0 1587271
6900.0 4200.0 2917843
6700.0 4200.0 1524650
6700.0 4100.0 4494746
6700.0 4000.0 3943775
6800.0 4000.0 1104616
6900.0 3900.0 2436
6500.0 3600.0 810089
6500.0 3500.0 1409622
6500.0 3400.0 772727
6300.0 3600.0 1466024
6300.0 3500.0 4404977
6300.0 3400.0 424975
6100.0 3600.0 2987726
6100.0 3500.0 4722333
6100.0 3400.0 2393281
5900.0 3400.0 3912383
5900.0 3500.0 1333137
5900.0 3600.0 3949827
5700.0 3700.0 1962266
5700.0 3600.0 2927567
5700.0 3500.0 28366
5700.0 3400.0 4607672
5700.0 3300.0 2649663
5700.0 3200.0 1271720
5700.0 3100.0 285092
5700.0 3000.0 2492993
5900.0 3000.0 2124194
5900.0 2900.0 723914
5900.0 2800.0 3064376
5700.0 2900.0 1071619
5700.0 2800.0 4301437
5700.0 2700.0 1721483
5800.0 2700.0 4573207
5700.0 2600.0 1183140
5700.0 2500.0 1935950
5700.0 2400.0 2086884
5900.0 2400.0 4088839
5900.0 2300.0 3924452
5900.0 2200.0 4131448
5700.0 2300.0 3338004
5700.0 2200.0 3697275
5700.0 2100.0 1598277
5600.0 2200.0 2127498
5500.0 2300.0 3400847
5500.0 2400.0 4795157
5400.0 2300.0 85073
5400.0 2100.0 1528157
5300.0 2100.0 694523
5400.0 2200.0 3269871
5300.0 2200.0 1390899
5200.0 2200.0 3344809
5300.0 2300.0 1340882
5400.0 2400.0 2142707
5300.0 2400.0 1570812
5400.0 2500.0 503637
5400.0 2600.0 3158170
5300.0 2600.0 939257
5400.0 2700.0 3424905
5300.0 2700.0 4578293
5200.0 2700.0 1444667
5300.0 2800.0 3880647
5400.0 2800.0 2953569
5400.0 2900.0 2341665
5400.0 3000.0 4661118
5300.0 3100.0 2479067
5400.0 3200.0 3183332
5400.0 3100.0 3530755
5300.0 3200.0 4280562
5400.0 3300.0 2419560
5400.0 3400.0 1784679
5400.0 3500.0 2193895
5300.0 3600.0 1725816
5400.0 3600.0 4697417
5400.0 3700.0 1406368
5600.0 4000.0 4864150
5700.0 3900.0 520814
5800.0 4000.0 1393964
5800.0 3900.0 2664282
5700.0 4000.0 3598279
5600.0 4100.0 208978
5700.0 4100.0 3582033
5800.0 4100.0 4477614
5900.0 4100.0 2878434
5800.0 4200.0 2118478
5800.0 4300.0 3267631
5700.0 4200.0 3924126
5700.0 4300.0 3143692
5600.0 4400.0 248465
5600.0 4300.0 4455288
5500.0 4400.0 3677120
5600.0 4500.0 3997193
5400.0 4500.0 3240597
5400.0 4400.0 3989273
5300.0 4300.0 2705744
5400.0 4300.0 4755696
5500.0 4300.0 1348695
5400.0 4200.0 400028
5400.0 4100.0 3523153
5500.0 4100.0 3944645
5400.0 4000.0 3605429
5500.0 4000.0 708871
5400.0 3900.0 360365
5300.0 4100.0 623162
5200.0 4200.0 4862184
5200.0 4300.0 4612889
5100.0 4200.0 1111565
5200.0 4100.0 1200365
5200.0 4000.0 17823
5200.0 3900.0 3588598
5100.0 3900.0 3174474
5100.0 3800.0 3056880
5200.0 3800.0 1626665
5200.0 3700.0 86658
5100.0 3700.0 99331
5000.0 3800.0 1274906
4900.0 3900.0 1914140
4900.0 4000.0 99079
5000.0 3900.0 1516999
4900.0 3800.0 2567393
4900.0 3700.0 2589659
5000.0 3700.0 783854
5000.0 3500.0 126306
4900.0 3600.0 282637
4900.0 3500.0 809342
4800.0 3600.0 1882170
4800.0 3500.0 20386
4900.0 3400.0 363358
5000.0 3400.0 3087994
5100.0 3500.0 3817047
5100.0 3400.0 1409113
5100.0 3300.0 1375816
5200.0 3200.0 2967899
5100.0 3200.0 4881100
5100.0 3100.0 591508
5100.0 3000.0 2911422
5000.0 3100.0 3032424
4900.0 3300.0 2863434
4800.0 3200.0 383577
4800.0 3300.0 1542794
4800.0 3400.0 1650225
4700.0 3500.0 179877
4600.0 3500.0 3398408
4700.0 3400.0 877960
4700.0 3300.0 3385969
4600.0 3400.0 2719745
4600.0 3300.0 3283919
4700.0 3200.0 4116485
4600.0 3200.0 2440762
4600.0 3100.0 1688191
4700.0 3100.0 4776814
4800.0 3100.0 295075
4700.0 3000.0 2805830
4800.0 3000.0 3158007
4700.0 2900.0 3355318
4800.0 2900.0 2557142
5100.0 2900.0 1264779
5100.0 2700.0 1301897
5100.0 2600.0 923348
5000.0 2600.0 2670760
5100.0 2500.0 3785146
5200.0 2500.0 847488
5300.0 2500.0 3316826
5200.0 2400.0 4863662
5100.0 2400.0 2300947
5100.0 2300.0 4226299
5000.0 2200.0 4227340
5100.0 2200.0 116103
5100.0 2100.0 3132128
5000.0 2100.0 3534022
4800.0 2200.0 1585443
4800.0 2100.0 3332696
4700.0 2100.0 2274072
4700.0 2200.0 379027
4600.0 2300.0 2992364
4700.0 2300.0 483157
4800.0 2300.0 143537
4700.0 2400.0 3079989
4800.0 2400.0 3348648
4800.0 2500.0 2463028
4800.0 2600.0 4786282
4800.0 2700.0 1385691
4700.0 2600.0 3047749
4700.0 2700.0 1926314
4600.0 2700.0 2792431
4600.0 2600.0 2889467
4700.0 2500.0 4034126
4600.0 2400.0 4644573
4500.0 2300.0 3784987
4400.0 2300.0 929175
4300.0 2200.0 2156364
4300.0 2100.0 3015994
4400.0 2100.0 3774120
4400.0 2200.0 1154958
4400.0 2400.0 735689
4300.0 2500.0 2339161
4400.0 2500.0 2302733
4300.0 2600.0 1280752
4300.0 2700.0 1087592
4400.0 2600.0 4131113
4500.0 2800.0 1287907
4400.0 2700.0 1770040
4300.0 2800.0 557587
4200.0 3000.0 4571032
4300.0 2900.0 1300606
4400.0 2900.0 2301069
4300.0 3000.0 1621885
4300.0 3200.0 4862753
4300.0 3300.0 2657657
4200.0 3200.0 4026540
4300.0 3100.0 3157245
4400.0 3000.0 4695862
4400.0 3100.0 2453819
4500.0 3200.0 2148040
4500.0 3100.0 3988909
4400.0 3200.0 2281219
4500.0 3300.0 2265612
4400.0 3300.0 4611071
4500.0 3400.0 3341526
4400.0 3400.0 4330691
4300.0 3400.0 1175109
4200.0 3400.0 2396918
4300.0 3500.0 716628
4300.0 3600.0 512456
4400.0 3500.0 2090750
4400.0 3600.0 1019489
4400.0 3700.0 4456927
4500.0 3800.0 3822166
4600.0 3800.0 430806
4500.0 3700.0 1822506
4600.0 3700.0 1638494
4700.0 3700.0 3979759
4800.0 3800.0 3973121
4700.0 3900.0 551306
4700.0 3800.0 469572
4800.0 4000.0 4656624
4700.0 4000.0 1941868
4800.0 4100.0 1201646
4900.0 4200.0 4574326
4900.0 4300.0 2417149
5000.0 4200.0 3613081
4900.0 4100.0 3561167
4800.0 4200.0 3746077
4700.0 4300.0 419293
4700.0 4200.0 3261441
4700.0 4100.0 277979
4500.0 4100.0 3000810
4600.0 4000.0 4641604
4600.0 3900.0 4318451
4500.0 4000.0 2018360
4500.0 3900.0 987999
4400.0 3900.0 3292170
4300.0 4000.0 4195306
4300.0 3900.0 4345681
4400.0 3800.0 4357558
4300.0 3800.0 1316800
4300.0 3700.0 38863
4200.0 3700.0 3384360
4100.0 3800.0 2505994
4100.0 3700.0 3610461
4000.0 3700.0 3204073
4100.0 3600.0 119099
4000.0 3500.0 718427
3900.0 3600.0 2288942
3900.0 3500.0 4353263
3800.0 3500.0 3874688
3700.0 3700.0 2807929
3600.0 3600.0 1420385
3600.0 3500.0 4675112
3700.0 3500.0 1771647
3800.0 3400.0 4351506
3900.0 3400.0 3098427
4000.0 3400.0 1386605
4000.0 3300.0 1165340
4100.0 3300.0 3033430
4000.0 3200.0 3371619
3900.0 3300.0 3697698
3800.0 3200.0 2818979
3900.0 3200.0 4910358
4000.0 3100.0 2184492
3900.0 3100.0 4576159
3900.0 3000.0 3366539
4000.0 3000.0 4549882
4000.0 2900.0 2009941
4000.0 2800.0 4424133
3900.0 2800.0 85719
3900.0 2700.0 3889922
4000.0 2600.0 1714379
4000.0 2700.0 3841461
3900.0 2600.0 2326163
3900.0 2500.0 939371
4000.0 2500.0 829373
3900.0 2400.0 1756568
3900.0 2300.0 2310577
3900.0 2200.0 3602673
3900.0 2100.0 3715203
3700.0 1900.0 1125848
3600.0 2100.0 1544526
3600.0 2200.0 11587
3600.0 2300.0 3841965
3400.0 2100.0 507883
3400.0 2200.0 3788798
3300.0 2300.0 2623339
3300.0 2200.0 892554
3400.0 2300.0 2117665
3300.0 2400.0 3898198
3300.0 2500.0 1081774
3400.0 2600.0 4690478
3300.0 2700.0 1364814
3300.0 2600.0 1885693
3400.0 2500.0 2153071
3400.0 2400.0 3680286
3500.0 2400.0 3138317
3500.0 2500.0 2280106
3600.0 2400.0 3523316
3600.0 2500.0 593145
3600.0 2600.0 1660556
3600.0 2700.0 3055365
3600.0 2800.0 2943141
3500.0 2900.0 2940056
3500.0 2800.0 899881
3400.0 2700.0 1447042
3400.0 2800.0 2373647
3300.0 2900.0 939157
3300.0 2800.0 814079
3400.0 2900.0 660758
3300.0 3000.0 675075
3300.0 3100.0 729221
3400.0 3200.0 446781
3300.0 3300.0 3722705
3300.0 3200.0 32615
3400.0 3100.0 480358
3400.0 3000.0 4270245
3500.0 3000.0 4022587
3500.0 3100.0 1201310
3600.0 3000.0 4450958
3600.0 3100.0 4355139
3700.0 3200.0 1573804
3600.0 3400.0 3874293
3600.0 3300.0 4397292
3600.0 3200.0 2456758
3500.0 3200.0 2762486
3500.0 3300.0 951720
3400.0 3300.0 1755928
3500.0 3400.0 4415157
3500.0 3500.0 527932
3400.0 3400.0 3330090
3300.0 3500.0 3306289
3300.0 3400.0 1067548
3400.0 3500.0 4095344
3300.0 3600.0 4316278
3300.0 3700.0 2856489
3400.0 3800.0 4490106
3300.0 3900.0 4569051
3300.0 3800.0 4507893
3400.0 3700.0 928034
3400.0 3600.0 3699122
3500.0 3600.0 2598745
3500.0 3700.0 883600
3600.0 3800.0 210501
3600.0 3700.0 4213189
3500.0 3800.0 1626975
3500.0 3900.0 3011543
3400.0 3900.0 71116
3400.0 4000.0 2901031
3300.0 4100.0 3937384
3300.0 4000.0 3810280
3400.0 4100.0 1478975
3500.0 4100.0 521061
3600.0 4200.0 424198
3500.0 4300.0 3386425
3600.0 4400.0 1224624
3500.0 4700.0 896248
3600.0 4800.0 1739233
3600.0 4700.0 1134234
3600.0 4600.0 3436196
3600.0 4500.0 1795488
3500.0 4400.0 4218783
3600.0 4300.0 499795
3500.0 4200.0 2931330
3400.0 4200.0 3669962
3300.0 4300.0 778114
3300.0 4200.0 2032891
3400.0 4300.0 2523483
3300.0 4400.0 1436358
3300.0 4500.0 370115
3400.0 4400.0 279469
3500.0 4500.0 3761691
3400.0 4500.0 4695594
3500.0 4600.0 1054502
3400.0 4600.0 2354389
3300.0 4700.0 3648267
3300.0 4600.0 2961096
3400.0 4700.0 4586347
3300.0 4800.0 4018915
3300.0 4900.0 60871
3400.0 5000.0 3582107
3400.0 5200.0 2625115
3300.0 5300.0 895625
3300.0 5400.0 31488
3400.0 5300.0 244448
3300.0 5200.0 364241
3300.0 5100.0 4197843
3300.0 5000.0 4415382
3400.0 4900.0 1184874
3400.0 4800.0 362494
3500.0 4800.0 2887575
3500.0 4900.0 3355858
3600.0 5000.0 2997966
3600.0 4900.0 1598786
3500.0 5000.0 1169520
3400.0 5100.0 3260923
3600.0 5100.0 3792919
3600.0 5200.0 943011
3600.0 5300.0 2323132
3600.0 5400.0 3514360
3500.0 5300.0 288087
3400.0 5400.0 3129774
3300.0 5500.0 1687979
3400.0 5600.0 4010375
3300.0 5700.0 3058729
3300.0 5600.0 232529
3400.0 5500.0 3662327
3500.0 5500.0 9121
3600.0 5500.0 3797107
3500.0 5600.0 780467
3600.0 5700.0 2643082
3700.0 5800.0 4421643
3600.0 5900.0 2022975
3700.0 6000.0 3152424
3700.0 6100.0 4297282
3600.0 6000.0 273467
3500.0 5900.0 88400
3600.0 5800.0 195086
3500.0 5800.0 424485
3500.0 5700.0 4424286
3400.0 5700.0 4595509
3400.0 5800.0 2419205
3300.0 5900.0 262978
3300.0 5800.0 80934
3400.0 5900.0 229248
3300.0 6000.0 1998477
3300.0 6100.0 3568695
3400.0 6200.0 1817880
3300.0 6300.0 2181841
3300.0 6200.0 610472
3400.0 6100.0 1511011
3400.0 6000.0 4353230
3500.0 6000.0 304768
3500.0 6100.0 2918373
3600.0 6200.0 4687442
3600.0 6100.0 1744315
3500.0 6200.0 3692561
3500.0 6300.0 4442717
3400.0 6300.0 769105
3300.0 6400.0 3673695
3300.0 6500.0 719218
3400.0 6600.0 2917442
3400.0 6500.0 4141076
3400.0 6400.0 1654949
3500.0 6500.0 323762
3500.0 6600.0 2018466
3700.0 6800.0 4350534
3600.0 6600.0 514365
3600.0 6500.0 2509239
3500.0 6400.0 3943417
3600.0 6300.0 2386586
3700.0 6300.0 1401142
3600.0 6400.0 1959159
3800.0 6500.0 987994
3800.0 6600.0 3812153
3900.0 6600.0 4616141
4000.0 6600.0 1174460
3900.0 6500.0 273583
4000.0 6500.0 2268852
4100.0 6600.0 3899157
4200.0 6600.0 3336953
4100.0 6500.0 356765
4100.0 6400.0 3059930
4000.0 6400.0 277494
3900.0 6400.0 2757574
3800.0 6400.0 4457448
3800.0 6300.0 1612776
3900.0 6300.0 143646
3900.0 6200.0 4233131
4000.0 6300.0 3723795
4000.0 6200.0 3854335
4100.0 6300.0 1023733
4200.0 6300.0 3497650
4200.0 6200.0 3196898
4100.0 6200.0 3710354
4100.0 6100.0 4444888
4000.0 6100.0 2129978
3900.0 6100.0 4548017
3900.0 6000.0 3036150
3800.0 6100.0 2650166
3800.0 6000.0 1857218
3900.0 5900.0 955303
4000.0 5900.0 2608538
4000.0 6000.0 912098
4100.0 6000.0 2607904
4200.0 6100.0 944075
4300.0 6200.0 307448
4300.0 6100.0 2103921
4200.0 6000.0 4444394
4100.0 5900.0 4098811
4000.0 5800.0 3043270
3900.0 5800.0 2975224
3800.0 5800.0 4470470
3900.0 5700.0 1057546
3900.0 5600.0 2615211
4000.0 5600.0 3757872
4000.0 5700.0 1758741
4200.0 5600.0 4657887
4200.0 5500.0 2609438
4100.0 5500.0 70990
4000.0 5500.0 2509982
