# C:\Users\gielpa\PycharmProjects\Genetic-Algorithm\data-bak\u159.tsp\data
3300.0 2200.0 235525
3500.0 2900.0 141351
3300.0 2900.0 87719
3500.0 3100.0 13818
3500.0 3300.0 27496
3300.0 3500.0 114689
3500.0 3700.0 460138
3500.0 3900.0 37499
3500.0 4000.0 228640
3500.0 4100.0 25609
3500.0 4300.0 25232
3300.0 4300.0 187733
3500.0 4500.0 24740
3500.0 4700.0 231538
3500.0 4800.0 484606
3300.0 4900.0 35171
3500.0 5000.0 126087
3800.0 5500.0 275228
3900.0 5700.0 57877
3800.0 5800.0 286529
3700.0 5800.0 326991
3500.0 5600.0 25266
3500.0 5700.0 273718
3300.0 5900.0 510781
3500.0 6100.0 246200
3300.0 6500.0 391266
3500.0 6400.0 57615
3800.0 6600.0 9908
4500.0 6500.0 524255
4700.0 6100.0 435811
4300.0 5700.0 197052
4500.0 5400.0 149659
5100.0 5300.0 26744
5100.0 5000.0 338324
5000.0 5000.0 300028
5100.0 4700.0 193386
5000.0 4700.0 382059
5200.0 4500.0 132778
5500.0 4400.0 508952
5600.0 4400.0 209736
5500.0 4100.0 53300
5700.0 3900.0 525707
5900.0 4100.0 213984
6100.0 3900.0 85346
6300.0 4100.0 407016
6500.0 4100.0 80244
6700.0 4100.0 70691
6900.0 4100.0 437942
7000.0 4500.0 325272
7300.0 4500.0 522759
7300.0 4700.0 441681
7400.0 5100.0 121587
7700.0 5500.0 219993
7800.0 5700.0 228838
7300.0 6200.0 473056
7300.0 6500.0 267964
7600.0 6500.0 402310
7700.0 6600.0 100698
8100.0 6600.0 41306
8500.0 6300.0 439657
8500.0 6000.0 389325
8500.0 5700.0 454606
8200.0 5700.0 207126
8500.0 5300.0 65259
8500.0 5200.0 86504
8500.0 5100.0 361972
8500.0 5000.0 293306
8500.0 4900.0 363151
8500.0 4800.0 241068
8500.0 4700.0 365313
8500.0 4600.0 262324
8500.0 4500.0 100167
8200.0 4600.0 277639
7800.0 4600.0 342981
7700.0 4300.0 188702
8000.0 4300.0 439880
8100.0 4000.0 104014
8500.0 4200.0 179876
8500.0 4100.0 343693
8500.0 4000.0 102670
8500.0 3900.0 253365
8500.0 3800.0 181690
8500.0 3700.0 359993
8500.0 3600.0 455578
8500.0 3500.0 382489
8500.0 3400.0 353046
8200.0 3200.0 43931
8000.0 3200.0 488031
7800.0 3400.0 321184
7600.0 3400.0 20602
7400.0 3400.0 394731
7300.0 3000.0 36449
7300.0 2800.0 235038
7700.0 3200.0 495639
8000.0 2900.0 505159
8100.0 3000.0 88616
8500.0 3100.0 446250
8500.0 3000.0 144170
8500.0 2900.0 235654
8500.0 2800.0 344483
8500.0 2700.0 385494
8500.0 2600.0 352186
8500.0 2500.0 508726
8500.0 2400.0 352157
8500.0 2300.0 154755
8200.0 2100.0 219025
7800.0 2100.0 148772
6900.0 2200.0 178255
6700.0 2300.0 154079
6500.0 2300.0 122976
6300.0 2300.0 435163
6100.0 2300.0 48435
5900.0 2300.0 139627
5900.0 2900.0 285297
6100.0 2900.0 317029
6300.0 2900.0 51930
6500.0 2900.0 102300
6700.0 2900.0 381556
6700.0 3500.0 388872
6500.0 3500.0 75848
6300.0 3500.0 162521
6100.0 3500.0 41586
5900.0 3500.0 305985
5300.0 2800.0 257255
4700.0 2100.0 270824
4300.0 2600.0 26483
4700.0 2900.0 370776
5000.0 3100.0 301785
5100.0 2900.0 382695
5300.0 3100.0 174663
5000.0 3400.0 255073
5200.0 3700.0 265824
5000.0 3900.0 8961
5100.0 3900.0 103411
5100.0 4200.0 33386
5000.0 4200.0 325243
4700.0 4400.0 505519
4700.0 4700.0 475989
4300.0 4400.0 29495
4300.0 4600.0 501557
4100.0 4400.0 345707
3900.0 4600.0 530710
3700.0 4400.0 122778
3700.0 4300.0 513832
3800.0 4300.0 116737
3700.0 4100.0 227605
3700.0 4000.0 394150
3700.0 3900.0 179361
3800.0 4000.0 114108
3900.0 3800.0 361886
3700.0 3700.0 369675
3500.0 3600.0 286741
3500.0 3500.0 325923
3700.0 3500.0 404267
3800.0 3500.0 397425
3700.0 3200.0 174931
3800.0 3200.0 261618
3900.0 3000.0 20816
3500.0 2400.0 61843
