# C:\Users\gielpa\PycharmProjects\Genetic-Algorithm\data-bak\u1817.tsp\data
651.19 2244.39 1907420
676.6 2168.2 871736
701.99 2168.2 892052
727.4 2168.2 328745
752.79 2168.2 280784
727.4 2142.79 2665597
701.99 2142.79 205130
676.6 2142.79 1095449
651.19 2142.79 2696326
625.8 2142.79 1145315
600.39 2142.79 2326571
575.0 2142.79 1416128
600.39 2066.6 2344961
625.8 2066.6 2255931
651.19 2066.6 446727
676.6 2066.6 554861
701.99 2066.6 921729
727.4 2066.6 176448
727.4 2015.8 691804
701.99 2015.8 1584862
676.6 2015.8 376990
651.19 2015.8 959115
625.8 2015.8 2796956
600.39 2015.8 2131716
575.0 2015.8 2414336
600.39 1939.61 632231
625.8 1939.61 570634
651.19 1939.61 2219495
676.6 1939.61 2232739
701.99 1939.61 55904
727.4 1939.61 1920069
727.4 1888.81 1187819
701.99 1888.81 2402933
676.6 1888.81 723621
651.19 1888.81 2680629
625.8 1888.81 467508
600.39 1888.81 174530
575.0 1888.81 1114515
651.19 1812.6 945992
625.8 1812.6 142158
600.39 1812.6 2424081
600.39 1761.8 2525375
575.0 1761.8 1915293
625.8 1761.8 1024144
651.19 1761.8 1349125
676.6 1761.8 1943679
676.6 1812.6 2727075
701.99 1812.6 981185
727.4 1812.6 2255471
727.4 1761.8 381372
701.99 1761.8 1564123
651.19 1685.61 651456
625.8 1685.61 377047
600.39 1685.61 1997063
575.0 1634.8 318058
600.39 1634.8 265533
625.8 1634.8 1722963
651.19 1634.8 367249
676.6 1634.8 1172328
701.99 1634.8 850327
676.6 1685.61 2058491
701.99 1685.61 555179
727.4 1685.61 2395619
727.4 1634.8 1149813
727.4 1558.59 2337723
701.99 1558.59 2774271
676.6 1558.59 686712
651.19 1558.59 2169701
600.39 1558.59 1486141
625.8 1558.59 1557993
727.4 1507.79 2476755
701.99 1507.79 2581005
676.6 1507.79 2164994
651.19 1507.79 1160216
625.8 1507.79 824164
600.39 1507.79 2137665
575.0 1507.79 1003552
600.39 1431.6 2469791
625.8 1431.6 630039
651.19 1431.6 2737166
600.39 1380.8 1732918
575.0 1380.8 2702099
625.8 1380.8 332437
651.19 1380.8 1799729
676.6 1380.8 2243956
676.6 1431.6 1051094
701.99 1431.6 1585285
727.4 1431.6 1674626
727.4 1380.8 2441982
701.99 1380.8 852396
600.39 1304.61 71699
600.39 1253.81 1709746
575.0 1253.81 954865
625.8 1304.61 2128372
651.19 1304.61 2113216
676.6 1304.61 1052861
701.99 1304.61 2026175
727.4 1304.61 70459
752.79 1253.81 293516
727.4 1253.81 2335767
701.99 1253.81 1712235
676.6 1253.81 1894765
651.19 1253.81 289335
625.8 1253.81 2814706
600.39 1177.6 849439
625.8 1177.6 258942
651.19 1177.6 1355925
676.6 1177.6 827449
701.99 1177.6 777292
727.4 1177.6 204605
752.79 1177.6 1528134
727.4 1101.41 1285110
727.4 1050.61 902776
625.8 898.2 1714374
651.19 872.79 810124
625.8 872.79 2624367
575.0 872.79 1324841
549.61 898.2 1000943
549.61 872.79 2000523
651.19 733.11 2756172
651.19 707.7 2296945
676.6 733.11 1315091
676.6 707.7 2627871
778.2 796.6 323303
803.59 796.6 315646
803.59 821.99 2558653
879.8 796.6 556476
778.2 898.2 1223126
854.39 872.79 2703074
879.8 872.79 522206
905.2 872.79 864146
930.61 872.79 1906190
879.8 1050.61 2566571
905.2 1050.61 1943083
930.61 1126.8 379276
905.2 1126.8 883240
879.8 1126.8 1137639
854.39 1126.8 794595
879.8 1177.6 1579038
905.2 1177.6 124902
930.61 1253.81 2057814
905.2 1253.81 1681297
879.8 1253.81 359067
854.39 1253.81 862417
879.8 1304.61 720514
905.2 1304.61 9148
905.2 1380.8 454368
879.8 1380.8 932001
854.39 1380.8 2259555
879.8 1431.6 833913
905.2 1431.6 1654523
854.39 1507.79 1124960
879.8 1507.79 771640
905.2 1507.79 1332546
879.8 1558.59 1925303
905.2 1558.59 2415433
930.61 1558.59 2164129
854.39 1634.8 2021506
879.8 1634.8 1813983
905.2 1634.8 926761
930.61 1634.8 307295
930.61 1685.61 547345
905.2 1685.61 2684810
879.8 1685.61 2054248
905.2 1761.8 382129
879.8 1761.8 2342907
854.39 1761.8 1584825
905.2 1812.6 1321667
879.8 1812.6 1170570
854.39 1888.81 286432
879.8 1888.81 2069615
905.2 1888.81 2591247
879.8 1939.61 2640641
905.2 1939.61 2003127
930.61 1939.61 322709
956.0 1939.61 2249438
981.41 1939.61 1036518
1006.8 1939.61 1663755
1006.8 1888.81 17022
981.41 1888.81 1760726
956.0 1888.81 2073278
930.61 1888.81 2011502
1006.8 1812.6 533000
981.41 1812.6 1368203
956.0 1812.6 2195087
930.61 1812.6 264728
1006.8 1761.8 2204454
981.41 1761.8 210987
956.0 1761.8 621741
930.61 1761.8 1978193
956.0 1685.61 2273924
981.41 1685.61 777313
1006.8 1685.61 1551337
956.0 1634.8 1823448
981.41 1634.8 2696499
1006.8 1634.8 1312951
1006.8 1558.59 106736
981.41 1558.59 1300354
956.0 1558.59 1033999
1032.21 1507.79 685697
1006.8 1507.79 564914
981.41 1507.79 162906
956.0 1507.79 2829234
930.61 1507.79 2371309
930.61 1431.6 1009515
956.0 1431.6 644707
981.41 1431.6 331974
1006.8 1431.6 2003562
1032.21 1431.6 1228100
1006.8 1380.8 1998995
981.41 1380.8 16169
956.0 1380.8 1707482
930.61 1380.8 175157
930.61 1304.61 2320572
956.0 1304.61 100669
981.41 1304.61 1202298
1006.8 1304.61 1926156
956.0 1253.81 983629
981.41 1253.81 289952
1006.8 1253.81 1265283
1006.8 1177.6 1961335
981.41 1177.6 337832
956.0 1177.6 1074182
930.61 1177.6 2587264
956.0 1126.8 432740
981.41 1126.8 521965
1032.21 1126.8 2346455
1006.8 1126.8 386731
930.61 1050.61 194004
956.0 1050.61 406446
981.41 1050.61 1905917
1006.8 1050.61 508601
1032.21 1050.61 1604855
1108.4 1050.61 820012
1133.81 1050.61 1212116
1159.2 1050.61 529368
1184.61 1050.61 1701399
1210.0 1050.61 863986
1235.39 1050.61 162611
1235.39 999.8 1855175
1083.01 999.8 2723304
956.0 872.79 350236
1006.8 872.79 807114
981.41 872.79 136618
905.2 796.6 1993026
930.61 796.6 2322133
956.0 796.6 1843789
981.41 796.6 1615241
1006.8 796.6 2505730
1083.01 872.79 143177
1108.4 872.79 148647
1133.81 872.79 1702791
1159.2 872.79 2015344
1184.61 872.79 1801008
1210.0 872.79 1335725
1235.39 872.79 2415696
1235.39 923.59 950136
1108.4 796.6 1540173
1133.81 796.6 2331681
1159.2 796.6 1227640
1184.61 796.6 1143168
1210.0 796.6 2369418
1235.39 796.6 1086752
1260.8 872.79 402679
1286.19 872.79 2404656
1311.6 872.79 2068963
1362.4 872.79 865055
1387.79 872.79 1087526
1260.8 796.6 579606
1286.19 796.6 698478
1311.6 796.6 1695042
1387.79 796.6 1575877
1413.2 796.6 1142168
1413.2 872.79 444695
1438.59 872.79 1337519
1464.0 872.79 2620990
1489.39 872.79 484601
1514.8 872.79 1853687
1540.2 872.79 1806742
1591.0 872.79 2520914
1565.61 872.79 2505064
1438.59 796.6 259655
1464.0 796.6 2053075
1489.39 796.6 2274013
1514.8 796.6 984107
1540.2 796.6 2140632
1565.61 796.6 1089930
1591.0 796.6 1109747
1743.4 707.7 2154530
1768.81 707.7 976729
1743.4 733.11 547776
1768.81 733.11 526787
1819.61 707.7 1805169
1819.61 733.11 2055724
1857.7 707.7 1627991
1857.7 733.11 1315796
1933.91 733.11 481202
1933.91 707.7 957352
1971.99 707.7 1381062
1971.99 733.11 2670470
2010.1 707.7 2661788
2010.1 733.11 2664095
2048.2 707.7 327945
2048.2 733.11 784607
1895.8 796.6 1534308
1921.19 796.6 247926
1946.6 796.6 2535832
1971.99 796.6 2570391
1997.4 796.6 2008980
2022.79 796.6 1064753
2048.2 796.6 2268123
2073.59 796.6 2508304
2099.0 796.6 903426
2086.31 733.11 1790518
2086.31 707.7 875633
2137.11 707.7 978965
2137.11 733.11 1411778
2175.2 707.7 1483082
2175.2 733.11 2762290
2200.61 796.6 1314492
2213.3 707.7 277754
2213.3 733.11 363969
2251.41 707.7 2293717
2251.41 733.11 1745991
2289.49 707.7 532535
2289.49 733.11 1370222
2327.6 707.7 2396689
2327.6 733.11 774069
2327.6 821.99 2251085
2327.6 847.4 1375347
2327.6 872.79 1609253
2327.6 898.2 1949160
2327.6 974.39 545230
2327.6 949.0 1631102
2327.6 923.59 19190
2403.81 847.4 857192
2403.81 821.99 674220
2429.2 821.99 2502674
2429.2 847.4 2376877
2403.81 872.79 2307699
2429.2 872.79 1290940
2403.81 898.2 456724
2429.2 898.2 2041317
2505.39 821.99 2829143
2505.39 847.4 1679663
2505.39 872.79 2312130
2505.39 898.2 2047670
2505.39 923.59 1111753
2505.39 949.0 1284585
2505.39 974.39 620453
2429.2 923.59 1254368
2403.81 923.59 2278284
2403.81 949.0 2543879
2429.2 949.0 277783
2429.2 974.39 1742583
2403.81 974.39 1234920
2327.6 1050.61 528443
2327.6 1076.0 2660440
2327.6 1101.41 688031
2327.6 1126.8 605853
2327.6 1228.4 1245932
2327.6 1203.01 2508068
2327.6 1177.6 2110716
2327.6 1152.21 478637
2403.81 1076.0 1639728
2429.2 1050.61 734456
2429.2 1076.0 1652870
2429.2 1101.41 896411
2429.2 1126.8 135708
2403.81 1101.41 2760191
2403.81 1126.8 296284
2429.2 1152.21 712026
2505.39 1076.0 1459692
2505.39 1101.41 549508
2505.39 1126.8 325844
2505.39 1152.21 1732057
2505.39 1177.6 1770632
2505.39 1203.01 640435
2505.39 1228.4 2605360
2429.2 1177.6 2605058
2403.81 1152.21 1878078
2403.81 1177.6 2772850
2429.2 1203.01 1198598
2429.2 1228.4 2421700
2403.81 1203.01 1120419
2403.81 1228.4 2764063
2327.6 1304.61 1326721
2327.6 1330.0 2671039
2327.6 1355.39 26356
2327.6 1380.8 2404552
2327.6 1406.19 125318
2327.6 1482.4 25744
2327.6 1456.99 454631
2327.6 1431.6 2011272
2403.81 1355.39 1910009
2403.81 1330.0 2610300
2429.2 1304.61 909323
2429.2 1330.0 2006964
2429.2 1355.39 442308
2403.81 1380.8 1804700
2429.2 1380.8 69293
2403.81 1406.19 2059340
2429.2 1406.19 1564583
2403.81 1431.6 2292051
2429.2 1431.6 1278015
2403.81 1456.99 959951
2403.81 1482.4 2597741
2429.2 1482.4 955432
2429.2 1456.99 2587696
2505.39 1380.8 357077
2505.39 1355.39 437466
2505.39 1330.0 11060
2556.19 1304.61 2704297
2556.19 1330.0 1249143
2556.19 1355.39 2665926
2556.19 1380.8 336302
2556.19 1406.19 1254820
2556.19 1431.6 840463
2556.19 1456.99 2443650
2505.39 1406.19 2718019
2505.39 1431.6 1884097
2505.39 1456.99 662170
2505.39 1482.4 855386
2556.19 1482.4 233304
2632.4 1330.0 1447385
2632.4 1355.39 2217522
2632.4 1380.8 530913
2632.4 1406.19 2137692
2632.4 1431.6 2081460
2632.4 1456.99 1432266
2632.4 1482.4 1888468
2556.19 1558.59 1555775
2530.8 1558.59 1003093
2505.39 1558.59 66125
2480.0 1558.59 2791392
2454.61 1558.59 1609778
2429.2 1558.59 1013958
2556.19 1634.8 874005
2530.8 1634.8 1878892
2505.39 1634.8 2312835
2480.0 1634.8 2813444
2454.61 1634.8 960125
2429.2 1634.8 1697854
2403.81 1634.8 1813948
2480.0 1685.61 1621140
2454.61 1685.61 424872
2429.2 1685.61 2820374
2403.81 1761.8 1908877
2429.2 1761.8 18984
2454.61 1761.8 2780856
2480.0 1761.8 2379214
2505.39 1761.8 703928
2505.39 1685.61 2773122
2530.8 1685.61 1930924
2556.19 1685.61 777277
2530.8 1761.8 2145097
2556.19 1761.8 730659
2683.2 1812.6 1299385
2708.59 1812.6 1362985
2708.59 1863.4 1165635
2683.2 1863.4 967410
2657.79 1863.4 1865529
2632.4 1863.4 2646826
2708.59 1939.61 1837811
2683.2 1939.61 2456940
2657.79 1939.61 1677385
2632.4 1939.61 2049779
2606.99 1939.61 2225216
2327.6 1939.61 1183803
2327.6 2015.8 1322723
2454.61 2142.79 252287
2480.0 2142.79 1711209
2505.39 2142.79 1949766
2480.0 2168.2 1429734
2454.61 2168.2 1771996
2429.2 2142.79 2172310
2403.81 2142.79 2258841
2429.2 2168.2 2815433
2403.81 2168.2 1974107
2378.4 2168.2 63158
2353.01 2168.2 1158552
2378.4 2142.79 1275507
2353.01 2142.79 2481802
2327.6 2142.79 2407562
2327.6 2168.2 1297946
2327.6 2219.0 531500
2327.6 2244.39 1836350
2353.01 2244.39 2145883
2378.4 2244.39 2092231
2353.01 2219.0 2279119
2378.4 2219.0 2219467
2403.81 2244.39 1787115
2429.2 2244.39 1131112
2403.81 2219.0 1548382
2429.2 2219.0 721182
2454.61 2244.39 2552412
2480.0 2244.39 1335205
2454.61 2219.0 579945
2480.0 2219.0 1314674
2505.39 2244.39 2390706
2505.39 2219.0 1466548
2505.39 2168.2 916357
2530.8 2168.2 497487
2530.8 2219.0 713006
2556.19 2244.39 1870505
2530.8 2244.39 2545496
2556.19 2219.0 755593
2581.6 2244.39 687337
2606.99 2244.39 567103
2581.6 2219.0 455719
2606.99 2219.0 2027501
2632.4 2244.39 1959997
2657.79 2244.39 1953777
2632.4 2219.0 631078
2657.79 2219.0 784874
2683.2 2244.39 86104
2683.2 2219.0 517711
2683.2 2168.2 656102
2708.59 2168.2 846118
2734.0 2168.2 1288630
2759.39 2193.59 903195
2734.0 2193.59 2098061
2734.0 2219.0 451213
2759.39 2244.39 2550442
2734.0 2244.39 1930253
2708.59 2244.39 874584
2708.59 2219.0 2351343
2759.39 2219.0 2659134
2784.8 2244.39 2217604
2784.8 2219.0 1812246
2810.2 2219.0 2282345
2810.2 2244.39 50237
2835.61 2244.39 2030606
2861.0 2244.39 504685
2835.61 2219.0 1108329
2861.0 2219.0 1045917
2886.41 2244.39 2776074
2937.21 2193.59 6200
2996.19 2234.39 739452
2937.21 2244.39 2018761
2911.8 2244.39 1354672
2886.41 2219.0 2127525
2911.8 2219.0 2508608
2911.8 2193.59 154649
2886.41 2193.59 1608598
2861.0 2193.59 1437465
2835.61 2193.59 2148135
2835.61 2168.2 1024598
2810.2 2193.59 2524479
2784.8 2193.59 1606711
2810.2 2168.2 164451
2784.8 2168.2 761096
2759.39 2168.2 740144
2708.59 2091.99 408746
2708.59 2066.6 1931070
2734.0 2066.6 122412
2734.0 2091.99 1393323
2759.39 2091.99 2720164
2784.8 2091.99 2049922
2759.39 2066.6 1776995
2784.8 2066.6 1485376
2810.2 2091.99 1981691
2835.61 2066.6 1942773
2835.61 2091.99 514824
2810.2 2066.6 644287
2835.61 2041.19 982372
2810.2 2041.19 1182571
2784.8 2041.19 293016
2759.39 2041.19 662233
2734.0 2041.19 14909
2708.59 2041.19 538186
2683.2 2066.6 863146
2657.79 2066.6 2579827
2683.2 2041.19 1580030
2708.59 1965.0 760871
2734.0 1939.61 1322197
2734.0 1965.0 2695006
2759.39 1965.0 600225
2759.39 1939.61 1564311
2784.8 1939.61 432489
2784.8 1965.0 2391922
2810.2 1965.0 2019170
2835.61 1939.61 513587
2835.61 1965.0 2699363
2810.2 1939.61 2784443
2810.2 1863.4 2337416
2784.8 1863.4 29905
2759.39 1863.4 2586613
2734.0 1863.4 1979009
2734.0 1812.6 2375266
2759.39 1812.6 2046008
2784.8 1812.6 2296734
2810.2 1812.6 437606
2835.61 1812.6 325212
2835.61 1863.4 2382396
2911.8 1939.61 1599355
2937.21 1939.61 1231681
2962.6 1939.61 245189
2988.01 1939.61 1551555
3013.4 1939.61 2199929
3038.81 1939.61 1594877
3064.2 1939.61 466829
3013.4 1863.4 326635
2988.01 1863.4 1896627
2962.6 1863.4 2423175
2937.21 1863.4 2694021
3013.4 1812.6 2641336
2988.01 1812.6 1777328
2962.6 1812.6 560011
2937.21 1812.6 2154382
2911.8 1812.6 1470810
2835.61 1736.41 1665191
2810.2 1736.41 1195941
2708.59 1736.41 2650361
2734.0 1736.41 1835452
2759.39 1736.41 2092193
2784.8 1736.41 481654
2835.61 1685.61 1288838
2810.2 1685.61 1622319
2784.8 1685.61 1998134
2759.39 1685.61 1346800
2734.0 1685.61 2255980
2708.59 1685.61 997511
2683.2 1685.61 2003369
2708.59 1609.39 1448978
2734.0 1609.39 2687263
2759.39 1609.39 721559
2784.8 1609.39 618942
2810.2 1609.39 1342412
2835.61 1609.39 1070866
2886.41 1533.2 1651819
2886.41 1507.79 2503701
2886.41 1482.4 2442174
2886.41 1456.99 1396313
2886.41 1380.8 1900527
2886.41 1406.19 518022
2886.41 1431.6 290816
2810.2 1533.2 847342
2810.2 1507.79 1471973
2810.2 1482.4 679048
2810.2 1456.99 1610742
2810.2 1431.6 2076948
2810.2 1406.19 315506
2810.2 1380.8 2801184
2810.2 1355.39 1226972
2759.39 1355.39 255106
2708.59 1355.39 2367744
2734.0 1355.39 2118028
2708.59 1304.61 2155586
2734.0 1304.61 751278
2759.39 1304.61 437384
2810.2 1279.2 1066564
2810.2 1253.81 885905
2886.41 1228.4 1227452
2886.41 1203.01 809629
2886.41 1177.6 2332902
2886.41 1152.21 546291
2886.41 1126.8 2170001
2937.21 1101.41 723995
2937.21 1126.8 326707
2937.21 1152.21 1305480
2937.21 1177.6 739641
2937.21 1203.01 2832338
3013.4 1126.8 974528
3013.4 1152.21 1401034
3013.4 1177.6 383575
3013.4 1203.01 2325986
3013.4 1228.4 1802526
3013.4 1253.81 2223381
3013.4 1279.2 331909
2937.21 1228.4 2315741
2937.21 1253.81 462323
2937.21 1279.2 213551
2886.41 1253.81 2707571
2886.41 1279.2 1648704
2937.21 1355.39 1180418
2937.21 1380.8 2101845
2937.21 1406.19 2650946
2937.21 1431.6 882139
2937.21 1456.99 2449270
2937.21 1482.4 1268612
2937.21 1507.79 2131843
2937.21 1533.2 446051
2988.01 1584.0 2114583
2988.01 1609.39 1444311
2962.6 1609.39 1305529
2937.21 1584.0 1990121
2962.6 1584.0 335953
2937.21 1609.39 1665250
2911.8 1685.61 2576045
2937.21 1685.61 1481632
2962.6 1685.61 2290581
2988.01 1685.61 1041097
3013.4 1609.39 580564
3038.81 1584.0 2752135
3038.81 1609.39 1101965
3064.2 1584.0 1045075
3064.2 1609.39 1024147
3064.2 1685.61 2791515
3038.81 1685.61 2128630
3013.4 1685.61 1785888
2937.21 1736.41 2160228
2962.6 1736.41 1635526
2988.01 1736.41 1048517
3013.4 1736.41 665293
3038.81 1736.41 134556
3064.2 1736.41 1822381
3038.81 1812.6 144202
3064.2 1812.6 1317623
3064.2 1863.4 102726
3038.81 1863.4 1592378
3165.8 1939.61 2162660
3191.19 1939.61 1261590
3191.19 1965.0 1118478
3165.8 2041.19 1983087
3191.19 2041.19 173658
3216.6 2041.19 2690707
3241.99 2041.19 1829568
3343.59 2269.8 1239569
3318.2 2041.19 2775438
3292.79 2041.19 483691
3267.4 2041.19 947206
3318.2 1965.0 845628
3343.59 1939.61 1956299
3318.2 1939.61 582720
3292.79 1939.61 1596980
3292.79 1965.0 980629
3267.4 1965.0 1277146
3241.99 1939.61 639053
3216.6 1939.61 1137383
3216.6 1965.0 2002907
3241.99 1965.0 2548902
3267.4 1939.61 2360598
3343.59 1863.4 2187441
3318.2 1838.01 2693754
3343.59 1838.01 1366246
3318.2 1863.4 2655890
3292.79 1863.4 2392704
3267.4 1863.4 233098
3191.19 1863.4 2161527
3216.6 1863.4 2765286
3241.99 1863.4 2793786
3292.79 1838.01 1448692
3318.2 1812.6 2201425
3292.79 1812.6 2629141
3267.4 1812.6 75107
3241.99 1812.6 577726
3216.6 1812.6 2192761
3191.19 1812.6 1389758
3165.8 1812.6 1914154
3191.19 1736.41 2638800
3216.6 1685.61 716140
3191.19 1685.61 2776131
3165.8 1685.61 2139421
3216.6 1736.41 2585830
3241.99 1736.41 555563
3267.4 1736.41 223090
3292.79 1736.41 201648
3318.2 1736.41 360684
3318.2 1685.61 291037
3292.79 1685.61 1316763
3267.4 1685.61 2245320
3216.6 1609.39 2785708
3241.99 1609.39 1976881
3267.4 1609.39 2822411
3292.79 1609.39 1549588
3318.2 1609.39 526921
3241.99 1685.61 1829759
3191.19 1609.39 1341687
3140.39 1533.2 1845862
3140.39 1507.79 1189003
3191.19 1456.99 2236165
3216.6 1456.99 2756936
3140.39 1482.4 1589822
3140.39 1456.99 1276421
3140.39 1431.6 2691673
3013.4 1380.8 1313693
3013.4 1406.19 1216025
3013.4 1431.6 2221794
3013.4 1456.99 1501426
3013.4 1482.4 188201
3013.4 1507.79 1696058
3013.4 1533.2 1124465
3064.2 1533.2 2264112
3064.2 1507.79 2764704
3064.2 1482.4 1780303
3064.2 1456.99 2462751
3064.2 1431.6 2393630
3064.2 1406.19 2770805
3064.2 1380.8 832593
3140.39 1406.19 2094332
3191.19 1380.8 1030156
3191.19 1355.39 2673124
3191.19 1330.0 499603
3191.19 1304.61 1489048
3140.39 1279.2 188051
3140.39 1253.81 2006832
3140.39 1228.4 738576
3140.39 1203.01 1641466
3064.2 1279.2 206377
3064.2 1253.81 1174563
3064.2 1228.4 2090500
3064.2 1203.01 1456225
3064.2 1177.6 1369468
3064.2 1152.21 1905506
3140.39 1126.8 808831
3140.39 1152.21 2149490
3140.39 1177.6 457355
3191.19 1152.21 2274207
3191.19 1177.6 1914029
3191.19 1203.01 2199372
3191.19 1228.4 2548712
3191.19 1253.81 114723
3191.19 1279.2 826398
3267.4 1177.6 2343173
3267.4 1203.01 532117
3267.4 1228.4 2080937
3267.4 1253.81 1514729
3267.4 1279.2 2598531
3267.4 1304.61 2548462
3267.4 1330.0 623405
3267.4 1355.39 818175
3267.4 1380.8 1769286
3318.2 1330.0 2126287
3318.2 1304.61 2806170
3394.39 1177.6 99300
3394.39 1203.01 1970769
3394.39 1228.4 2424173
3394.39 1253.81 702812
3394.39 1279.2 536009
3394.39 1304.61 1586874
3394.39 1330.0 2487582
3318.2 1279.2 2209254
3318.2 1253.81 1622533
3318.2 1228.4 1387360
3318.2 1203.01 2221131
3318.2 1177.6 423828
3318.2 1152.21 2813564
3267.4 1101.41 2656323
3241.99 1101.41 1891744
3241.99 1076.0 661452
3241.99 1050.61 711995
3267.4 1025.2 764500
3267.4 999.8 1302324
3241.99 974.39 2276065
3241.99 999.8 1047544
3241.99 1025.2 1945880
3267.4 1076.0 327430
3267.4 1050.61 2103516
3318.2 1025.2 1115681
3318.2 999.8 141790
3267.4 974.39 1581723
3241.99 949.0 2710086
3191.19 1025.2 93434
3191.19 999.8 1276077
3191.19 974.39 19347
3191.19 949.0 575967
3191.19 923.59 1633036
3191.19 898.2 2796516
3267.4 872.79 1119847
3267.4 847.4 2380940
3267.4 821.99 1361453
3267.4 796.6 1477138
3241.99 796.6 1462375
3241.99 821.99 163336
3191.19 872.79 2353963
3191.19 847.4 698807
3191.19 821.99 1723194
3191.19 796.6 2688338
3241.99 847.4 905977
3241.99 872.79 2140325
3241.99 898.2 2114835
3241.99 923.59 2226907
3267.4 949.0 2001671
3267.4 923.59 2145786
3267.4 898.2 84792
3394.39 821.99 1969148
3394.39 847.4 2660013
3394.39 872.79 1094431
3394.39 898.2 2534839
3394.39 923.59 1960551
3394.39 949.0 2200798
3394.39 974.39 1019655
3394.39 999.8 207979
3394.39 1025.2 1520882
3318.2 974.39 1341602
3318.2 949.0 464909
3318.2 923.59 939120
3318.2 898.2 468401
3318.2 872.79 2138714
3318.2 847.4 1112166
3318.2 821.99 1492088
3318.2 796.6 1142646
3318.2 733.11 2385225
3318.2 707.7 1454725
3280.1 707.7 2062904
3280.1 733.11 2042392
3241.99 733.11 1998252
3241.99 707.7 1292656
3203.91 707.7 262330
3203.91 733.11 2831563
3127.7 707.7 988437
3127.7 733.11 2578910
3089.61 707.7 1126109
3089.61 733.11 230360
3051.5 707.7 1334892
3051.5 733.11 1704878
3064.2 796.6 750398
3064.2 821.99 2217999
3140.39 821.99 2018653
3140.39 847.4 2511954
3140.39 872.79 130106
3140.39 898.2 2354415
3140.39 923.59 796375
3140.39 949.0 2290509
3140.39 974.39 1013256
3140.39 999.8 2414542
3140.39 1025.2 768369
3064.2 1126.8 404936
3064.2 1101.41 1067528
3064.2 1025.2 250097
3064.2 999.8 759994
3013.4 974.39 2527562
3013.4 949.0 1950585
3013.4 923.59 1128704
3013.4 898.2 403153
3064.2 974.39 2216945
3064.2 949.0 2532214
3064.2 923.59 1776184
3064.2 898.2 1263449
3064.2 872.79 2681256
3064.2 847.4 1976598
3013.4 821.99 899829
3013.4 847.4 126464
3013.4 872.79 2473633
2937.21 949.0 2537825
2886.41 821.99 313033
2886.41 847.4 876284
2886.41 872.79 1074816
2886.41 898.2 502049
2886.41 923.59 938940
2886.41 949.0 1993055
2886.41 974.39 431032
2937.21 974.39 2436531
2937.21 923.59 2349707
2937.21 898.2 2485502
2937.21 872.79 1818833
2937.21 847.4 2444816
2937.21 821.99 773097
2937.21 796.6 2714415
3000.7 733.11 1940346
3000.7 707.7 204977
2962.6 707.7 497059
2962.6 733.11 2671608
2924.49 733.11 456596
2924.49 707.7 734825
2886.41 707.7 2139783
2886.41 733.11 575352
2848.3 707.7 1173542
2848.3 733.11 2778197
2810.2 707.7 562027
2810.2 733.11 1818172
2772.11 707.7 2561211
2772.11 733.11 1175954
2734.0 707.7 2065119
2734.0 733.11 591614
2683.2 707.7 571006
2683.2 733.11 653809
2645.1 707.7 845795
2645.1 733.11 2421052
2683.2 796.6 486768
2683.2 821.99 1671315
2759.39 821.99 597136
2759.39 847.4 566493
2810.2 796.6 2090542
2810.2 821.99 2099151
2810.2 847.4 953755
2810.2 872.79 1444804
2810.2 898.2 714999
2810.2 974.39 2385886
2810.2 949.0 2230255
2810.2 923.59 1690941
2759.39 872.79 1602670
2759.39 898.2 1478632
2759.39 923.59 770824
2759.39 949.0 2070991
2683.2 999.8 1664141
2683.2 1025.2 1306871
2759.39 974.39 515987
2759.39 999.8 1468381
2759.39 1025.2 342290
2734.0 1076.0 722705
2708.59 1076.0 1075199
2683.2 1076.0 2284928
2683.2 1101.41 2225671
2708.59 1101.41 1184828
2734.0 1101.41 980036
2708.59 1126.8 1952004
2734.0 1152.21 1510896
2734.0 1177.6 882698
2810.2 1228.4 380897
2810.2 1203.01 2065892
2810.2 1177.6 1595415
2810.2 1152.21 2401356
2810.2 1126.8 1074355
2810.2 1101.41 20515
2734.0 1126.8 1180996
2708.59 1152.21 2254996
2683.2 1177.6 843558
2683.2 1203.01 2541094
2708.59 1228.4 2528496
2734.0 1253.81 383931
2708.59 1253.81 2258425
2683.2 1253.81 2530000
2683.2 1228.4 540313
2708.59 1203.01 844580
2734.0 1228.4 1808712
2734.0 1203.01 2388299
2708.59 1177.6 2215485
2683.2 1152.21 138089
2683.2 1126.8 1453793
2632.4 1076.0 951137
2632.4 1101.41 1478569
2632.4 1126.8 2715755
2632.4 1152.21 1529725
2632.4 1177.6 1189392
2632.4 1203.01 365701
2632.4 1228.4 345441
2556.19 1228.4 1856285
2556.19 1203.01 831019
2556.19 1177.6 2199372
2556.19 1152.21 2576968
2556.19 1126.8 63460
2556.19 1101.41 1436164
2556.19 1076.0 2388376
2556.19 1050.61 138347
2632.4 974.39 1124736
2632.4 949.0 1053471
2632.4 923.59 2103462
2683.2 974.39 447118
2683.2 949.0 1749446
2683.2 923.59 1336599
2683.2 898.2 139612
2683.2 872.79 599556
2683.2 847.4 1752492
2632.4 821.99 243193
2632.4 847.4 2054400
2632.4 872.79 1857763
2632.4 898.2 1438443
2556.19 974.39 2229189
2556.19 949.0 1340028
2556.19 923.59 1111709
2556.19 898.2 164165
2556.19 872.79 1713227
2556.19 847.4 977486
2556.19 821.99 1214538
2556.19 796.6 1142618
2606.99 733.11 481869
2606.99 707.7 2813272
2568.91 733.11 823143
2568.91 707.7 1958146
2530.8 707.7 1286615
2530.8 733.11 1086032
2492.7 707.7 2781808
2492.7 733.11 2527003
2454.61 707.7 1403861
2454.61 733.11 2254525
2416.5 707.7 54431
2416.5 733.11 1562535
2429.2 796.6 2268953
2365.7 707.7 855843
2365.7 733.11 744773
2327.6 796.6 2190674
2276.8 821.99 14355
2276.8 847.4 131476
2276.8 872.79 1447781
2200.61 821.99 307852
2200.61 847.4 779145
2200.61 872.79 1800303
2200.61 898.2 2819551
2200.61 923.59 1847203
2276.8 898.2 2442669
2276.8 923.59 1558056
2276.8 949.0 144121
2276.8 974.39 906006
2200.61 974.39 1947434
2200.61 949.0 734911
2149.8 974.39 783828
2099.0 999.8 889250
2073.59 1050.61 135965
2048.2 1050.61 2359337
2022.79 1050.61 2391889
1946.6 1050.61 1580639
1971.99 1050.61 2489388
1997.4 1050.61 1010999
2073.59 999.8 2559823
2048.2 999.8 2599201
2022.79 999.8 2786915
1997.4 999.8 233426
1971.99 923.59 1777328
1997.4 923.59 1867884
2022.79 923.59 2365631
2048.2 923.59 2595413
2073.59 923.59 250569
2099.0 923.59 1713276
2099.0 872.79 416688
2073.59 872.79 1169668
2048.2 872.79 2304775
2022.79 872.79 1990473
1997.4 872.79 1323570
1971.99 872.79 2681018
1946.6 872.79 925298
1921.19 872.79 692860
1895.8 872.79 38417
1870.39 872.79 1229383
1895.8 923.59 2618283
1921.19 923.59 845809
1946.6 923.59 951391
1971.99 999.8 970074
1946.6 999.8 879658
1921.19 999.8 147229
1895.8 999.8 2043596
1870.39 999.8 2819433
1794.2 1050.61 2465194
1819.61 1050.61 904033
1845.0 1050.61 103920
1870.39 1050.61 362474
1819.61 1126.8 2446580
1794.2 1126.8 934325
1768.81 1050.61 1327288
1743.4 1050.61 455395
1718.01 1050.61 2029773
1667.21 1050.61 1696528
1692.6 1050.61 2505670
1768.81 1126.8 2389375
1743.4 1126.8 158726
1718.01 1126.8 127646
1667.21 1177.6 1838046
1692.6 1177.6 1872498
1718.01 1177.6 2295319
1743.4 1177.6 463599
1692.6 1126.8 1529119
1667.21 1126.8 1631198
1641.8 1126.8 2216117
1565.61 1025.2 1840437
1565.61 999.8 2236281
1540.2 974.39 2418726
1540.2 999.8 1818372
1514.8 974.39 1888934
1489.39 974.39 1472860
1464.0 999.8 1275518
1514.8 999.8 1695156
1540.2 1025.2 2589622
1565.61 1050.61 2126040
1540.2 1050.61 2628224
1565.61 1076.0 2711271
1565.61 1101.41 1360077
1565.61 1126.8 1259727
1540.2 1126.8 380206
1565.61 1152.21 398269
1540.2 1152.21 1143486
1540.2 1177.6 2732383
1514.8 1177.6 1949849
1514.8 1152.21 1136509
1489.39 1152.21 1409730
1464.0 1177.6 732096
1464.0 1152.21 2498667
1489.39 1177.6 213042
1540.2 1279.2 651254
1514.8 1279.2 203242
1489.39 1279.2 1157636
1464.0 1304.61 1084366
1514.8 1304.61 1831893
1540.2 1304.61 2377329
1565.61 1304.61 44128
1540.2 1330.0 2407892
1540.2 1355.39 1149744
1565.61 1330.0 1487815
1565.61 1355.39 131612
1540.2 1380.8 1958371
1565.61 1380.8 1944466
1565.61 1406.19 1610181
1540.2 1431.6 2546107
1540.2 1456.99 2829538
1514.8 1456.99 370369
1464.0 1482.4 2140902
1489.39 1482.4 1154314
1514.8 1482.4 2076196
1540.2 1482.4 961664
1565.61 1456.99 1088929
1565.61 1431.6 2186725
1641.8 1507.79 2481523
1667.21 1507.79 234830
1667.21 1558.59 2125351
1692.6 1558.59 868171
1718.01 1558.59 2378287
1743.4 1558.59 2028315
1641.8 1634.8 788299
1667.21 1634.8 1386166
1692.6 1634.8 1226023
1718.01 1634.8 1435535
1743.4 1634.8 43204
1768.81 1634.8 1894590
1794.2 1634.8 2090803
1768.81 1685.61 1407292
1743.4 1685.61 1446018
1718.01 1685.61 2305694
1692.6 1685.61 817577
1667.21 1685.61 1923920
1743.4 1761.8 2450142
1718.01 1761.8 1367027
1692.6 1761.8 989250
1667.21 1761.8 181558
1641.8 1761.8 1342273
1718.01 1812.6 2223709
1743.4 1812.6 474335
1768.81 1761.8 2238570
1794.2 1761.8 173821
1819.61 1761.8 252673
1921.19 1888.81 1704159
1946.6 1888.81 330502
1971.99 1939.61 1329111
1971.99 1888.81 1192797
1997.4 1888.81 1726248
2022.79 1888.81 1328034
2048.2 1888.81 949606
2124.39 1939.61 1722054
2073.59 1888.81 452282
2073.59 1812.6 1448863
2048.2 1812.6 143450
2022.79 1812.6 873068
1997.4 1812.6 605480
1997.4 1761.8 1041300
1946.6 1685.61 1803135
1971.99 1685.61 1934585
1997.4 1685.61 374240
2022.79 1685.61 2292905
2048.2 1685.61 1917138
2073.59 1685.61 2757684
2099.0 1685.61 660174
2099.0 1761.8 2457097
2073.59 1761.8 2147523
2048.2 1761.8 2087788
2022.79 1761.8 1113956
1971.99 1812.6 70308
1946.6 1812.6 1811666
1971.99 1761.8 20275
1946.6 1761.8 2353184
1921.19 1761.8 1289917
1819.61 1685.61 2460286
1794.2 1685.61 547451
1819.61 1634.8 961867
1845.0 1634.8 2689700
1870.39 1634.8 133620
1768.81 1558.59 2427898
1794.2 1558.59 2575361
1819.61 1558.59 2390688
1845.0 1558.59 568948
1870.39 1558.59 1502155
1921.19 1507.79 1163982
1971.99 1507.79 92304
1946.6 1507.79 2764551
1794.2 1431.6 266304
1768.81 1431.6 2303058
1794.2 1507.79 1805657
1768.81 1507.79 523490
1743.4 1507.79 2688289
1718.01 1507.79 2452143
1692.6 1507.79 799304
1743.4 1431.6 1789109
1718.01 1431.6 2387623
1692.6 1431.6 507859
1667.21 1431.6 2015111
1641.8 1380.8 753451
1667.21 1380.8 2259691
1692.6 1380.8 1317635
1718.01 1380.8 1166777
1743.4 1380.8 1598063
1718.01 1304.61 977983
1743.4 1304.61 1051904
1768.81 1304.61 2507334
1794.2 1304.61 1811679
1870.39 1380.8 1299168
1845.0 1380.8 1147883
1819.61 1380.8 1929997
1794.2 1380.8 1243014
1768.81 1380.8 649810
1692.6 1304.61 2006198
1667.21 1304.61 1075972
1641.8 1253.81 2376207
1667.21 1253.81 2799559
1692.6 1253.81 1198186
1718.01 1253.81 956151
1743.4 1253.81 225340
1768.81 1253.81 2642858
1794.2 1253.81 1933325
1819.61 1253.81 642273
1845.0 1253.81 1957808
1768.81 1177.6 1265975
1794.2 1177.6 1246591
1819.61 1177.6 217248
1845.0 1177.6 1773042
1870.39 1177.6 2637874
1845.0 1126.8 1920778
1870.39 1126.8 632350
1921.19 1126.8 2421695
1946.6 1126.8 819096
1971.99 1126.8 2299805
1997.4 1126.8 197392
2022.79 1126.8 1348838
2048.2 1126.8 657560
1946.6 1177.6 2769181
1971.99 1177.6 993994
1997.4 1177.6 930170
2022.79 1177.6 44186
2048.2 1177.6 842308
2073.59 1177.6 1053367
2073.59 1126.8 2713170
2099.0 1126.8 2275481
2124.39 1126.8 1156024
2149.8 1126.8 1128664
2099.0 1050.61 632701
2124.39 1050.61 270024
2149.8 1050.61 2700866
2200.61 1050.61 1413776
2200.61 1076.0 467032
2200.61 1101.41 2067868
2200.61 1126.8 514490
2200.61 1152.21 2710157
2200.61 1177.6 166188
2200.61 1203.01 2582094
2200.61 1228.4 723608
2149.8 1253.81 1095182
2099.0 1177.6 337237
2124.39 1177.6 2687847
2149.8 1177.6 1905685
2276.8 1076.0 1618682
2276.8 1101.41 472244
2276.8 1126.8 446669
2276.8 1152.21 1150278
2276.8 1177.6 2129566
2276.8 1203.01 2399276
2276.8 1228.4 1991400
2200.61 1304.61 260267
2200.61 1330.0 1933625
2200.61 1355.39 135077
2200.61 1380.8 2642961
2200.61 1406.19 1407918
2276.8 1330.0 1114516
2276.8 1355.39 1762989
2276.8 1380.8 2225912
2276.8 1406.19 1611902
2276.8 1431.6 84012
2276.8 1456.99 2172629
2276.8 1482.4 866205
2200.61 1482.4 43432
2200.61 1456.99 756148
2200.61 1431.6 62692
2149.8 1380.8 404120
2124.39 1380.8 2599296
2099.0 1380.8 1506381
1946.6 1304.61 2542459
1971.99 1304.61 430020
1997.4 1304.61 2410708
2022.79 1304.61 1962733
2048.2 1304.61 2650406
2073.59 1304.61 1916396
2099.0 1304.61 1146752
2124.39 1304.61 1027563
2149.8 1304.61 1626268
2124.39 1253.81 2182274
2099.0 1253.81 2472174
2073.59 1253.81 60274
2048.2 1253.81 1014843
2022.79 1253.81 508977
1997.4 1253.81 2728565
1971.99 1253.81 1732325
1946.6 1253.81 2794681
1921.19 1253.81 1404618
1870.39 1253.81 791932
1819.61 1304.61 1617555
1845.0 1304.61 2656792
1870.39 1304.61 313020
1921.19 1380.8 2505679
1946.6 1380.8 1135207
1971.99 1380.8 2626040
1971.99 1431.6 23925
1946.6 1431.6 554633
1997.4 1380.8 1140935
2022.79 1380.8 1870034
2048.2 1380.8 1832155
2073.59 1380.8 2381689
2099.0 1431.6 550491
2073.59 1431.6 2212715
2048.2 1431.6 2794205
2022.79 1431.6 1004302
1997.4 1431.6 826378
1997.4 1507.79 1743219
2022.79 1507.79 679157
2048.2 1507.79 1314075
2073.59 1507.79 1671895
2099.0 1507.79 1980816
2200.61 1685.61 2080822
2226.0 1685.61 1744709
2251.41 1685.61 1258199
2276.8 1685.61 1598660
2302.21 1685.61 1673399
2327.6 1685.61 1226182
2327.6 1761.8 1025479
2302.21 1761.8 919548
2276.8 1761.8 1848796
2251.41 1761.8 1984986
2226.0 1761.8 1212639
2200.61 1761.8 811492
2175.2 1761.8 703509
2200.61 1812.6 238816
2226.0 1812.6 1239529
2251.41 1812.6 2144896
2276.8 1812.6 1280042
2302.21 1812.6 735264
2327.6 1812.6 2083230
2327.6 1888.81 1504050
2302.21 1888.81 2808615
2251.41 1939.61 2565201
2276.8 1939.61 2624133
2302.21 1939.61 992642
2276.8 1888.81 615292
2251.41 1888.81 82148
2226.0 1888.81 2647471
2200.61 1888.81 641050
2175.2 1888.81 413786
2149.8 1939.61 1769976
2175.2 1939.61 1773659
2200.61 1939.61 2161971
2226.0 1939.61 136682
2302.21 2015.8 415474
2276.8 2015.8 516525
2251.41 2015.8 261152
2226.0 2015.8 1745674
2200.61 2015.8 2603409
2175.2 2015.8 1125475
2149.8 2015.8 1280814
2124.39 2015.8 35826
2099.0 2015.8 376208
2048.2 2066.6 1759145
2022.79 2066.6 1115111
1997.4 2066.6 2050634
1997.4 2142.79 1347028
2073.59 2219.0 1955896
2099.0 2244.39 2774826
2149.8 2219.0 2364077
2268.59 2234.39 774886
2149.8 2244.39 1794399
2124.39 2244.39 2172009
2099.0 2219.0 2055081
2048.2 2142.79 665644
2022.79 2142.79 1954260
1971.99 2066.6 1640014
1946.6 2066.6 1872766
1921.19 2066.6 442803
1845.0 2015.8 1691274
1895.8 2066.6 1284981
1870.39 2142.79 622341
1895.8 2142.79 384381
1921.19 2142.79 2779631
1946.6 2142.79 191897
1971.99 2142.79 2142255
2048.2 2219.0 753360
2048.2 2244.39 1189951
2022.79 2219.0 2793933
1997.4 2219.0 2158951
2022.79 2244.39 1766511
1997.4 2244.39 2641848
1971.99 2219.0 2425992
1946.6 2219.0 1124647
1971.99 2244.39 359487
1946.6 2244.39 539491
1921.19 2244.39 2573847
1895.8 2219.0 550969
1895.8 2244.39 2702368
1870.39 2219.0 2566000
1845.0 2244.39 486579
1870.39 2244.39 1452764
1845.0 2219.0 900924
1819.61 2219.0 2547598
1794.2 2219.0 2165521
1718.01 2244.39 802042
1718.01 2219.0 1107073
1667.21 2219.0 925035
1667.21 2244.39 817336
1641.8 2219.0 456959
1540.2 2066.6 1469366
1514.8 2015.8 1359127
1489.39 2015.8 620860
1464.0 2066.6 1488464
1489.39 2066.6 1816511
1514.8 2066.6 996425
1489.39 2142.79 1025664
1514.8 2142.79 559056
1540.2 2142.79 1158519
1565.61 2219.0 294319
1565.61 2244.39 416778
1540.2 2244.39 1692551
1514.8 2244.39 2475022
1514.8 2219.0 568272
1489.39 2219.0 1431747
1464.0 2219.0 1307836
1464.0 2142.79 2012836
1438.59 2142.79 2665420
1413.2 2142.79 1047681
1387.79 2142.79 1766236
1362.4 2142.79 1287861
1413.2 2219.0 774287
1438.59 2219.0 2318227
1464.0 2244.39 76021
1438.59 2244.39 1960434
1413.2 2244.39 643092
1387.79 2219.0 2614490
1387.79 2244.39 1810463
1362.4 2219.0 434783
1362.4 2244.39 1686367
1336.99 2244.39 2394193
1311.6 2244.39 72895
1260.8 2244.39 2191824
1260.8 2219.0 2118492
1286.19 2244.39 1006418
1311.6 2219.0 149040
1260.8 2168.2 2436663
1260.8 2142.79 2605745
1235.39 2142.79 2656335
1235.39 2168.2 1570999
1210.0 2168.2 2624355
1235.39 2219.0 2004958
1210.0 2219.0 766316
1108.4 2244.39 1966466
1108.4 2219.0 905649
1083.01 2244.39 1608178
1133.81 2168.2 1339689
1108.4 2168.2 2518981
1083.01 2168.2 1454852
1083.01 2142.79 635694
1108.4 2142.79 278428
1133.81 2142.79 686822
1159.2 2168.2 1646901
1184.61 2168.2 2711916
1210.0 2142.79 1814744
1184.61 2142.79 148765
1159.2 2142.79 2032555
1235.39 2066.6 1915857
1260.8 2066.6 1800697
1235.39 2041.19 1259913
1210.0 2066.6 1255906
1210.0 2041.19 2565367
1184.61 2066.6 155538
1184.61 2041.19 2677308
1184.61 2015.8 1483005
1210.0 2015.8 2652048
1235.39 2015.8 1326512
1184.61 1939.61 2510468
1210.0 1939.61 1115789
1235.39 1939.61 309501
1362.4 2015.8 2770739
1387.79 2066.6 190944
1413.2 2066.6 389149
1438.59 2066.6 1779563
1464.0 2015.8 630932
1438.59 2015.8 1401001
1413.2 2015.8 2742010
1387.79 2015.8 589986
1387.79 1939.61 1391544
1413.2 1939.61 2201568
1438.59 1939.61 702378
1464.0 1939.61 2769508
1489.39 1939.61 697381
1514.8 1939.61 1167625
1591.0 2015.8 1374227
1616.41 2015.8 1038935
1641.8 2015.8 1727155
1667.21 2015.8 613762
1692.6 2015.8 2737848
1718.01 2015.8 1171300
1743.4 2015.8 972301
1743.4 1939.61 652538
1718.01 1939.61 141607
1692.6 1939.61 1119345
1667.21 1939.61 687008
1616.41 1888.81 279390
1591.0 1888.81 29774
1616.41 1939.61 418608
1641.8 1939.61 636234
1743.4 1888.81 2500343
1718.01 1888.81 762905
1692.6 1888.81 1716663
1667.21 1888.81 2110516
1641.8 1888.81 1920045
1692.6 1812.6 1813390
1667.21 1812.6 275705
1641.8 1812.6 365840
1616.41 1812.6 1557039
1514.8 1685.61 2193462
1489.39 1685.61 362433
1464.0 1685.61 1480287
1514.8 1761.8 1468757
1489.39 1761.8 778079
1464.0 1761.8 2157849
1438.59 1761.8 1267508
1413.2 1761.8 215958
1387.79 1761.8 57386
1362.4 1761.8 122200
1387.79 1685.61 65278
1413.2 1685.61 2510954
1438.59 1685.61 1030927
1362.4 1584.0 2659738
1387.79 1584.0 507419
1362.4 1558.59 1701803
1387.79 1558.59 2257789
1413.2 1584.0 56436
1438.59 1558.59 2456193
1464.0 1558.59 653305
1489.39 1456.99 518855
1464.0 1456.99 209376
1438.59 1456.99 512128
1438.59 1482.4 1599588
1413.2 1482.4 1922112
1387.79 1482.4 1591364
1362.4 1456.99 976882
1362.4 1431.6 2231079
1387.79 1456.99 1653319
1413.2 1456.99 2243214
1387.79 1431.6 2490418
1362.4 1406.19 1850912
1362.4 1380.8 2117756
1387.79 1406.19 1250135
1387.79 1380.8 2539680
1362.4 1355.39 2745103
1362.4 1330.0 759229
1387.79 1355.39 2411320
1387.79 1330.0 2469159
1362.4 1304.61 880172
1387.79 1279.2 1012411
1413.2 1304.61 46325
1438.59 1304.61 1792453
1438.59 1279.2 153664
1413.2 1279.2 2035999
1311.6 1177.6 2608367
1311.6 1152.21 789465
1311.6 1126.8 2247554
1387.79 1177.6 2754655
1413.2 1177.6 2624647
1438.59 1152.21 684475
1438.59 1177.6 1774010
1413.2 1152.21 2774314
1387.79 1152.21 1492323
1362.4 1152.21 25361
1362.4 1126.8 1565996
1362.4 1101.41 2279318
1387.79 1126.8 2560082
1387.79 1101.41 1025318
1387.79 1076.0 2694313
1362.4 1076.0 1087447
1362.4 1050.61 1360364
1387.79 1050.61 2626164
1362.4 1025.2 2614815
1387.79 1025.2 1647410
1413.2 999.8 508064
1438.59 999.8 1300222
1438.59 974.39 1961052
1413.2 974.39 1427259
1387.79 999.8 1194031
1387.79 974.39 700647
1362.4 999.8 1519318
1311.6 974.39 1754490
1311.6 999.8 2099095
1311.6 1050.61 73863
1311.6 1076.0 1832949
1235.39 1126.8 935510
1184.61 1177.6 1433197
1210.0 1177.6 1215885
1235.39 1177.6 2668141
1210.0 1126.8 142729
1184.61 1126.8 2186936
1159.2 1126.8 611012
1133.81 1126.8 1113530
1108.4 1126.8 973751
1083.01 1126.8 908890
1108.4 1177.6 83700
1133.81 1177.6 1148140
1159.2 1177.6 604684
1083.01 1253.81 805590
1108.4 1253.81 1733390
1133.81 1253.81 2821349
1159.2 1253.81 1201312
1184.61 1253.81 1803542
1210.0 1253.81 2050882
1235.39 1253.81 309865
1235.39 1304.61 2707941
1210.0 1304.61 2327062
1184.61 1304.61 481890
1159.2 1304.61 1173928
1133.81 1304.61 654825
1108.4 1304.61 414371
1184.61 1431.6 441122
1210.0 1431.6 684881
1235.39 1431.6 692438
1235.39 1380.8 1465820
1210.0 1380.8 1049682
1184.61 1380.8 1987767
1159.2 1380.8 1317249
1133.81 1380.8 2134183
1108.4 1380.8 2453588
1083.01 1380.8 1754864
1108.4 1431.6 2490950
1133.81 1431.6 1244913
1159.2 1431.6 1882378
1083.01 1507.79 1628900
1108.4 1507.79 1112326
1133.81 1507.79 36210
1159.2 1507.79 1974340
1184.61 1507.79 1877073
1184.61 1558.59 1357464
1210.0 1558.59 1175664
1235.39 1558.59 326660
1235.39 1507.79 294369
1210.0 1507.79 2164726
1159.2 1558.59 260434
1133.81 1558.59 945637
1108.4 1558.59 562291
1083.01 1634.8 406015
1108.4 1634.8 1980452
1133.81 1634.8 122379
1159.2 1634.8 196632
1184.61 1634.8 1059634
1210.0 1634.8 2383892
1235.39 1634.8 2768245
1235.39 1685.61 516085
1210.0 1685.61 1837230
1184.61 1685.61 633236
1159.2 1685.61 2252708
1133.81 1685.61 465220
1108.4 1685.61 2802230
1184.61 1812.6 546262
1210.0 1812.6 52388
1235.39 1812.6 579540
1235.39 1761.8 1588531
1210.0 1761.8 516521
1184.61 1761.8 787432
1159.2 1761.8 2358604
1133.81 1761.8 1176547
1108.4 1761.8 2532639
1083.01 1761.8 2341745
1108.4 1812.6 2058915
1133.81 1812.6 2417384
1159.2 1812.6 1182338
1083.01 1888.81 1348110
1108.4 1888.81 1835183
1133.81 1888.81 954982
1159.2 1888.81 817440
1184.61 1888.81 2135183
1235.39 1888.81 1409452
1210.0 1888.81 866788
1159.2 1939.61 919543
1133.81 1939.61 508268
1108.4 1939.61 194464
1083.01 2015.8 1562725
1108.4 2041.19 2666311
1083.01 2041.19 1260427
1108.4 2015.8 2743319
1133.81 2015.8 2133985
1159.2 2041.19 109235
1159.2 2015.8 88969
1133.81 2041.19 228153
1108.4 2066.6 234706
1133.81 2066.6 2631239
1159.2 2066.6 2610490
1057.6 2219.0 260117
1032.21 2219.0 1684719
1057.6 2244.39 1545917
1006.8 2219.0 2611612
1006.8 2244.39 213848
981.41 2219.0 561727
981.41 2244.39 742708
956.0 2244.39 2387935
930.61 2219.0 2311943
930.61 2244.39 1422525
956.0 2219.0 1852140
1032.21 2142.79 2717543
1006.8 2142.79 2070075
981.41 2142.79 2122818
1032.21 2066.6 1801464
1006.8 2066.6 2299658
981.41 2066.6 2647117
956.0 2066.6 2715190
1006.8 2015.8 2011633
981.41 2015.8 1372541
956.0 2015.8 2436415
930.61 2015.8 1933404
905.2 2015.8 1075257
879.8 2015.8 763140
854.39 2015.8 1941492
879.8 2066.6 22876
905.2 2066.6 2774122
930.61 2066.6 2773151
956.0 2142.79 1119699
930.61 2142.79 1975807
905.2 2142.79 1075179
879.8 2142.79 548277
854.39 2142.79 1822802
803.59 2168.2 2168067
778.2 2168.2 1305587
879.8 2193.59 1326263
854.39 2193.59 411803
803.59 2244.39 8819
778.2 2244.39 844608
752.79 2244.39 493621
727.4 2244.39 2467715
701.99 2244.39 2022262
676.6 2244.39 321726
