# C:\Users\gielpa\PycharmProjects\Genetic-Algorithm\data-bak\u2152.tsp\data
719.9 733.11 354556
719.9 707.7 808101
758.01 707.7 50967
758.01 733.11 1294187
808.81 796.6 3014632
808.81 821.99 2769152
808.81 923.59 2673669
808.81 898.2 2389401
808.81 872.79 393116
808.81 847.4 632904
859.61 796.6 2670812
859.61 821.99 2278189
859.61 847.4 784653
859.61 872.79 2199010
859.61 898.2 1521151
859.61 923.59 3001900
859.61 949.0 2811425
859.61 974.39 2911908
859.61 999.8 2826024
859.61 1025.2 640942
758.01 1101.41 431778
732.6 1101.41 2153877
758.01 1076.0 2643048
732.6 1050.61 522187
732.6 1076.0 900218
758.01 1050.61 183183
732.6 1025.2 2554012
758.01 1025.2 432081
758.01 999.8 924817
808.81 1025.2 1696120
808.81 999.8 1302963
808.81 974.39 2442259
808.81 949.0 218130
758.01 949.0 802058
758.01 974.39 815393
732.6 999.8 950171
732.6 974.39 229108
732.6 949.0 3278536
681.8 949.0 1056878
681.8 974.39 563987
681.8 999.8 91977
681.8 1025.2 644391
656.41 1025.2 708719
656.41 999.8 1891566
758.01 898.2 1850652
758.01 923.59 2920588
732.6 872.79 742623
732.6 847.4 2532079
758.01 821.99 3301960
758.01 847.4 192512
758.01 872.79 1404184
732.6 898.2 3266597
732.6 923.59 502579
605.61 796.6 557491
605.61 821.99 1593891
605.61 847.4 103170
605.61 872.79 2079168
605.61 898.2 775739
605.61 923.59 2015910
605.61 949.0 2950116
605.61 974.39 3265079
631.0 999.8 366731
605.61 999.8 484405
631.0 1025.2 2850028
605.61 1025.2 873136
631.0 1050.61 3320070
631.0 1076.0 759818
656.41 1050.61 1401413
656.41 1076.0 2418133
631.0 1101.41 9354
656.41 1101.41 117768
681.8 1152.21 931469
681.8 1177.6 27270
681.8 1203.01 1115130
681.8 1228.4 988576
681.8 1253.81 2243905
681.8 1279.2 2014652
681.8 1304.61 1688307
732.6 1253.81 473190
732.6 1279.2 1509633
732.6 1228.4 2861879
732.6 1203.01 3376231
732.6 1177.6 3226943
732.6 1152.21 1248231
605.61 1152.21 80759
605.61 1177.6 1463214
605.61 1203.01 1598781
605.61 1228.4 3136335
605.61 1253.81 114292
605.61 1279.2 2400779
605.61 1304.61 1459390
605.61 1330.0 2262287
656.41 1355.39 2069164
681.8 1330.0 1985048
681.8 1355.39 3357187
732.6 1380.8 3313259
732.6 1355.39 538194
732.6 1330.0 2793348
732.6 1304.61 2214241
808.81 1279.2 1490379
808.81 1253.81 2958696
808.81 1228.4 2952885
808.81 1203.01 425850
808.81 1177.6 2286708
808.81 1152.21 213720
859.61 1152.21 1402808
859.61 1126.8 11891
859.61 1101.41 576639
859.61 1177.6 112075
859.61 1203.01 1344491
859.61 1228.4 1551619
859.61 1253.81 2428827
859.61 1279.2 2550546
808.81 1304.61 434878
808.81 1330.0 3347084
808.81 1355.39 3124331
808.81 1380.8 2831762
783.4 1456.99 2058874
808.81 1456.99 1494245
834.2 1456.99 3172791
859.61 1456.99 1931796
859.61 1431.6 672721
859.61 1380.8 282598
859.61 1406.19 3213049
935.8 1380.8 1565147
935.8 1406.19 1787488
935.8 1431.6 967927
935.8 1456.99 1291903
935.8 1482.4 1668049
935.8 1507.79 3258661
935.8 1533.2 2939840
859.61 1482.4 3336253
859.61 1507.79 2845677
859.61 1533.2 2968034
935.8 1584.0 325275
961.19 1584.0 683572
935.8 1609.39 1642103
961.19 1609.39 1063863
986.6 1584.0 2139435
986.6 1609.39 1297954
935.8 1685.61 532251
961.19 1685.61 3142636
986.6 1685.61 601760
1011.99 1685.61 284397
986.6 1736.41 221822
961.19 1736.41 2136207
935.8 1736.41 1150684
834.2 1685.61 165813
808.81 1685.61 1278321
783.4 1685.61 1437526
758.01 1685.61 2920564
681.8 1609.39 2719979
707.21 1609.39 2322517
732.6 1609.39 2773078
758.01 1609.39 429459
783.4 1609.39 1972954
834.2 1609.39 2480404
808.81 1609.39 1079185
707.21 1685.61 1340371
732.6 1685.61 1431613
681.8 1685.61 2065523
681.8 1736.41 1738092
707.21 1736.41 3027408
732.6 1736.41 560265
758.01 1736.41 295810
783.4 1736.41 2447391
808.81 1736.41 674490
834.2 1736.41 2740406
834.2 1812.6 1654599
808.81 1812.6 747400
783.4 1812.6 126860
758.01 1812.6 2808018
732.6 1812.6 2522751
707.21 1812.6 378210
681.8 1787.21 2775715
656.41 1787.21 250266
681.8 1812.6 1807110
681.8 1838.01 3333128
656.41 1838.01 1045237
656.41 1863.4 895703
681.8 1863.4 935448
707.21 1838.01 944721
707.21 1863.4 1705634
732.6 1863.4 2440472
758.01 1838.01 1047978
783.4 1838.01 267902
834.2 1863.4 2632664
808.81 1863.4 821889
783.4 1863.4 345152
758.01 1863.4 1103496
707.21 1939.61 2832943
681.8 1939.61 341677
656.41 1939.61 2942167
681.8 1965.0 56462
707.21 1965.0 1813086
732.6 1939.61 2266801
732.6 1965.0 2254792
758.01 1939.61 1955460
758.01 1965.0 2406557
783.4 1939.61 466168
783.4 1965.0 1724733
681.8 2041.19 231390
681.8 2066.6 1328563
707.21 2066.6 1346044
707.21 2041.19 536045
732.6 2041.19 166188
758.01 2041.19 1695216
783.4 2041.19 1441388
808.81 2041.19 1067415
834.2 2041.19 259459
885.0 2066.6 2811436
910.39 2066.6 1560908
808.81 1965.0 3020415
808.81 1939.61 1413836
834.2 1965.0 1177700
834.2 1939.61 163941
935.8 1863.4 1043231
935.8 1812.6 599623
935.8 1787.21 1052536
961.19 1863.4 2656589
986.6 1863.4 783987
935.8 1939.61 3333022
961.19 1939.61 1283080
986.6 1939.61 373545
1011.99 1939.61 294021
1037.4 1939.61 1778914
1062.79 1939.61 817061
1088.2 1939.61 2212456
1088.2 1863.4 3254286
1062.79 1863.4 2700312
1037.4 1863.4 2077548
1011.99 1863.4 2590089
961.19 1812.6 1339239
961.19 1787.21 771128
986.6 1812.6 3085095
1011.99 1812.6 99995
1037.4 1812.6 1223420
1062.79 1812.6 2519713
1088.2 1812.6 1211646
1088.2 1736.41 1648899
1062.79 1736.41 2259095
1037.4 1736.41 2997458
1011.99 1736.41 132536
1037.4 1685.61 2996547
1062.79 1685.61 2116308
1088.2 1685.61 1439739
1011.99 1609.39 1470585
1011.99 1584.0 3100338
1037.4 1609.39 668875
1037.4 1584.0 1972883
1062.79 1609.39 914257
1088.2 1609.39 1112763
1062.79 1584.0 2060718
1113.59 1533.2 3343588
1062.79 1533.2 2186187
1113.59 1507.79 2748735
1113.59 1482.4 2016503
1113.59 1456.99 552234
1113.59 1431.6 409984
1113.59 1406.19 2745695
1113.59 1380.8 3295163
1113.59 1355.39 1278137
1062.79 1304.61 832653
1062.79 1279.2 526925
1037.4 1304.61 3159076
935.8 1279.2 731816
935.8 1253.81 1382543
935.8 1228.4 1041996
935.8 1203.01 2222488
935.8 1177.6 693513
935.8 1152.21 2656494
935.8 1126.8 2441017
935.8 1101.41 493452
986.6 1101.41 2851744
986.6 1126.8 830701
986.6 1152.21 2915230
986.6 1177.6 2130189
986.6 1203.01 999536
986.6 1228.4 3308523
986.6 1253.81 2052073
986.6 1279.2 1406079
986.6 1355.39 3037174
986.6 1380.8 2166912
986.6 1406.19 986376
986.6 1431.6 1472395
986.6 1456.99 1754695
986.6 1482.4 1137182
986.6 1507.79 529975
986.6 1533.2 1136932
1062.79 1507.79 1274118
1062.79 1482.4 844466
1062.79 1456.99 2510951
1062.79 1431.6 1459223
1062.79 1406.19 2794425
1062.79 1380.8 509443
1062.79 1355.39 1775997
1113.59 1279.2 1079489
1113.59 1253.81 862874
1113.59 1228.4 1084184
1062.79 1203.01 2146837
1062.79 1228.4 3234443
1062.79 1253.81 1811516
1113.59 1203.01 1632489
1113.59 1177.6 1449053
1113.59 1152.21 435138
1113.59 1126.8 1050675
1062.79 1101.41 370199
1062.79 1126.8 2015831
1062.79 1177.6 2378131
1062.79 1152.21 2789610
1113.59 1101.41 1859303
1113.59 999.8 3303579
1088.2 999.8 1821800
1113.59 974.39 124203
1113.59 949.0 2084817
1113.59 923.59 3290529
1062.79 974.39 2800284
1062.79 949.0 2049837
986.6 821.99 919442
986.6 847.4 2788323
986.6 872.79 2197112
986.6 898.2 2838864
986.6 923.59 2449755
986.6 949.0 701224
986.6 974.39 68397
1062.79 923.59 779146
1062.79 898.2 1861817
1062.79 872.79 10012
1062.79 847.4 504419
1062.79 821.99 453079
1113.59 821.99 520297
1113.59 847.4 1519474
1113.59 872.79 1393455
1113.59 898.2 2332070
1189.8 821.99 1633434
1189.8 847.4 1914756
1189.8 872.79 2526530
1189.8 898.2 2066255
1189.8 923.59 3005731
1189.8 949.0 1000082
1189.8 974.39 2733939
1240.61 974.39 330897
1240.61 949.0 942757
1240.61 923.59 1535726
1240.61 898.2 2843675
1240.61 872.79 2053071
1240.61 821.99 2808452
1240.61 847.4 435624
1316.8 974.39 2907230
1316.8 949.0 927004
1316.8 923.59 158555
1316.8 898.2 2224813
1316.8 872.79 594971
1316.8 847.4 2994541
1316.8 821.99 157288
1367.6 796.6 3250212
1354.9 733.11 2693129
1354.9 707.7 848932
1393.01 707.7 3073746
1393.01 733.11 94617
1443.81 796.6 877996
1494.61 796.6 17521
1431.09 733.11 2132430
1431.09 707.7 462392
1469.2 707.7 792563
1469.2 733.11 1034388
1507.3 707.7 274389
1507.3 733.11 2212261
1545.39 707.7 2317202
1545.39 733.11 1422352
1583.5 707.7 77069
1583.5 733.11 1177497
1570.8 796.6 526801
1596.19 796.6 2879489
1672.4 796.6 1565239
1723.2 796.6 3323420
1634.3 707.7 2103430
1634.3 733.11 1379614
1672.4 707.7 125063
1672.4 733.11 1912399
1710.51 707.7 485527
1710.51 733.11 789214
1748.59 707.7 1746961
1748.59 733.11 2713667
1799.39 796.6 1600511
1850.2 796.6 1418139
1786.7 733.11 995426
1786.7 707.7 1348462
1824.8 707.7 1389188
1824.8 733.11 414615
1862.89 707.7 1339601
1862.89 733.11 335595
1913.69 707.7 1567847
1913.69 733.11 2262392
2129.61 796.6 464228
2104.2 796.6 2235305
2078.81 796.6 1683152
2053.4 796.6 2357921
2028.01 796.6 1241969
2002.6 796.6 3220968
1977.21 796.6 632920
1951.8 796.6 115566
1926.41 796.6 2439918
1901.0 796.6 2544347
1951.8 733.11 607183
1951.8 707.7 226174
1989.9 707.7 546805
1989.9 733.11 1254941
2028.01 707.7 1730468
2028.01 733.11 1676263
2066.09 707.7 1403878
2066.09 733.11 1210989
2104.2 733.11 2095323
2104.2 707.7 1399050
2142.3 707.7 1722973
2142.3 733.11 2608490
2180.39 707.7 651167
2180.39 733.11 713722
2231.19 707.7 2886008
2231.19 733.11 510722
2256.6 733.11 2188915
2256.6 707.7 2045563
2307.4 707.7 2369172
2307.4 733.11 1414933
2409.0 796.6 2549218
2434.39 796.6 2250839
2409.0 872.79 830533
2434.39 872.79 2605702
2409.0 898.2 2050990
2434.39 898.2 2492520
2459.8 872.79 1038193
2485.2 872.79 2771224
2459.8 796.6 3026381
2485.2 796.6 1060527
2510.61 796.6 1474752
2536.0 796.6 319590
2561.41 796.6 2192424
2586.8 796.6 79154
2612.21 796.6 1552019
2637.6 796.6 751206
2637.6 707.7 1010136
2637.6 733.11 1197873
2688.4 796.6 3125050
2713.81 796.6 148682
2790.0 796.6 804204
2764.61 796.6 14494
2739.2 796.6 2100992
2688.4 872.79 478195
2637.6 872.79 1793723
2612.21 872.79 710748
2586.8 872.79 2817178
2561.41 872.79 475582
2536.0 872.79 2002179
2510.61 872.79 2710844
2612.21 974.39 949882
2586.8 999.8 713947
2561.41 999.8 2262081
2561.41 974.39 2527176
2586.8 974.39 3233177
2612.21 999.8 253257
2637.6 999.8 2509691
2612.21 1025.2 500186
2612.21 1050.61 461712
2637.6 1076.0 151495
2612.21 1076.0 1026346
2637.6 1050.61 917006
2637.6 1025.2 2118923
2688.4 974.39 331327
2688.4 999.8 1082896
2688.4 1025.2 2758615
2688.4 1050.61 630592
2688.4 1076.0 934665
2764.61 999.8 2928151
2764.61 1050.61 128567
2790.0 1050.61 1316398
2815.41 1050.61 1711621
2764.61 1126.8 2486873
2790.0 1126.8 2185397
2916.99 1177.6 594739
2891.6 1177.6 702199
2866.19 1177.6 2023692
2840.8 1177.6 202396
2815.41 1177.6 1764134
2790.0 1177.6 862213
2764.61 1152.21 2728267
2764.61 1177.6 246079
2790.0 1152.21 1694088
2815.41 1126.8 1341730
2840.8 1126.8 3129161
2866.19 1126.8 2930177
2891.6 1126.8 181067
2916.99 1126.8 2955121
2993.2 1050.61 2871820
2967.79 1050.61 2200980
2916.99 1050.61 3010032
2891.6 1050.61 1715829
2866.19 1050.61 1309787
2840.8 1050.61 1543871
2916.99 999.8 2693858
2916.99 923.59 628669
2764.61 923.59 2042006
2713.81 872.79 2467693
2739.2 872.79 960096
2764.61 872.79 1669522
2790.0 872.79 2113014
2815.41 872.79 1487133
2840.8 872.79 2239468
2866.19 872.79 2919906
2891.6 872.79 1553714
2916.99 872.79 559774
2967.79 821.99 2195639
2942.4 796.6 2859081
2942.4 821.99 133258
2916.99 796.6 3207104
2891.6 796.6 948581
2866.19 796.6 2209428
2840.8 796.6 1731573
2815.41 796.6 1634146
2891.6 733.11 1036090
2891.6 707.7 1577501
2967.79 796.6 1578756
2993.2 796.6 2609245
3018.59 796.6 2975087
3044.0 796.6 3082386
3069.39 796.6 500144
3094.8 796.6 2280188
3120.2 796.6 2470191
3145.61 796.6 1022143
3069.39 872.79 854920
3044.0 872.79 558737
3018.59 872.79 28237
2993.2 872.79 310702
2993.2 898.2 2201923
2993.2 923.59 2859780
3018.59 898.2 60522
3018.59 923.59 1402901
2993.2 949.0 1049983
3018.59 949.0 1952249
3069.39 949.0 2765012
3069.39 974.39 275570
3094.8 974.39 2678503
3069.39 999.8 2763841
3094.8 999.8 594578
3145.61 1050.61 2914489
3120.2 1050.61 2067469
3094.8 1050.61 1365609
3069.39 1050.61 518566
3044.0 1050.61 579355
3018.59 1050.61 2058105
2967.79 1126.8 849600
2967.79 1152.21 1342293
2993.2 1126.8 1272653
3018.59 1126.8 3025019
3044.0 1126.8 3156298
3069.39 1126.8 2728507
3094.8 1126.8 2310101
3120.2 1177.6 3375391
3094.8 1177.6 780801
3069.39 1177.6 1429816
3044.0 1177.6 1372124
3018.59 1177.6 2795620
2993.2 1152.21 3020938
2993.2 1177.6 265586
3069.39 1253.81 3241730
3044.0 1253.81 1191029
3018.59 1253.81 1125903
2993.2 1253.81 1632124
2993.2 1304.61 897742
3018.59 1304.61 1656517
3044.0 1304.61 1129744
3069.39 1304.61 725898
3094.8 1253.81 942429
3120.2 1253.81 1791264
3145.61 1253.81 1616179
3145.61 1304.61 1613602
3120.2 1304.61 1127742
3094.8 1304.61 1470941
3145.61 1431.6 276329
3120.2 1431.6 699758
3094.8 1431.6 2083044
3069.39 1431.6 3045961
3044.0 1431.6 561177
3018.59 1431.6 1444857
2993.2 1431.6 2752835
2967.79 1431.6 1759845
2993.2 1380.8 2476302
3018.59 1380.8 2882561
3044.0 1380.8 2290120
3069.39 1380.8 674432
3094.8 1380.8 886018
3120.2 1380.8 1520096
3145.61 1380.8 3308957
3196.41 1380.8 2871115
3221.8 1355.39 2244186
3196.41 1355.39 2633502
3221.8 1380.8 1843175
3272.6 1431.6 2646504
3298.01 1431.6 2718174
3323.4 1431.6 644321
3272.6 1380.8 1237074
3298.01 1304.61 112794
3272.6 1304.61 1663819
3247.21 1253.81 674921
3145.61 1177.6 2806354
3120.2 1126.8 2793222
3145.61 1126.8 219971
3247.21 1152.21 2133161
3247.21 1177.6 2329580
3272.6 1152.21 2159898
3272.6 1177.6 35733
3298.01 1177.6 769947
3323.4 1177.6 1475559
3145.61 999.8 168703
3171.0 999.8 746670
3221.8 999.8 2062497
3247.21 999.8 104363
3247.21 949.0 629775
3221.8 949.0 1278667
3171.0 923.59 1584335
3145.61 923.59 312259
3094.8 949.0 726097
3094.8 923.59 1095923
3069.39 898.2 52391
3069.39 923.59 2536845
3094.8 898.2 2324873
3094.8 872.79 3075065
3120.2 872.79 727282
3145.61 872.79 1607158
3221.8 898.2 1502207
3196.41 796.6 817061
3196.41 821.99 2701532
3221.8 796.6 2223714
3272.6 847.4 2799803
3272.6 821.99 2299627
3272.6 872.79 488032
3298.01 872.79 205679
3298.01 847.4 2492889
3298.01 821.99 2987466
3323.4 707.7 413595
3348.81 707.7 962760
3348.81 733.11 464950
3323.4 733.11 1466771
3450.41 872.79 1175489
3450.41 898.2 1570775
3425.0 872.79 698758
3374.2 872.79 2206549
3348.81 872.79 1224795
3374.2 898.2 294881
3323.4 923.59 2131869
3298.01 923.59 2006655
3298.01 949.0 1634039
3323.4 949.0 1272098
3298.01 974.39 1208897
3323.4 974.39 895819
3323.4 999.8 1254602
3298.01 999.8 1035194
3272.6 1050.61 1814257
3272.6 1101.41 515231
3348.81 1177.6 478553
3374.2 1177.6 3173913
3399.61 1177.6 1846121
3425.0 1177.6 675043
3425.0 1253.81 3281471
3399.61 1253.81 1278660
3374.2 1253.81 2507972
3348.81 1253.81 3038382
3323.4 1253.81 2318726
3298.01 1253.81 1026591
3272.6 1253.81 1416211
3323.4 1304.61 1865166
3348.81 1304.61 1865584
3374.2 1304.61 1421683
3399.61 1304.61 751494
3425.0 1304.61 2431346
3425.0 1380.8 2853836
3399.61 1380.8 2197039
3374.2 1380.8 857527
3348.81 1380.8 1773240
3298.01 1380.8 2117376
3323.4 1380.8 1964399
3348.81 1406.19 1086174
3374.2 1406.19 2320681
3425.0 1431.6 1062566
3399.61 1431.6 2000124
3374.2 1431.6 1738503
3348.81 1431.6 434086
3425.0 1507.79 16060
3399.61 1507.79 2818918
3374.2 1507.79 2476361
3348.81 1507.79 983194
3323.4 1558.59 2534150
3298.01 1558.59 2368501
3272.6 1533.2 2237807
3272.6 1558.59 754611
3298.01 1533.2 568564
3272.6 1507.79 642185
3298.01 1507.79 1743500
3323.4 1507.79 46248
3425.0 1558.59 2567771
3399.61 1558.59 1811110
3374.2 1558.59 3236612
3348.81 1558.59 1569957
3425.0 1634.8 1020912
3399.61 1634.8 2661240
3374.2 1634.8 3211651
3348.81 1634.8 3215231
3323.4 1634.8 1393848
3298.01 1634.8 2469214
3272.6 1634.8 2496748
3272.6 1685.61 1263519
3298.01 1685.61 2106527
3323.4 1685.61 55893
3348.81 1685.61 1567477
3374.2 1685.61 2449347
3425.0 1685.61 2828479
3399.61 1685.61 93483
3298.01 1787.21 88644
3323.4 1812.6 3051501
3298.01 1812.6 2979556
3272.6 1812.6 249872
3272.6 1787.21 735365
3272.6 1761.8 2385896
3298.01 1761.8 220786
3323.4 1761.8 3015352
3348.81 1761.8 149047
3374.2 1761.8 1900137
3399.61 1761.8 167933
3425.0 1761.8 1041940
3425.0 1812.6 191750
3399.61 1812.6 311529
3374.2 1812.6 804225
3348.81 1812.6 519395
3425.0 1888.81 1666231
3399.61 1888.81 2923333
3374.2 1888.81 261694
3348.81 1888.81 742060
3323.4 1939.61 1696859
3298.01 1939.61 414498
3272.6 1939.61 947688
3272.6 1888.81 413075
3298.01 1888.81 3132899
3323.4 1888.81 2382536
3425.0 1939.61 312535
3399.61 1939.61 1148884
3374.2 1939.61 1903764
3348.81 1939.61 961211
3425.0 2015.8 2544140
3399.61 2015.8 1897799
3374.2 2015.8 661010
3348.81 2015.8 2926340
3323.4 2015.8 2537201
3298.01 2041.19 961432
3298.01 2015.8 2645754
3272.6 2041.19 335238
3272.6 2015.8 1736105
3221.8 2066.6 2983673
3272.6 2066.6 1595281
3298.01 2066.6 2342506
3323.4 2066.6 590627
3348.81 2066.6 1544025
3374.2 2066.6 2352642
3425.0 2066.6 1333973
3399.61 2066.6 2198734
3399.61 2142.79 1265423
3425.0 2142.79 154520
3374.2 2142.79 1964192
3348.81 2142.79 3323592
3348.81 2168.2 1238934
3323.4 2142.79 2617147
3298.01 2142.79 127823
3272.6 2168.2 586396
3196.41 2244.39 1143462
3221.8 2244.39 2257675
3247.21 2244.39 1498009
3272.6 2244.39 1857395
3298.01 2244.39 1077875
3323.4 2244.39 2209288
3348.81 2244.39 2474906
3323.4 2168.2 846866
3298.01 2168.2 1821726
3272.6 2142.79 776485
3247.21 2168.2 3046259
3221.8 2168.2 249405
3196.41 2168.2 771026
3145.61 2193.59 663690
3120.2 2193.59 2378778
3145.61 2142.79 2326316
3120.2 2142.79 2244328
3145.61 2066.6 2862113
3196.41 2066.6 697941
3221.8 2041.19 1582019
3196.41 2041.19 40242
3145.61 2015.8 74784
3120.2 2015.8 3029979
3094.8 2015.8 2431235
3120.2 1939.61 942407
3145.61 1939.61 2044665
3145.61 1888.81 1164762
3120.2 1888.81 881482
3145.61 1761.8 2865111
3094.8 1761.8 284379
3120.2 1761.8 2356783
3145.61 1685.61 1899294
3120.2 1685.61 2776472
3094.8 1634.8 1295928
3120.2 1634.8 2418119
3145.61 1634.8 2426275
3145.61 1507.79 2920522
3120.2 1507.79 2589836
3069.39 1507.79 576405
3094.8 1507.79 2041520
3145.61 1558.59 1900148
3120.2 1558.59 492596
3094.8 1558.59 2135123
3069.39 1558.59 786874
3044.0 1558.59 2675760
2993.2 1507.79 2066436
3018.59 1507.79 1264072
3044.0 1507.79 1349424
3018.59 1558.59 234314
2993.2 1533.2 169724
2993.2 1558.59 1733213
3069.39 1634.8 1188405
3044.0 1634.8 1360090
3018.59 1634.8 536267
2993.2 1634.8 2744162
2993.2 1685.61 3199224
3018.59 1685.61 661495
3044.0 1685.61 2503112
3069.39 1685.61 776154
3094.8 1685.61 3078617
3069.39 1761.8 2999762
3044.0 1761.8 110426
3018.59 1761.8 46325
2993.2 1761.8 2294275
2993.2 1787.21 2055286
3018.59 1787.21 2799
2993.2 1812.6 754543
3018.59 1812.6 1220906
3044.0 1812.6 2279669
3069.39 1812.6 751661
3094.8 1812.6 85436
3120.2 1812.6 2718868
3145.61 1812.6 2908280
3094.8 1888.81 2777391
3069.39 1888.81 3339318
3044.0 1888.81 1027717
2993.2 1888.81 1400185
3018.59 1888.81 1940012
3094.8 1939.61 2543838
3069.39 1939.61 1012586
3044.0 1939.61 3179878
3018.59 1939.61 821615
2993.2 1939.61 995765
3069.39 2015.8 741784
3044.0 2015.8 195924
3018.59 2015.8 2342956
3018.59 2041.19 1549307
2993.2 2015.8 800553
2993.2 2041.19 1398238
2967.79 2066.6 2664033
2993.2 2066.6 3159322
3018.59 2066.6 144471
3044.0 2066.6 252481
3120.2 2066.6 2187325
3094.8 2066.6 2714381
3069.39 2066.6 1474231
2993.2 2142.79 1735464
2967.79 2168.2 2285285
2993.2 2168.2 2813516
3018.59 2142.79 1324262
3044.0 2142.79 476241
3069.39 2142.79 2012888
3094.8 2142.79 2816863
3069.39 2219.0 1299769
3044.0 2219.0 1877355
3069.39 2244.39 338989
3044.0 2244.39 843097
3018.59 2244.39 1156502
2993.2 2244.39 997368
3018.59 2219.0 3067024
2993.2 2219.0 2656040
2967.79 2244.39 2598278
2942.4 2219.0 94383
2967.79 2219.0 1526462
2942.4 2244.39 1685544
2916.99 2219.0 8453
2891.6 2244.39 655988
2916.99 2244.39 773297
2891.6 2219.0 2512012
2916.99 2168.2 300
2967.79 2142.79 2872634
2916.99 2142.79 1143552
2891.6 2142.79 1212250
2891.6 2168.2 1597743
2866.19 2168.2 841570
2840.8 2168.2 1404475
2815.41 2168.2 291743
2764.61 2219.0 1773045
2764.61 2244.39 710046
2790.0 2219.0 2706066
2764.61 2168.2 1680951
2790.0 2168.2 3312897
2764.61 2142.79 2896319
2790.0 2142.79 3020266
2815.41 2142.79 3207908
2840.8 2142.79 1581137
2866.19 2142.79 1052707
2891.6 2041.19 86339
2916.99 2066.6 841223
2891.6 2066.6 272132
2866.19 2066.6 1591541
2840.8 2066.6 643928
2815.41 2066.6 399505
2840.8 2041.19 1334469
2815.41 2041.19 3370662
2790.0 2066.6 3362755
2764.61 2066.6 1875343
2764.61 2041.19 2818766
2790.0 2041.19 12875
2764.61 2015.8 2032887
2790.0 2015.8 2308936
2815.41 2015.8 114292
2840.8 2015.8 3368437
2866.19 2041.19 3027038
2866.19 2015.8 3309569
2891.6 2015.8 749877
2916.99 2041.19 1971933
2916.99 2015.8 2704503
2916.99 1939.61 189843
2891.6 1939.61 16831
2866.19 1939.61 3095104
2840.8 1939.61 1644215
2815.41 1939.61 2979711
2790.0 1939.61 2874330
2764.61 1939.61 1140121
2764.61 1888.81 913910
2790.0 1888.81 2229033
2815.41 1888.81 2435869
2840.8 1888.81 1882519
2866.19 1888.81 2571473
2891.6 1888.81 869506
2916.99 1888.81 2888557
2916.99 1812.6 845949
2891.6 1812.6 2691044
2866.19 1787.21 2937577
2866.19 1812.6 1189954
2840.8 1812.6 1205894
2815.41 1812.6 1968804
2790.0 1812.6 1533173
2764.61 1787.21 2669102
2764.61 1812.6 2333304
2790.0 1787.21 410715
2764.61 1761.8 445960
2790.0 1761.8 1969626
2815.41 1761.8 1615558
2840.8 1761.8 1806411
2866.19 1761.8 1564742
2891.6 1761.8 757865
2916.99 1761.8 2360910
2891.6 1787.21 2149312
2840.8 1685.61 252768
2866.19 1685.61 1142003
2891.6 1685.61 5282
2916.99 1685.61 896863
2916.99 1634.8 1821934
2891.6 1634.8 2920809
2866.19 1634.8 2177723
2840.8 1634.8 1994221
2815.41 1634.8 759727
2815.41 1685.61 1061959
2790.0 1685.61 3244184
2764.61 1685.61 2193461
2790.0 1634.8 869967
2764.61 1634.8 2261620
2764.61 1558.59 78253
2764.61 1533.2 1622460
2790.0 1558.59 390000
2815.41 1558.59 3272980
2840.8 1558.59 2033026
2916.99 1558.59 2627712
2891.6 1558.59 390921
2866.19 1558.59 1063855
2790.0 1533.2 2718995
2764.61 1507.79 2741230
2790.0 1507.79 1362994
2815.41 1507.79 1997537
2840.8 1507.79 454347
2866.19 1507.79 558672
2891.6 1507.79 1982119
2916.99 1507.79 1931811
2967.79 1533.2 741949
2967.79 1507.79 1396520
2916.99 1431.6 630807
2891.6 1431.6 18491
2866.19 1431.6 1511041
2840.8 1431.6 689115
2815.41 1431.6 1152086
2790.0 1431.6 875912
2764.61 1431.6 1313559
2764.61 1380.8 2391735
2790.0 1380.8 3331049
2815.41 1380.8 2974317
2840.8 1380.8 936358
2866.19 1380.8 1965367
2891.6 1380.8 588926
2916.99 1380.8 2218013
2916.99 1304.61 266693
2891.6 1304.61 2424303
2866.19 1304.61 1430329
2840.8 1304.61 754667
2891.6 1253.81 1994993
2916.99 1253.81 260607
2866.19 1253.81 2603456
2840.8 1253.81 1653400
2815.41 1253.81 2532652
2790.0 1253.81 1295578
2764.61 1279.2 76449
2764.61 1253.81 1289706
2790.0 1279.2 1395168
2815.41 1304.61 1795833
2790.0 1304.61 2015915
2764.61 1304.61 1169545
2637.6 1431.6 1311208
2637.6 1456.99 427645
2612.21 1482.4 1207301
2637.6 1558.59 2054471
2612.21 1558.59 3030723
2637.6 1584.0 2436674
2612.21 1584.0 3040228
2586.8 1584.0 2092248
2586.8 1558.59 35450
2561.41 1558.59 2397468
2510.61 1558.59 2588673
2536.0 1558.59 1418679
2536.0 1482.4 2145001
2510.61 1482.4 695868
2510.61 1456.99 177091
2536.0 1456.99 1034183
2561.41 1482.4 3344598
2586.8 1482.4 2065603
2561.41 1456.99 3075764
2586.8 1456.99 3136070
2612.21 1456.99 1503395
2612.21 1431.6 1001739
2612.21 1406.19 3001292
2637.6 1380.8 2722888
2637.6 1406.19 1853459
2612.21 1380.8 1050499
2637.6 1355.39 793779
2637.6 1330.0 451904
2612.21 1355.39 779590
2612.21 1330.0 1777303
2637.6 1304.61 2675365
2612.21 1304.61 1512092
2586.8 1304.61 2647780
2561.41 1304.61 1148186
2561.41 1279.2 2382413
2586.8 1279.2 1671713
2612.21 1279.2 191653
2688.4 1177.6 625325
2688.4 1152.21 2078371
2688.4 1126.8 2119917
2688.4 1101.41 1369690
2612.21 1177.6 1508861
2586.8 1177.6 3160933
2561.41 1152.21 474229
2561.41 1177.6 2644812
2586.8 1152.21 1438186
2612.21 1152.21 2307876
2637.6 1152.21 1862332
2637.6 1126.8 3337862
2637.6 1101.41 1158162
2612.21 1126.8 200320
2612.21 1101.41 428324
2510.61 999.8 2964874
2536.0 999.8 3355498
2536.0 974.39 1731249
2510.61 974.39 372781
2485.2 999.8 277055
2485.2 974.39 3311226
2459.8 974.39 3125098
2434.39 999.8 2698270
2459.8 999.8 1110825
2459.8 1025.2 740460
2459.8 1050.61 1619337
2434.39 1025.2 1918474
2434.39 1050.61 2760430
2434.39 1076.0 3008858
2459.8 1076.0 2650675
2434.39 1101.41 1297993
2434.39 1126.8 1599602
2459.8 1101.41 36296
2459.8 1126.8 3306079
2434.39 1152.21 1573641
2459.8 1152.21 157477
2459.8 1177.6 767264
2485.2 1177.6 1401187
2485.2 1152.21 1074490
2510.61 1152.21 270781
2536.0 1177.6 573944
2536.0 1152.21 2771710
2510.61 1177.6 1646048
2485.2 1279.2 2589200
2510.61 1279.2 987488
2536.0 1279.2 2792044
2536.0 1304.61 3357196
2510.61 1304.61 738123
2485.2 1304.61 1141425
2459.8 1279.2 1585959
2434.39 1304.61 690737
2459.8 1304.61 2418720
2459.8 1330.0 2154106
2459.8 1355.39 1198606
2434.39 1330.0 1362742
2434.39 1355.39 428818
2459.8 1380.8 1342792
2459.8 1406.19 696696
2434.39 1380.8 1431979
2434.39 1406.19 861494
2459.8 1431.6 2672246
2510.61 1380.8 649038
2536.0 1380.8 2030291
2485.2 1456.99 1767261
2459.8 1456.99 2007515
2485.2 1482.4 2337696
2459.8 1482.4 2419590
2434.39 1456.99 2661111
2434.39 1431.6 1156631
2358.2 1507.79 2473529
2332.79 1507.79 1974986
2307.4 1507.79 2876405
2256.6 1431.6 3088341
2281.99 1431.6 3317596
2307.4 1431.6 2260568
2332.79 1406.19 3252354
2358.2 1431.6 2419110
2332.79 1431.6 3199669
2205.8 1380.8 1393133
2231.19 1380.8 1724939
2256.6 1380.8 953531
2281.99 1380.8 1435452
2307.4 1380.8 75113
2332.79 1380.8 1060949
2358.2 1406.19 2303640
2358.2 1380.8 1819083
2358.2 1304.61 3187977
2332.79 1304.61 1076223
2307.4 1304.61 2904219
2281.99 1304.61 2286369
2256.6 1304.61 1319738
2231.19 1304.61 3156934
2205.8 1304.61 3268279
2180.39 1253.81 1823836
2205.8 1253.81 1777229
2231.19 1253.81 1256937
2256.6 1253.81 3126554
2281.99 1253.81 1367618
2307.4 1253.81 171048
2332.79 1253.81 1441397
2358.2 1253.81 3094583
2358.2 1177.6 1282958
2332.79 1177.6 1878682
2307.4 1177.6 2758575
2281.99 1177.6 1581871
2256.6 1177.6 260697
2281.99 1126.8 3002874
2307.4 1126.8 2692547
2332.79 1126.8 266310
2358.2 1126.8 1777081
2358.2 1050.61 809924
2332.79 1025.2 1221102
2358.2 1025.2 1991470
2332.79 1050.61 182866
2307.4 1050.61 991542
2281.99 1050.61 3365753
2256.6 1050.61 1845763
2231.19 1050.61 1536341
2205.8 1050.61 2146912
2129.61 1126.8 1284823
2155.0 1126.8 483389
2180.39 1126.8 48364
2205.8 1126.8 2402384
2231.19 1126.8 1012850
2256.6 1126.8 1241077
2180.39 1050.61 361568
2129.61 999.8 3307614
2104.2 999.8 984371
2155.0 1050.61 199644
2129.61 1050.61 1176269
2078.81 999.8 3320700
2053.4 999.8 2645282
2028.01 999.8 1634825
2078.81 1050.61 2076395
2053.4 1050.61 2514762
2028.01 1050.61 1140372
1977.21 1126.8 2081760
1951.8 1126.8 2119386
1926.41 1126.8 1751454
1901.0 1126.8 1917591
1875.61 1126.8 568348
1850.2 1126.8 1897598
1799.39 1101.41 3377137
1799.39 1126.8 2598286
1799.39 1152.21 1052190
1799.39 1177.6 3241605
1799.39 1203.01 2892360
1799.39 1228.4 2324385
1774.0 1253.81 129704
1799.39 1253.81 2851459
1850.2 1304.61 2517141
1875.61 1304.61 2629727
1901.0 1304.61 3175383
1850.2 1253.81 954570
1901.0 1177.6 38993
1875.61 1177.6 3144873
1850.2 1177.6 3281230
1723.2 1101.41 916263
1723.2 1126.8 2642923
1723.2 1152.21 884624
1723.2 1177.6 2928361
1723.2 1203.01 1662029
1723.2 1228.4 805455
1799.39 1304.61 215479
1723.2 1304.61 1969394
1723.2 1330.0 1836307
1723.2 1355.39 2329596
1799.39 1330.0 557650
1799.39 1355.39 2507297
1799.39 1380.8 432017
1799.39 1406.19 1177824
1799.39 1431.6 3296089
1799.39 1456.99 2546159
1799.39 1482.4 725496
1774.0 1507.79 174505
1799.39 1507.79 65295
1926.41 1431.6 2198919
1951.8 1431.6 2111706
1901.0 1431.6 202066
1875.61 1406.19 1826875
1850.2 1406.19 375478
1850.2 1380.8 3226992
1875.61 1380.8 10867
1901.0 1380.8 1526514
1926.41 1380.8 1413611
1951.8 1380.8 424948
1977.21 1380.8 2423569
2002.6 1380.8 2596089
2053.4 1304.61 2587871
2028.01 1304.61 1296234
2002.6 1304.61 1322769
1977.21 1304.61 659685
1951.8 1304.61 110693
1926.41 1304.61 1941059
1875.61 1253.81 723790
1901.0 1253.81 1622179
1926.41 1279.2 1462457
1926.41 1253.81 3035028
1951.8 1253.81 1427862
1951.8 1279.2 2324759
1977.21 1253.81 2734749
1926.41 1177.6 1496482
1951.8 1177.6 2106225
1977.21 1177.6 2426706
2002.6 1177.6 3143690
2028.01 1177.6 2500836
2053.4 1177.6 2034288
2002.6 1126.8 342992
2028.01 1126.8 2916387
2053.4 1126.8 3105737
2078.81 1126.8 2313062
2129.61 1177.6 2024321
2231.19 1177.6 2634548
2205.8 1177.6 1008946
2180.39 1177.6 145574
2155.0 1177.6 1512699
2078.81 1177.6 1349638
2002.6 1253.81 3144738
2028.01 1253.81 860264
2053.4 1253.81 1224240
2078.81 1253.81 3232726
2129.61 1253.81 1826633
2155.0 1253.81 2320284
2180.39 1304.61 2917743
2155.0 1304.61 667290
2129.61 1304.61 2148414
2078.81 1304.61 2866268
2028.01 1380.8 215144
2053.4 1380.8 3062461
2078.81 1380.8 446570
2129.61 1380.8 2404407
2129.61 1431.6 480484
2155.0 1431.6 2426025
2155.0 1380.8 2893831
2180.39 1380.8 140669
2205.8 1431.6 429420
2231.19 1431.6 1749277
2078.81 1431.6 961764
2053.4 1431.6 1049226
2028.01 1431.6 175238
2002.6 1431.6 301004
1977.21 1431.6 3006059
1901.0 1507.79 1925203
1926.41 1507.79 137923
1951.8 1507.79 3285474
1977.21 1507.79 93623
2002.6 1507.79 2073861
2028.01 1507.79 1856303
2053.4 1507.79 935829
2078.81 1507.79 2997553
2129.61 1558.59 2408789
2180.39 1634.8 2584096
2155.0 1634.8 2805818
2129.61 1634.8 1151761
2231.19 1558.59 2755817
2205.8 1558.59 2665763
2180.39 1558.59 3329436
2155.0 1558.59 2749272
2205.8 1507.79 247889
2231.19 1507.79 1014467
2256.6 1507.79 1039456
2281.99 1507.79 615809
2256.6 1558.59 1591367
2281.99 1558.59 2812950
2307.4 1558.59 2245517
2332.79 1558.59 614882
2358.2 1533.2 760364
2383.59 1533.2 2213372
2358.2 1558.59 325761
2358.2 1634.8 3180507
2332.79 1634.8 2708204
2307.4 1634.8 3178986
2281.99 1634.8 15270
2256.6 1634.8 17779
2231.19 1634.8 2984479
2205.8 1634.8 2790804
2180.39 1685.61 1564034
2205.8 1685.61 999755
2231.19 1685.61 3083958
2256.6 1685.61 2072848
2281.99 1685.61 2688168
2307.4 1685.61 534475
2358.2 1685.61 2468064
2332.79 1685.61 3253741
2332.79 1761.8 2923080
2307.4 1761.8 1552154
2281.99 1761.8 3072653
2256.6 1761.8 2976045
2231.19 1761.8 1340626
2180.39 1761.8 454389
2205.8 1761.8 953036
2256.6 1812.6 754426
2281.99 1812.6 1770902
2307.4 1812.6 204843
2332.79 1812.6 2615995
2358.2 1761.8 1107338
2409.0 1812.6 3144678
2383.59 1812.6 2518609
2358.2 1812.6 3123755
2256.6 1888.81 3243574
2281.99 1888.81 427685
2307.4 1888.81 2676704
2332.79 1888.81 844414
2358.2 1888.81 2222975
2383.59 1888.81 2552485
2409.0 1939.61 1764820
2383.59 1939.61 2338092
2358.2 1939.61 282163
2332.79 1939.61 48847
2307.4 1939.61 709423
2281.99 1939.61 902291
2256.6 1939.61 1672610
2332.79 2015.8 3088123
2307.4 2015.8 3112897
2281.99 2015.8 572490
2256.6 2015.8 968723
2231.19 2041.19 453654
2231.19 2066.6 1778999
2256.6 2041.19 3097428
2256.6 2066.6 2759393
2231.19 2142.79 2770290
2256.6 2142.79 2058520
2307.4 2066.6 1440984
2332.79 2066.6 169305
2358.2 2015.8 1511671
2383.59 2015.8 1154658
2409.0 2015.8 2018285
2459.8 2066.6 3328015
2510.61 2066.6 2224437
2485.2 2066.6 136788
2485.2 2041.19 2636588
2485.2 2015.8 785078
2510.61 2015.8 2121028
2561.41 1939.61 808040
2536.0 1939.61 2210755
2510.61 1939.61 2545104
2485.2 1939.61 1939026
2409.0 1888.81 2347974
2485.2 1838.01 3110556
2485.2 1812.6 2463941
2510.61 1812.6 884829
2536.0 1812.6 1649166
2510.61 1787.21 2780949
2485.2 1787.21 2138947
2485.2 1761.8 2365009
2510.61 1761.8 2753812
2536.0 1761.8 2515911
2485.2 1685.61 2062272
2510.61 1685.61 2966522
2536.0 1685.61 2148013
2561.41 1685.61 1468663
2586.8 1685.61 1187759
2612.21 1685.61 3184428
2637.6 1685.61 3145773
2561.41 1761.8 1605023
2586.8 1761.8 2882110
2612.21 1761.8 3068025
2637.6 1761.8 78268
2612.21 1812.6 2966368
2612.21 1838.01 757693
2586.8 1812.6 1432005
2586.8 1838.01 3015359
2561.41 1838.01 2733067
2561.41 1812.6 1412235
2536.0 1838.01 3355563
2510.61 1838.01 595456
2586.8 1939.61 3266934
2637.6 1939.61 2736654
2612.21 1939.61 2054164
2536.0 2015.8 2350220
2561.41 2015.8 3252598
2586.8 2015.8 1863519
2612.21 2015.8 2273404
2637.6 2015.8 2002982
2663.01 2041.19 1008380
2637.6 2066.6 908090
2612.21 2066.6 1828936
2586.8 2066.6 2730543
2561.41 2066.6 9518
2536.0 2066.6 1960727
2510.61 2041.19 2438621
2409.0 2066.6 2241007
2383.59 2066.6 195875
2307.4 2142.79 1881765
2332.79 2142.79 2805562
2383.59 2142.79 3341367
2409.0 2142.79 554410
2459.8 2142.79 2132297
2485.2 2142.79 3143940
2510.61 2142.79 2082472
2536.0 2142.79 252687
2561.41 2142.79 196387
2586.8 2142.79 568673
2612.21 2142.79 1001340
2637.6 2142.79 276483
2688.4 2041.19 3037640
2739.2 2041.19 1478712
2739.2 2066.6 1811379
2739.2 2142.79 829423
2739.2 2168.2 2823196
2688.4 2219.0 1303522
2713.81 2219.0 1493326
2739.2 2244.39 2987175
2739.2 2219.0 1966140
2713.81 2244.39 2940238
2688.4 2244.39 1818965
2663.01 2219.0 1692554
2663.01 2244.39 531523
2637.6 2219.0 2163959
2637.6 2244.39 3347555
2612.21 2219.0 783865
2612.21 2244.39 3047238
2586.8 2219.0 1593144
2586.8 2244.39 45169
2561.41 2219.0 2622122
2561.41 2244.39 2238524
2536.0 2219.0 2452156
2510.61 2244.39 1388335
2536.0 2244.39 833512
2510.61 2219.0 1329081
2485.2 2219.0 1143532
2485.2 2244.39 1425994
2459.8 2244.39 1873746
2434.39 2219.0 898998
2434.39 2244.39 875286
2358.2 2219.0 352651
2332.79 2219.0 1085912
2332.79 2244.39 3365586
2307.4 2244.39 2463313
2281.99 2244.39 731396
2281.99 2219.0 2288012
2205.8 2219.0 419015
2129.61 2142.79 1770585
2104.2 2142.79 2008816
2078.81 2142.79 878110
2078.81 2219.0 3243578
2104.2 2219.0 2080086
2129.61 2219.0 973647
2155.0 2244.39 832404
2180.39 2219.0 584998
2180.39 2244.39 2411398
2155.0 2219.0 643170
2129.61 2244.39 3347564
2104.2 2244.39 866587
2078.81 2244.39 1606171
2053.4 2219.0 1903956
2053.4 2244.39 1055182
2028.01 2219.0 1416555
2028.01 2244.39 3058888
2002.6 2219.0 2204955
2002.6 2244.39 1568767
1977.21 2219.0 788502
1977.21 2244.39 1627034
1951.8 2244.39 1650304
1951.8 2219.0 2391398
1926.41 2244.39 2686182
1926.41 2219.0 1713568
1901.0 2219.0 3214877
1901.0 2244.39 2703610
1875.61 2244.39 1665224
1850.2 2244.39 88565
1850.2 2219.0 1895499
1799.39 2168.2 1910876
1824.8 2168.2 1058209
1951.8 2066.6 2573424
1951.8 2041.19 1097340
1977.21 2041.19 285276
1977.21 2066.6 1282318
2002.6 2066.6 425041
2028.01 2015.8 3169846
2028.01 2066.6 2754680
1951.8 2142.79 1847234
1977.21 2142.79 466712
2002.6 2142.79 1408201
2028.01 2142.79 1528487
2053.4 2142.79 2065785
2053.4 2066.6 1189042
2078.81 2066.6 2185796
2104.2 2066.6 744109
2129.61 2066.6 2405273
2104.2 2041.19 407553
2129.61 2041.19 830595
2155.0 2015.8 2947172
2155.0 1939.61 1541006
2028.01 1939.61 2234559
2078.81 1888.81 2353871
2053.4 1888.81 1834773
2028.01 1888.81 2285982
2002.6 1888.81 3372048
1901.0 2015.8 3332642
1875.61 2015.8 1112748
1850.2 2015.8 1084092
1824.8 2015.8 2281057
1799.39 2015.8 2185059
1774.0 2015.8 1145201
1748.59 2015.8 1650889
1723.2 2015.8 643452
1697.79 2015.8 107104
1697.79 1939.61 2320403
1723.2 1939.61 646508
1748.59 1939.61 3250883
1774.0 1939.61 2627322
1799.39 1939.61 124547
1723.2 1888.81 2446745
1748.59 1888.81 2281635
1774.0 1888.81 1147788
1799.39 1888.81 3144779
1824.8 1888.81 497311
1824.8 1939.61 1774030
1850.2 1939.61 1746496
1875.61 1939.61 1901360
1901.0 1939.61 2017971
1926.41 1888.81 2775099
1951.8 1888.81 678080
1977.21 1888.81 1544664
2053.4 1812.6 2347301
2078.81 1812.6 2836970
2078.81 1761.8 33724
2053.4 1761.8 1992480
2028.01 1761.8 202355
2002.6 1761.8 2099922
2028.01 1812.6 3376989
2002.6 1812.6 2586139
1977.21 1787.21 1093610
1977.21 1812.6 169705
1951.8 1812.6 2184964
1926.41 1812.6 31851
1951.8 1787.21 2184959
1951.8 1761.8 2163297
1977.21 1761.8 495871
2078.81 1685.61 1990461
2053.4 1685.61 207703
2028.01 1685.61 206017
2002.6 1685.61 3251589
1977.21 1685.61 3361010
1951.8 1685.61 1784646
1926.41 1685.61 2193653
1901.0 1685.61 183719
1926.41 1761.8 59352
1901.0 1761.8 2925395
1824.8 1812.6 518539
1824.8 1761.8 736739
1799.39 1761.8 364360
1824.8 1685.61 1888923
1799.39 1685.61 3240246
1774.0 1685.61 2506000
1748.59 1685.61 2091438
1723.2 1685.61 48970
1697.79 1685.61 2587082
1672.4 1685.61 1469936
1672.4 1761.8 2615909
1697.79 1761.8 3051070
1723.2 1761.8 2116462
1748.59 1761.8 1983788
1774.0 1761.8 923471
1799.39 1812.6 780289
1774.0 1812.6 3105596
1748.59 1812.6 1595551
1723.2 1812.6 2356067
1672.4 1888.81 744780
1697.79 1888.81 3024387
1697.79 1812.6 607278
1672.4 1787.21 2571292
1697.79 1787.21 414439
1672.4 1812.6 1131892
1570.8 1787.21 1341115
1570.8 1812.6 2888327
1545.39 1812.6 3169566
1545.39 1787.21 1880054
1520.0 1761.8 1829622
1545.39 1761.8 1698768
1570.8 1761.8 2400118
1596.19 1761.8 3314413
1596.19 1685.61 3350358
1570.8 1685.61 2822814
1545.39 1685.61 2471033
1520.0 1685.61 840175
1494.61 1634.8 1625105
1520.0 1634.8 676641
1545.39 1634.8 2801147
1570.8 1634.8 2878340
1596.19 1634.8 320083
1520.0 1558.59 2020548
1545.39 1558.59 917878
1570.8 1558.59 1071546
1596.19 1558.59 2223663
1570.8 1507.79 2192161
1596.19 1507.79 605647
1596.19 1482.4 1959039
1570.8 1482.4 2864714
1596.19 1456.99 1892171
1596.19 1431.6 2972381
1570.8 1456.99 2049102
1570.8 1431.6 2347759
1596.19 1406.19 2260398
1570.8 1406.19 2867512
1570.8 1380.8 3241446
1570.8 1355.39 714474
1570.8 1330.0 79274
1596.19 1304.61 1267069
1570.8 1304.61 1342284
1596.19 1330.0 1777581
1596.19 1355.39 1708609
1596.19 1380.8 1121334
1672.4 1482.4 3966
1723.2 1380.8 87238
1723.2 1406.19 94449
1723.2 1431.6 983133
1723.2 1456.99 3291566
1723.2 1482.4 3038915
1672.4 1456.99 2431398
1672.4 1431.6 2125913
1672.4 1406.19 2948493
1672.4 1380.8 1440184
1672.4 1355.39 2791742
1672.4 1330.0 1131466
1672.4 1304.61 1464258
1596.19 1253.81 646579
1570.8 1253.81 85548
1596.19 1228.4 3002921
1570.8 1228.4 117951
1570.8 1203.01 1047976
1596.19 1203.01 2577763
1570.8 1177.6 22484
1596.19 1177.6 1401322
1570.8 1152.21 1776879
1596.19 1152.21 2186673
1570.8 1126.8 1857189
1570.8 1101.41 279083
1596.19 1101.41 2183762
1596.19 1126.8 286182
1672.4 1228.4 1147180
1672.4 1203.01 383755
1672.4 1177.6 1768848
1672.4 1152.21 1646299
1672.4 1126.8 2693219
1672.4 1101.41 1594120
1672.4 1076.0 2525164
1672.4 1050.61 1864986
1723.2 1050.61 1821321
1723.2 1076.0 2863376
1799.39 1050.61 1642361
1799.39 1076.0 275082
1850.2 1050.61 193451
1875.61 1050.61 425614
1901.0 1050.61 2545577
1926.41 1050.61 2999866
1951.8 1050.61 2491516
2002.6 1050.61 2122000
1977.21 1050.61 2405287
1926.41 1025.2 1827838
1901.0 1025.2 1965672
1901.0 999.8 328034
1926.41 999.8 2704169
1951.8 999.8 2936418
1977.21 999.8 3070449
2002.6 999.8 2604854
2053.4 923.59 319747
2078.81 923.59 3286654
2104.2 923.59 30585
2129.61 923.59 2373738
2129.61 872.79 603782
2104.2 872.79 1868047
2078.81 872.79 2386292
2053.4 872.79 2097951
2028.01 872.79 1254918
2002.6 872.79 718686
1977.21 872.79 1582963
2028.01 923.59 95320
2002.6 923.59 2533978
1977.21 923.59 3008616
1951.8 923.59 2042967
1926.41 923.59 2239876
1901.0 923.59 2025424
1926.41 898.2 2344029
1951.8 872.79 1410480
1926.41 872.79 2748385
1901.0 872.79 401362
1901.0 898.2 3184317
1850.2 974.39 2401888
1799.39 999.8 2667834
1774.0 999.8 2640788
1799.39 974.39 1616377
1799.39 949.0 687787
1799.39 923.59 3060610
1799.39 898.2 2541026
1799.39 872.79 692879
1799.39 847.4 1972031
1799.39 821.99 2408252
1723.2 821.99 1356863
1723.2 847.4 2523799
1723.2 872.79 1947236
1723.2 898.2 2127322
1723.2 923.59 736551
1723.2 949.0 716069
1723.2 974.39 3283467
1672.4 974.39 3126214
1672.4 949.0 756519
1672.4 923.59 2055519
1672.4 898.2 2016729
1672.4 872.79 1273463
1672.4 847.4 2108958
1672.4 821.99 1052297
1596.19 847.4 2482835
1596.19 821.99 634193
1570.8 821.99 54378
1570.8 847.4 1513844
1596.19 872.79 2359853
1570.8 872.79 1936858
1570.8 898.2 2016321
1570.8 923.59 2456774
1596.19 949.0 1609379
1596.19 974.39 1226267
1570.8 999.8 1893908
1596.19 999.8 2364758
1570.8 974.39 2125568
1570.8 949.0 3324175
1596.19 923.59 1705996
1596.19 898.2 418817
1494.61 821.99 359850
1494.61 847.4 511454
1494.61 872.79 1670249
1494.61 898.2 2702535
1494.61 923.59 2863031
1494.61 949.0 2928373
1494.61 974.39 2361488
1596.19 1050.61 1453357
1570.8 1076.0 1742960
1596.19 1076.0 3264589
1570.8 1050.61 834808
1494.61 1050.61 783275
1494.61 1076.0 2245537
1494.61 1101.41 1858135
1494.61 1126.8 3144727
1494.61 1152.21 2229660
1494.61 1177.6 2723133
1494.61 1203.01 2596043
1494.61 1228.4 1335603
1443.81 1228.4 1281687
1443.81 1203.01 676559
1443.81 1177.6 972373
1443.81 1152.21 1640645
1367.6 1101.41 1887932
1367.6 1126.8 2115739
1367.6 1152.21 3203447
1367.6 1177.6 1411822
1367.6 1203.01 1667141
1367.6 1228.4 3374985
1342.21 1253.81 2303445
1367.6 1253.81 3363354
1443.81 1304.61 3279555
1443.81 1330.0 60416
1443.81 1355.39 2434284
1443.81 1380.8 406
1443.81 1406.19 1256237
1443.81 1431.6 1189980
1494.61 1304.61 567496
1494.61 1330.0 2581965
1494.61 1355.39 1156144
1494.61 1380.8 2263334
1494.61 1406.19 389186
1494.61 1431.6 465054
1494.61 1456.99 1082852
1494.61 1482.4 1077443
1443.81 1482.4 3304476
1443.81 1456.99 2412044
1367.6 1304.61 75092
1367.6 1330.0 147448
1367.6 1355.39 524231
1367.6 1380.8 2467375
1367.6 1406.19 1134325
1367.6 1431.6 684352
1367.6 1456.99 2733340
1367.6 1482.4 2400178
1342.21 1507.79 2628556
1367.6 1507.79 429122
1443.81 1558.59 2286360
1469.2 1558.59 678761
1494.61 1558.59 3019366
1469.2 1634.8 3079396
1443.81 1634.8 3288643
1494.61 1685.61 3132567
1469.2 1685.61 2269920
1443.81 1685.61 30863
1494.61 1761.8 2213062
1469.2 1761.8 2069553
1443.81 1761.8 1595953
1443.81 1787.21 138567
1469.2 1787.21 3092196
1672.4 1939.61 3128545
1672.4 2015.8 2619111
1469.2 2041.19 1337467
1443.81 2041.19 1804484
1393.01 1939.61 1900248
1367.6 1939.61 2933055
1342.21 1939.61 1896743
1316.8 2041.19 2438340
1342.21 2066.6 2254481
1469.2 2142.79 258179
1469.2 2168.2 1472699
1520.0 2219.0 3178853
1494.61 2244.39 2360465
1520.0 2244.39 3357973
1545.39 2244.39 1000680
1545.39 2219.0 3309420
1570.8 2244.39 128508
1570.8 2219.0 2843321
1596.19 2244.39 882607
1596.19 2219.0 1684125
1621.6 2244.39 1687332
1621.6 2219.0 2815407
1646.99 2244.39 753942
1646.99 2219.0 1678214
1672.4 2244.39 1259506
1672.4 2219.0 1033171
1672.4 2168.2 2233914
1646.99 2142.79 3339281
1672.4 2142.79 1617251
1646.99 2168.2 1856955
1621.6 2168.2 1902973
1621.6 2142.79 2780376
1596.19 2168.2 2402273
1596.19 2142.79 2239290
1570.8 2142.79 1031804
1545.39 2142.79 484892
1570.8 2168.2 2434226
1545.39 2168.2 1298249
1520.0 2168.2 664089
1494.61 2142.79 200870
1520.0 2142.79 2447169
1494.61 2168.2 2853291
1494.61 2219.0 2901278
1469.2 2244.39 3178656
1443.81 2244.39 825211
1469.2 2219.0 777176
1443.81 2219.0 1211532
1418.4 2244.39 438773
1393.01 2244.39 2385448
1418.4 2219.0 196303
1393.01 2219.0 1651515
1367.6 2244.39 19840
1342.21 2244.39 1884809
1367.6 2219.0 865119
1342.21 2219.0 2376902
1316.8 2244.39 3179130
1291.41 2244.39 1723898
1316.8 2219.0 957104
1316.8 2168.2 2151092
1291.41 2168.2 248586
1240.61 2219.0 1084422
1240.61 2244.39 2137244
1266.0 2244.39 1466510
1266.0 2219.0 772985
1291.41 2219.0 1404731
1266.0 2193.59 1659572
1266.0 2168.2 147089
1240.61 2168.2 2179595
1240.61 2193.59 85831
1215.2 2219.0 1372679
1215.2 2244.39 399289
1189.8 2219.0 34833
1189.8 2244.39 1916393
1164.39 2244.39 2945136
1139.0 2244.39 3014515
1164.39 2219.0 1858506
1139.0 2219.0 1939173
1113.59 2244.39 2287421
1088.2 2244.39 927062
1113.59 2219.0 2648473
1088.2 2219.0 2747716
1062.79 2244.39 1643361
1062.79 2219.0 1475253
1062.79 2193.59 2509760
1088.2 2193.59 3363924
1113.59 2193.59 1407348
1037.4 2117.4 1626355
1062.79 2117.4 2336328
1037.4 2091.99 392174
1062.79 2091.99 1696068
1139.0 2066.6 1409002
1164.39 2066.6 317873
1164.39 2091.99 2318663
1189.8 2091.99 18900
1164.39 2168.2 580573
1139.0 2193.59 1826177
1164.39 2193.59 2245488
1189.8 2168.2 1249055
1189.8 2193.59 2182409
1215.2 2193.59 858431
1215.2 2168.2 1979158
1215.2 2091.99 2703936
1215.2 2066.6 443016
1240.61 2066.6 1059880
1240.61 2091.99 500750
1266.0 2066.6 1405892
1266.0 2091.99 3162579
1291.41 2066.6 1316749
1291.41 2091.99 1860256
1316.8 2091.99 2397141
1316.8 2066.6 2709230
1291.41 2041.19 2589451
1266.0 2041.19 2234817
1240.61 2041.19 3227666
1215.2 2041.19 2194943
1189.8 2066.6 2772796
1164.39 2041.19 1491260
1189.8 2041.19 2183686
1291.41 1939.61 827067
1316.8 1939.61 187910
1316.8 1965.0 1693053
1291.41 1965.0 1280086
1266.0 1939.61 2050923
1240.61 1939.61 53239
1266.0 1965.0 1860151
1240.61 1965.0 276170
1215.2 1965.0 2061511
1189.8 1965.0 2164274
1164.39 1939.61 1669463
1164.39 1965.0 1569409
1189.8 1939.61 2091119
1215.2 1939.61 922970
1240.61 1863.4 2999274
1266.0 1863.4 3172490
1291.41 1863.4 2393508
1316.8 1863.4 861301
1342.21 1863.4 1857960
1393.01 1863.4 251168
1367.6 1863.4 2442408
1316.8 1812.6 1731202
1291.41 1812.6 1751500
1266.0 1812.6 1609769
1240.61 1812.6 847835
1215.2 1812.6 3074963
1215.2 1863.4 2364559
1189.8 1863.4 1073684
1164.39 1863.4 1135377
1164.39 1812.6 2460231
1164.39 1787.21 473571
1189.8 1787.21 2640843
1189.8 1812.6 2424646
1316.8 1736.41 176780
1291.41 1736.41 2849040
1266.0 1736.41 353865
1240.61 1736.41 90081
1215.2 1736.41 1583107
1189.8 1736.41 1760109
1164.39 1736.41 2884347
1164.39 1685.61 1825195
1189.8 1685.61 2221211
1215.2 1685.61 3153870
1240.61 1685.61 1834265
1266.0 1685.61 2517489
1291.41 1685.61 1146101
1316.8 1685.61 1989008
1316.8 1609.39 2493017
1291.41 1609.39 2579546
1266.0 1609.39 2024066
1240.61 1609.39 2241093
1215.2 1609.39 342847
1189.8 1609.39 2472935
1164.39 1609.39 1966174
1189.8 1533.2 2405420
1240.61 1507.79 2222754
1266.0 1507.79 436109
1189.8 1507.79 633471
1189.8 1482.4 1352305
1189.8 1456.99 1136075
1189.8 1431.6 121671
1189.8 1406.19 3376711
1189.8 1380.8 1042101
1189.8 1355.39 353048
1240.61 1355.39 1193559
1266.0 1355.39 1457103
1291.41 1355.39 2186551
1291.41 1304.61 2770987
1266.0 1304.61 2467127
1240.61 1304.61 2482105
1189.8 1279.2 995955
1189.8 1253.81 1877482
1266.0 1228.4 382247
1266.0 1203.01 1389123
1291.41 1228.4 2444484
1266.0 1253.81 2320476
1291.41 1253.81 1310096
1316.8 1253.81 832094
1316.8 1228.4 1528117
1291.41 1203.01 693725
1291.41 1177.6 965532
1316.8 1203.01 1745592
1316.8 1177.6 2852938
1316.8 1152.21 11834
1291.41 1152.21 1549677
1266.0 1126.8 1783420
1266.0 1152.21 1341845
1266.0 1177.6 1453978
1189.8 1228.4 486649
1189.8 1203.01 37573
1189.8 1177.6 613200
1189.8 1152.21 3346977
1189.8 1126.8 694578
1189.8 1101.41 1137330
1240.61 1025.2 1922274
1240.61 999.8 1253476
1316.8 999.8 751493
1316.8 1025.2 295681
1266.0 1076.0 2995351
1266.0 1101.41 2301936
1291.41 1076.0 3272106
1316.8 1076.0 354009
1291.41 1101.41 2527543
1291.41 1126.8 949780
1316.8 1126.8 3024146
1316.8 1101.41 1418662
1367.6 1076.0 143314
1367.6 1050.61 3089100
1443.81 1126.8 2386606
1443.81 1101.41 1649963
1443.81 1076.0 2786664
1443.81 1050.61 2761287
1367.6 999.8 2007290
1342.21 999.8 1996352
1367.6 974.39 1614249
1367.6 949.0 452249
1367.6 923.59 2496524
1367.6 847.4 17868
1367.6 872.79 962406
1367.6 898.2 744987
1443.81 974.39 1728458
1443.81 949.0 2610376
1443.81 923.59 1049189
1443.81 898.2 190439
1443.81 872.79 774701
1443.81 847.4 782856
1443.81 821.99 3168203
1367.6 821.99 1022326
1316.8 796.6 1241240
1316.8 733.11 2790379
1316.8 707.7 2905460
1266.0 707.7 305807
1266.0 733.11 1185621
1240.61 796.6 548731
1189.8 796.6 2613193
1227.89 733.11 3197497
1227.89 707.7 1537769
1189.8 707.7 2458
1189.8 733.11 3208061
1151.7 707.7 2592572
1151.7 733.11 3373083
1113.59 707.7 2895756
1113.59 733.11 2642596
1075.51 707.7 902858
1075.51 733.11 1069775
1113.59 796.6 3307811
1062.79 796.6 2091888
935.8 1025.2 2743882
935.8 999.8 2337691
935.8 974.39 3341313
935.8 949.0 2411123
935.8 923.59 1901717
935.8 898.2 2394580
935.8 872.79 247990
935.8 847.4 1693292
935.8 821.99 2414018
935.8 796.6 1892927
986.6 796.6 2317972
1037.4 733.11 2125947
1037.4 707.7 421411
999.3 707.7 1452269
999.3 733.11 3194012
948.5 707.7 1239164
948.5 733.11 545875
910.39 707.7 3057681
910.39 733.11 753516
872.3 707.7 2708147
872.3 733.11 3298844
834.2 707.7 315753
834.2 733.11 854198
796.09 707.7 1822677
796.09 733.11 2010100
758.01 796.6 1036233
732.6 796.6 559351
732.6 821.99 81934
681.8 847.4 1008545
681.8 872.79 270190
681.8 923.59 1181962
681.8 898.2 3187752
681.8 821.99 1079859
681.8 796.6 2035036
631.0 733.11 429820
631.0 707.7 293087
681.8 707.7 2106968
681.8 733.11 471265
