# C:\Users\gielpa\PycharmProjects\Genetic-Algorithm\data-bak\u2319.tsp\data
3400.0 2500.0 7298730
3500.0 2500.0 7924023
3600.0 2400.0 1777773
3700.0 2500.0 6285366
3700.0 2400.0 3082605
3600.0 2500.0 7253580
3400.0 2400.0 4383375
3300.0 2400.0 4678139
3300.0 2300.0 7530784
3400.0 2300.0 2545630
3500.0 2300.0 4068923
3400.0 2200.0 4187648
3400.0 2100.0 2766297
3700.0 1900.0 3928843
3500.0 2100.0 2128123
3500.0 2200.0 6743515
3600.0 2100.0 1482522
3700.0 2100.0 4022804
3600.0 2200.0 1419256
3600.0 2300.0 1944472
3700.0 2200.0 7903779
3800.0 2100.0 3314470
3900.0 2200.0 3987966
4000.0 2100.0 5547613
3900.0 2100.0 4274180
3800.0 2200.0 4537056
3800.0 2300.0 3253731
3700.0 2300.0 5795655
3800.0 2400.0 6318833
3900.0 2400.0 6778660
4000.0 2400.0 4297205
3900.0 2300.0 2545126
4000.0 2300.0 5402248
4100.0 2300.0 6285806
4000.0 2200.0 5623449
4100.0 2100.0 2262611
4100.0 2200.0 13409
4200.0 2100.0 6015858
4300.0 2200.0 275153
4400.0 2100.0 247457
4300.0 2100.0 4827397
4200.0 2200.0 2136673
4200.0 2300.0 4105383
4200.0 2400.0 991711
4300.0 2300.0 4257316
4400.0 2300.0 1427480
4500.0 2200.0 6400378
4400.0 2200.0 5233037
4500.0 2100.0 3594159
4600.0 2100.0 2758359
4600.0 2200.0 7078424
4700.0 2300.0 2885801
4600.0 2300.0 348745
4700.0 2200.0 6945222
4800.0 2300.0 2649322
4900.0 2300.0 7828593
5000.0 2300.0 829703
4900.0 2200.0 6241808
4800.0 2200.0 6802138
4800.0 2100.0 5533896
4900.0 2100.0 3265641
5000.0 2100.0 5451150
5000.0 2200.0 6170300
5100.0 2100.0 3994368
5100.0 2200.0 4116099
5200.0 2100.0 4996094
5300.0 2200.0 291958
5400.0 2100.0 451413
5300.0 2100.0 3057815
5200.0 2200.0 953456
5200.0 2300.0 5266036
5100.0 2300.0 6232404
5200.0 2400.0 215493
5300.0 2300.0 2670556
5400.0 2300.0 7538669
5500.0 2200.0 3812465
5400.0 2200.0 1327086
5500.0 2100.0 7570319
5600.0 2100.0 6635258
5700.0 2100.0 2628696
5600.0 2200.0 1451151
5700.0 2300.0 4173965
5600.0 2300.0 7459090
5700.0 2200.0 1826214
5800.0 2300.0 2094820
5900.0 2200.0 6497297
5800.0 2200.0 6067898
5800.0 2100.0 2721797
5900.0 2100.0 31339
6000.0 2100.0 2897589
6000.0 2200.0 4236769
6100.0 2100.0 921773
6100.0 2200.0 1206171
6200.0 2100.0 5530885
6300.0 2200.0 5149005
6400.0 2100.0 7637383
6300.0 2100.0 4533402
6200.0 2200.0 6919259
6200.0 2300.0 6265002
6300.0 2400.0 1442035
6200.0 2400.0 6237611
6400.0 2200.0 5182612
6600.0 2100.0 1615180
6600.0 2200.0 6108210
6500.0 2100.0 178759
6500.0 2200.0 6426727
6400.0 2300.0 6139155
6400.0 2400.0 29985
6500.0 2400.0 1548240
6600.0 2300.0 1679214
6600.0 2400.0 3303847
6600.0 2500.0 7696298
6500.0 2500.0 7073282
6600.0 2600.0 4120712
6500.0 2600.0 4949252
6400.0 2500.0 1366518
6300.0 2600.0 4469156
6300.0 2700.0 2119239
6300.0 2800.0 6434490
6400.0 2800.0 4665017
6600.0 2700.0 7501497
6600.0 2800.0 5346935
6500.0 2800.0 7602119
6400.0 2700.0 5591708
6500.0 2700.0 55378
6400.0 2600.0 734730
6300.0 2500.0 2377351
6200.0 2500.0 4619641
6100.0 2500.0 4860488
6100.0 2400.0 4184063
6000.0 2300.0 4756545
6000.0 2400.0 6599089
6000.0 2500.0 1227516
5900.0 2500.0 876241
5900.0 2400.0 5004349
5800.0 2500.0 3815084
5800.0 2400.0 5142914
5700.0 2500.0 3417765
5700.0 2400.0 3518774
5600.0 2500.0 202816
5600.0 2400.0 2410726
5500.0 2300.0 5631814
5500.0 2400.0 3520042
5400.0 2400.0 5958712
5500.0 2500.0 5220707
5400.0 2500.0 4133639
5300.0 2500.0 6072526
5300.0 2400.0 1324246
5200.0 2500.0 1721891
5100.0 2500.0 1872884
5100.0 2400.0 4738072
5000.0 2400.0 5795548
5000.0 2500.0 1490702
4900.0 2500.0 4673504
4900.0 2400.0 689473
4800.0 2500.0 4185092
4800.0 2400.0 4172491
4700.0 2500.0 5465913
4700.0 2400.0 475416
4600.0 2500.0 5811856
4600.0 2400.0 3996770
4500.0 2300.0 592096
4500.0 2400.0 2336310
4400.0 2400.0 2930711
4500.0 2500.0 6479121
4400.0 2500.0 1349656
4300.0 2500.0 5656462
4300.0 2400.0 3031596
4200.0 2500.0 4371704
4100.0 2600.0 2402371
4100.0 2500.0 5441444
4100.0 2400.0 1166600
4000.0 2500.0 6486736
4000.0 2600.0 1007729
3900.0 2600.0 2317272
4000.0 2700.0 4353900
3900.0 2700.0 2440553
3900.0 2800.0 3785612
3800.0 2700.0 7216571
3800.0 2800.0 1079650
3700.0 2800.0 1347075
3600.0 2900.0 7674664
3700.0 2900.0 6228199
3800.0 2900.0 1325612
3900.0 2900.0 4647838
3800.0 3000.0 132003
3700.0 3000.0 3764537
3800.0 3100.0 226776
3700.0 3100.0 4184252
3600.0 3000.0 6188573
3600.0 3100.0 2659327
3600.0 3200.0 7451428
3700.0 3300.0 4159728
3800.0 3400.0 4197124
3800.0 3300.0 5488713
3700.0 3400.0 3292529
3600.0 3300.0 3216472
3600.0 3400.0 5541717
3600.0 3500.0 5624054
3700.0 3600.0 6855681
3800.0 3600.0 1671109
3900.0 3600.0 4151516
3900.0 3700.0 1382013
3800.0 3700.0 4588437
3700.0 3800.0 5682082
3800.0 3900.0 6049828
3900.0 3900.0 3485697
3800.0 3800.0 7470580
3600.0 3600.0 4725391
3600.0 3700.0 7197976
3600.0 3800.0 3709512
3600.0 3900.0 5924965
3600.0 4000.0 4902889
3800.0 4100.0 311240
3900.0 4100.0 4442577
3800.0 4200.0 2914004
3900.0 4200.0 315206
4000.0 4200.0 1916327
3900.0 4300.0 7685235
3800.0 4400.0 5258210
3700.0 4500.0 6873439
3800.0 4600.0 3919812
3700.0 4600.0 6103946
3800.0 4500.0 7645665
3600.0 4300.0 4262235
3600.0 4400.0 4521022
3600.0 4500.0 7298676
3600.0 4600.0 547203
3600.0 4700.0 4809684
3700.0 4700.0 7645792
3800.0 4700.0 127498
3900.0 4800.0 7519906
4000.0 4800.0 1661033
3900.0 4700.0 5426883
3800.0 4800.0 4528543
3900.0 4900.0 6973146
3900.0 5000.0 5600707
3800.0 4900.0 4631848
3700.0 4900.0 7731578
3700.0 4800.0 3305613
3600.0 4800.0 6422274
3600.0 4900.0 6358309
3600.0 5000.0 738956
3700.0 5000.0 6564984
3800.0 5000.0 4981379
3900.0 5100.0 775299
4000.0 5100.0 798762
3900.0 5200.0 3929054
3800.0 5100.0 6751117
3800.0 5200.0 7334005
3700.0 5200.0 2968207
3600.0 5300.0 4301181
3700.0 5300.0 6565285
3800.0 5400.0 4930557
3800.0 5300.0 291370
3700.0 5400.0 1507177
3700.0 5500.0 7280253
3800.0 5600.0 522193
3800.0 5700.0 5120596
3700.0 5700.0 1956489
3700.0 5600.0 1417474
3600.0 5600.0 3268803
3600.0 5700.0 1055904
3600.0 5800.0 6684591
3700.0 5900.0 5826008
3800.0 5900.0 3697852
3700.0 6000.0 2857723
3800.0 6100.0 7685149
3700.0 6100.0 4310667
3800.0 6000.0 300993
3900.0 6000.0 5841650
4100.0 6200.0 6919428
4200.0 6100.0 7824780
4300.0 6200.0 2009356
4400.0 6200.0 7903901
4300.0 6100.0 2922731
4200.0 6200.0 1194108
4100.0 6100.0 1047848
4000.0 6100.0 6039834
3900.0 6100.0 6498546
4000.0 6200.0 7826911
4000.0 6300.0 1542552
4100.0 6400.0 3041096
4000.0 6400.0 5428595
4100.0 6300.0 1275215
4200.0 6300.0 5723990
4300.0 6400.0 3815318
4200.0 6400.0 2428037
4300.0 6300.0 3961378
4400.0 6400.0 7793444
4500.0 6400.0 1035716
4400.0 6300.0 2347357
4500.0 6300.0 1912324
4600.0 6200.0 6726774
4700.0 6200.0 6872234
4600.0 6100.0 3017492
4500.0 6200.0 265114
4600.0 6300.0 5202891
4700.0 6400.0 2339147
4600.0 6400.0 5813657
4700.0 6300.0 6312598
4800.0 6400.0 7237663
4900.0 6400.0 1970822
5000.0 6300.0 7640385
5100.0 6400.0 2042867
5000.0 6400.0 3198845
4900.0 6300.0 6810231
4800.0 6300.0 2963799
4900.0 6200.0 4537421
4800.0 6200.0 4846037
4800.0 6100.0 2155739
4900.0 6000.0 956006
5100.0 6200.0 5175143
5200.0 6100.0 3115015
5300.0 6200.0 7874369
5400.0 6200.0 2366006
5300.0 6100.0 4753898
5200.0 6200.0 2528659
5100.0 6100.0 6948017
5000.0 6100.0 4902063
4900.0 6100.0 5732689
5000.0 6200.0 702915
5100.0 6300.0 5717876
5200.0 6300.0 4846773
5300.0 6400.0 6050836
5200.0 6400.0 6852318
5300.0 6300.0 7763353
5400.0 6400.0 7665753
5500.0 6400.0 4426397
5400.0 6300.0 1767623
5500.0 6300.0 2723870
5600.0 6200.0 5980865
5700.0 6200.0 2362353
5800.0 6100.0 6928157
5900.0 6100.0 4170052
5800.0 6200.0 7112645
5700.0 6100.0 6952967
5600.0 6100.0 3556806
5500.0 6200.0 1923313
5600.0 6300.0 4964120
5700.0 6400.0 2907425
5600.0 6400.0 3019521
5700.0 6300.0 606028
5800.0 6400.0 1324871
5900.0 6400.0 1965728
6000.0 6400.0 4642658
5900.0 6300.0 4384503
5800.0 6300.0 7955955
5900.0 6200.0 2761532
6000.0 6200.0 5325580
6100.0 6200.0 34173
6000.0 6300.0 2827354
6100.0 6400.0 1520203
6200.0 6300.0 3212731
6300.0 6200.0 26393
6200.0 6200.0 3615966
6100.0 6300.0 7408106
6200.0 6400.0 6871214
6300.0 6400.0 7761508
6300.0 6300.0 3152666
6400.0 6400.0 5048239
6600.0 6300.0 1453125
6700.0 6400.0 3785661
6800.0 6400.0 4840839
6700.0 6300.0 57796
6600.0 6400.0 118420
6500.0 6400.0 6690862
6400.0 6300.0 6101970
6400.0 6200.0 3627236
6500.0 6300.0 4716229
6500.0 6200.0 4297648
6600.0 6100.0 4381358
6500.0 6100.0 7863604
6600.0 6200.0 606523
6700.0 6100.0 3445201
6800.0 6100.0 3740156
6900.0 6100.0 6025949
6800.0 6200.0 6422195
6700.0 6200.0 6765445
6800.0 6300.0 3586864
6900.0 6400.0 721272
6900.0 6300.0 1206837
6900.0 6200.0 7565649
7000.0 6100.0 1959513
7100.0 6100.0 1406815
7200.0 6000.0 5253854
7200.0 6100.0 7191081
7100.0 6000.0 1321971
7200.0 5900.0 3037078
7100.0 5900.0 7222369
7000.0 5900.0 5706672
7000.0 6000.0 649220
6900.0 6000.0 4063912
6900.0 5900.0 1572505
6800.0 5900.0 2100884
6800.0 6000.0 1576324
6700.0 6000.0 6063492
6700.0 5900.0 3787658
6600.0 5900.0 7252948
6600.0 6000.0 1586955
6500.0 5900.0 2056007
6500.0 6000.0 4590097
6400.0 6000.0 823188
6400.0 5900.0 6052513
6300.0 5900.0 6977925
6300.0 6000.0 6241043
6400.0 6100.0 1158347
6300.0 6100.0 3502105
6200.0 6100.0 6103777
6200.0 6000.0 2348751
6200.0 5900.0 6522435
6100.0 5900.0 5913146
6100.0 6000.0 4578012
6000.0 5900.0 5867190
6000.0 6000.0 2999789
6100.0 6100.0 3701207
6000.0 6100.0 1587078
5900.0 6000.0 1574550
5900.0 5900.0 3408262
5800.0 5900.0 2814044
5800.0 6000.0 1171697
5700.0 6000.0 6590658
5700.0 5900.0 1194661
5600.0 5900.0 812582
5600.0 6000.0 6562782
5500.0 5900.0 6278902
5500.0 6000.0 1730540
5400.0 6000.0 3187807
5500.0 6100.0 2204555
5400.0 6100.0 4169088
5300.0 6000.0 1794762
5400.0 5900.0 347997
5300.0 5900.0 5960511
5200.0 5900.0 233097
5200.0 6000.0 3737959
5100.0 5900.0 1927232
5100.0 6000.0 1363446
5000.0 5900.0 807950
5000.0 6000.0 1804666
4900.0 5900.0 2991689
4800.0 5900.0 5369101
4800.0 6000.0 4073903
4700.0 6000.0 7261185
4700.0 5900.0 2561758
4600.0 5900.0 6110796
4600.0 6000.0 4424747
4500.0 5900.0 5348936
4500.0 6000.0 3329536
4400.0 6000.0 802847
4500.0 6100.0 4154341
4400.0 6100.0 5254696
4300.0 6000.0 2514058
4400.0 5900.0 1987311
4300.0 5900.0 7137760
4200.0 5800.0 4841295
4200.0 5900.0 1433278
4200.0 6000.0 3620797
4100.0 5900.0 4583018
4100.0 6000.0 2039917
4000.0 5900.0 550120
4000.0 6000.0 4918293
3900.0 5900.0 3216740
3900.0 5800.0 5682853
4000.0 5800.0 3172714
4100.0 5800.0 3340098
4200.0 5700.0 1957671
4200.0 5600.0 3300080
4100.0 5700.0 7255852
4100.0 5600.0 5464946
4000.0 5600.0 6177951
4000.0 5700.0 653277
3900.0 5600.0 2129066
3900.0 5500.0 6262812
4000.0 5500.0 6374470
4100.0 5500.0 4306818
4200.0 5400.0 4965672
4200.0 5500.0 2627882
4100.0 5400.0 709149
4200.0 5300.0 2554386
4200.0 5200.0 14085
4100.0 5300.0 4827670
4000.0 5300.0 6000185
4000.0 5400.0 1642963
3900.0 5400.0 346024
3900.0 5300.0 530688
4000.0 5200.0 3950100
4100.0 5200.0 3385184
4200.0 5100.0 5589309
4300.0 5100.0 1315174
4300.0 5000.0 2756067
4200.0 4900.0 2080705
4200.0 5000.0 3261820
4100.0 5100.0 7126501
4100.0 5000.0 4847903
4000.0 5000.0 5366740
4100.0 4900.0 186932
4000.0 4900.0 866326
4100.0 4800.0 912140
4200.0 4700.0 533561
4300.0 4800.0 778800
4200.0 4800.0 7612399
4100.0 4700.0 7558698
4000.0 4700.0 3369566
4100.0 4600.0 5627832
4300.0 4500.0 6511095
4200.0 4400.0 5255419
4200.0 4500.0 4296033
4200.0 4600.0 958121
4100.0 4500.0 3446230
4000.0 4500.0 1434758
4000.0 4600.0 948870
3900.0 4500.0 2789099
4000.0 4400.0 1154508
3900.0 4400.0 5949199
4000.0 4300.0 2150914
4100.0 4300.0 7873107
4200.0 4200.0 69064
4300.0 4200.0 4759716
4200.0 4300.0 5922010
4100.0 4200.0 5025959
4200.0 4100.0 4570306
4200.0 4000.0 6914974
4100.0 4100.0 6857516
4000.0 4100.0 4538155
3900.0 4000.0 5081590
4000.0 3900.0 7642347
4100.0 4000.0 4813296
4000.0 4000.0 3450344
4100.0 3900.0 5310051
4200.0 3700.0 241540
4200.0 3800.0 6771793
4300.0 3900.0 2113013
4200.0 3900.0 170193
4100.0 3800.0 5774592
4000.0 3800.0 2152098
4100.0 3700.0 7055572
4000.0 3700.0 2116689
4100.0 3600.0 782858
4200.0 3500.0 4638647
4300.0 3600.0 4304240
4200.0 3600.0 2383870
4100.0 3500.0 1074071
4000.0 3500.0 6921829
4000.0 3600.0 4438867
3900.0 3500.0 883078
3900.0 3400.0 805766
4000.0 3400.0 1689666
4100.0 3400.0 7597745
4200.0 3300.0 4512884
4300.0 3300.0 3287600
4200.0 3400.0 243295
4100.0 3300.0 53531
4200.0 3200.0 4184268
4300.0 3200.0 948541
4400.0 3100.0 6071277
4500.0 3100.0 2259754
4400.0 3200.0 33314
4300.0 3100.0 7265482
4200.0 3100.0 6974986
4100.0 3200.0 3777619
4000.0 3200.0 2674375
4000.0 3300.0 66525
3900.0 3300.0 6773251
3900.0 3200.0 4585377
3900.0 3100.0 3875570
4000.0 3000.0 1084544
4100.0 3100.0 1418781
4000.0 3100.0 4242356
4100.0 3000.0 7937659
4200.0 2900.0 5162820
4300.0 3000.0 336533
4200.0 3000.0 4914406
4100.0 2900.0 3622420
4000.0 2900.0 3366894
4100.0 2800.0 4080751
4000.0 2800.0 1013722
4100.0 2700.0 4886930
4200.0 2600.0 372461
4300.0 2700.0 6947342
4200.0 2700.0 6751359
4200.0 2800.0 7169524
4300.0 2800.0 1630394
4300.0 2900.0 2258573
4400.0 3000.0 3588966
4500.0 3000.0 1597771
4600.0 2900.0 2796568
4700.0 3000.0 4368499
4600.0 3000.0 1569119
4500.0 2900.0 777853
4400.0 2900.0 3464469
4500.0 2800.0 4754060
4400.0 2800.0 2171026
4400.0 2700.0 2730137
4400.0 2600.0 4381841
4500.0 2700.0 5360105
4500.0 2600.0 1762076
4600.0 2600.0 690380
4700.0 2600.0 3533665
4600.0 2700.0 2226716
4700.0 2800.0 69735
4600.0 2800.0 4074574
4700.0 2700.0 3450487
4800.0 2800.0 2699152
4900.0 2700.0 5250843
4800.0 2700.0 5204621
4800.0 2600.0 26566
4900.0 2600.0 5550882
5000.0 2600.0 3335310
5100.0 2600.0 3882056
5000.0 2700.0 5841325
5100.0 2800.0 5699524
5000.0 2800.0 2603021
5100.0 2700.0 981860
5200.0 2600.0 6242757
5300.0 2600.0 2644812
5200.0 2700.0 2368668
5200.0 2800.0 3884866
5300.0 2700.0 3435253
5400.0 2800.0 6065188
5500.0 2800.0 1977509
5400.0 2700.0 6407861
5400.0 2600.0 6862817
5500.0 2700.0 7638907
5500.0 2600.0 7327809
5600.0 2600.0 5019882
5700.0 2600.0 1735943
5600.0 2700.0 2408337
5700.0 2800.0 5074394
5600.0 2800.0 4239073
5700.0 2700.0 6420599
5800.0 2800.0 3939366
5900.0 2800.0 3521805
6000.0 2800.0 3829493
5900.0 2700.0 7515338
5800.0 2700.0 3847556
5800.0 2600.0 2531902
5900.0 2600.0 5749678
6000.0 2600.0 5506318
6100.0 2600.0 5022255
6000.0 2700.0 2043719
6100.0 2800.0 3115427
6200.0 2700.0 7350371
6200.0 2600.0 5692941
6100.0 2700.0 6919226
6200.0 2800.0 1741776
6400.0 2900.0 6371238
6300.0 3000.0 2765633
6400.0 3100.0 5277580
6500.0 3100.0 4216838
6700.0 3000.0 4121939
6600.0 2900.0 6082951
6600.0 3000.0 2753201
6600.0 3100.0 4500816
6500.0 3000.0 5955603
6400.0 3000.0 4891909
6300.0 3100.0 7591316
6400.0 3200.0 2593425
6300.0 3200.0 4779623
6300.0 3300.0 3447616
6300.0 3400.0 6309284
6400.0 3500.0 4809537
6500.0 3400.0 3432739
6400.0 3400.0 4758468
6400.0 3300.0 1375918
6500.0 3300.0 7801088
6600.0 3200.0 111686
6500.0 3200.0 4054962
6600.0 3300.0 7456566
6800.0 3400.0 7008216
6900.0 3500.0 584365
6900.0 3400.0 1039843
6800.0 3500.0 766615
6700.0 3400.0 281920
6600.0 3400.0 863611
6700.0 3300.0 3066841
6800.0 3200.0 7423723
6900.0 3300.0 4540772
7000.0 3300.0 5312429
6900.0 3200.0 1790413
6800.0 3300.0 3177612
6700.0 3200.0 3566161
6700.0 3100.0 7543824
6800.0 3100.0 5506611
6900.0 3100.0 3023777
6800.0 3000.0 5965841
6900.0 3000.0 7280676
6800.0 2900.0 4110099
6900.0 2900.0 7928922
7000.0 2900.0 1232203
7200.0 2900.0 6553720
7100.0 2900.0 5120090
7000.0 3000.0 7459525
7100.0 3100.0 1780013
7200.0 3000.0 5250702
7200.0 3100.0 6995336
7100.0 3000.0 1607698
7000.0 3100.0 2076418
7100.0 3200.0 4996270
7000.0 3200.0 147244
7100.0 3300.0 1964663
7200.0 3200.0 3549263
7200.0 3300.0 3154179
7200.0 3400.0 5761765
7100.0 3400.0 5537971
7200.0 3500.0 2823987
7100.0 3500.0 5251869
7000.0 3400.0 3439341
7000.0 3500.0 7494583
7000.0 3600.0 7038933
7200.0 3600.0 2466468
7200.0 3700.0 5232968
7200.0 3800.0 5361387
7100.0 3800.0 4623903
7100.0 3700.0 2793358
7100.0 3600.0 3470093
7000.0 3700.0 4485961
6900.0 3600.0 2066377
6800.0 3700.0 7851430
6800.0 3600.0 5875868
6900.0 3700.0 1518003
7000.0 3800.0 2936462
6900.0 3800.0 1536358
7000.0 3900.0 7361199
6900.0 3900.0 2412286
6900.0 4000.0 3327125
7000.0 4000.0 1097156
7100.0 3900.0 2576954
7200.0 3900.0 9598
7200.0 4000.0 5714295
7100.0 4000.0 2743725
7200.0 4100.0 6259616
7100.0 4100.0 4430271
7000.0 4100.0 6404097
7000.0 4200.0 1441955
7100.0 4300.0 3546363
7200.0 4200.0 6361330
7200.0 4300.0 2078205
7100.0 4200.0 3592534
7000.0 4300.0 7719743
7000.0 4400.0 3722084
7100.0 4400.0 5795789
7200.0 4400.0 1731724
7200.0 4500.0 3362680
7100.0 4500.0 7459802
7200.0 4600.0 2097541
7100.0 4600.0 1021352
7200.0 4700.0 5679962
7100.0 4700.0 4978785
7000.0 4600.0 5752157
6900.0 4700.0 7207037
6900.0 4600.0 7094326
7000.0 4700.0 1292795
7000.0 4800.0 715094
7100.0 4900.0 6261782
7200.0 4800.0 3407384
7200.0 4900.0 541316
7100.0 4800.0 3578017
7000.0 4900.0 2610162
6900.0 5000.0 3918870
6900.0 4900.0 5049659
7000.0 5000.0 5621715
7100.0 5000.0 2235478
7000.0 5100.0 7839339
7200.0 5000.0 2047205
7200.0 5100.0 6421880
7200.0 5200.0 1393216
7200.0 5300.0 6389822
7100.0 5200.0 6133166
7100.0 5100.0 2171480
7000.0 5200.0 6995920
6900.0 5300.0 2577339
6900.0 5200.0 4396742
7000.0 5300.0 610364
7100.0 5300.0 4857647
7000.0 5400.0 7336328
7100.0 5500.0 7914804
7200.0 5400.0 6913486
7200.0 5500.0 3526603
7100.0 5400.0 3664637
7000.0 5500.0 2271581
6900.0 5500.0 1557546
6900.0 5400.0 6100852
6800.0 5500.0 5400078
6800.0 5400.0 3991270
6700.0 5500.0 4207892
6700.0 5400.0 4660919
6800.0 5300.0 3266597
6800.0 5200.0 7828388
6700.0 5300.0 7323110
6700.0 5200.0 953495
6700.0 5100.0 854651
6800.0 5000.0 822228
6900.0 5100.0 6789626
6800.0 5100.0 4111416
6700.0 5000.0 382158
6800.0 4900.0 4124588
6700.0 4900.0 7235114
6700.0 4800.0 4877292
6800.0 4700.0 6071799
6900.0 4800.0 5555047
6800.0 4800.0 3297269
6700.0 4700.0 1425552
6800.0 4600.0 1641175
6700.0 4600.0 767098
6700.0 4500.0 2850166
6800.0 4400.0 7687146
6900.0 4500.0 48241
6900.0 4400.0 7144584
6800.0 4500.0 2127284
6700.0 4400.0 7672976
6700.0 4300.0 211896
6800.0 4300.0 749630
6900.0 4300.0 6808759
6900.0 4200.0 5493923
6800.0 4200.0 3026746
6700.0 4200.0 3876363
6800.0 4100.0 6544220
6800.0 4000.0 65273
6700.0 4000.0 403647
6600.0 4000.0 4653780
6700.0 3900.0 6947783
6800.0 3800.0 4202032
6800.0 3900.0 3171567
6700.0 3800.0 5886741
6700.0 3700.0 3079330
6600.0 3700.0 7134226
6600.0 3800.0 3330835
6600.0 3900.0 2907057
6500.0 3800.0 2423070
6500.0 3700.0 5010373
6600.0 3600.0 2151092
6700.0 3600.0 1463335
6600.0 3500.0 4638605
6500.0 3600.0 5492361
6400.0 3600.0 346656
6400.0 3700.0 6720742
6300.0 3800.0 292780
6300.0 3900.0 1395247
6300.0 4000.0 3355979
6400.0 4000.0 1220484
6500.0 4000.0 4270370
6400.0 3900.0 5918380
6500.0 3900.0 5395888
6400.0 3800.0 6773415
6300.0 3700.0 1596931
6200.0 3700.0 5517667
6100.0 3800.0 2516043
6100.0 3700.0 6047676
6200.0 3600.0 5464967
6300.0 3600.0 5756792
6200.0 3500.0 3147297
6100.0 3600.0 692082
6000.0 3500.0 4541048
6000.0 3600.0 6536639
6000.0 3700.0 6656374
6000.0 3800.0 3976577
5900.0 3800.0 5465574
6000.0 3900.0 1257759
5900.0 3900.0 2520535
5800.0 3900.0 4928224
5800.0 3800.0 1275409
5900.0 3700.0 5824258
5900.0 3600.0 2808420
5800.0 3700.0 7560428
5700.0 3800.0 5297667
5700.0 3700.0 3933180
5800.0 3600.0 1858405
5700.0 3600.0 2013558
5800.0 3500.0 6870696
5700.0 3500.0 2042849
5600.0 3500.0 7542062
5600.0 3600.0 6399762
5600.0 3700.0 4790019
5600.0 3800.0 2921206
5600.0 3900.0 6051490
5500.0 3800.0 2729622
5500.0 3900.0 480400
5400.0 3900.0 174863
5600.0 4000.0 5342896
5700.0 4100.0 7838998
5800.0 4000.0 4773255
5900.0 4000.0 3876519
5800.0 4100.0 4099170
5700.0 4000.0 5022531
5600.0 4100.0 4616785
5500.0 4000.0 1806633
5400.0 4000.0 4522164
5300.0 3900.0 6660031
5400.0 3800.0 2817312
5300.0 3800.0 3227189
5400.0 3700.0 7034153
5500.0 3700.0 4487986
5500.0 3600.0 6515107
5400.0 3600.0 1757464
5500.0 3500.0 4794522
5400.0 3500.0 7904443
5300.0 3600.0 4997909
5300.0 3700.0 141325
5200.0 3800.0 1326111
5200.0 3900.0 5812894
5200.0 4000.0 6983883
5300.0 4000.0 6955729
5400.0 4100.0 5331649
5300.0 4100.0 7943343
5300.0 4200.0 4962267
5400.0 4300.0 2989152
5500.0 4300.0 224082
5600.0 4200.0 5803865
5700.0 4200.0 5592866
5600.0 4300.0 1858704
5500.0 4200.0 46809
5400.0 4200.0 6854983
5300.0 4300.0 1357204
5400.0 4400.0 7139622
5400.0 4500.0 6879320
5500.0 4500.0 4725188
5600.0 4500.0 184554
5700.0 4600.0 7905786
5800.0 4600.0 81478
5700.0 4500.0 3432150
5600.0 4600.0 4893684
5500.0 4600.0 4401642
5400.0 4600.0 4547724
5300.0 4600.0 2338765
5300.0 4500.0 2300563
5300.0 4400.0 5553689
5200.0 4300.0 7507815
5200.0 4200.0 5705521
5100.0 4300.0 4607793
5200.0 4400.0 3487187
5100.0 4400.0 6807644
5000.0 4300.0 4117547
5000.0 4400.0 2257056
5000.0 4500.0 7757291
5100.0 4500.0 2990334
5200.0 4600.0 1060787
5300.0 4700.0 6173436
5400.0 4700.0 717122
5300.0 4800.0 5241856
5200.0 4700.0 2544720
5100.0 4600.0 3970315
5000.0 4600.0 3284889
4900.0 4600.0 908125
4900.0 4700.0 2163206
5000.0 4800.0 584645
4900.0 4800.0 7640661
4900.0 4900.0 2482924
4900.0 5000.0 6140260
5000.0 4900.0 4582872
5100.0 4800.0 1233187
5100.0 4900.0 777951
5200.0 4800.0 1713580
5200.0 4900.0 3384676
5200.0 5000.0 1814860
5300.0 5100.0 149299
5400.0 5200.0 7239575
5300.0 5200.0 261523
5200.0 5100.0 2725839
5300.0 5000.0 7293905
5400.0 5100.0 1055137
5500.0 5200.0 757443
5500.0 5100.0 7354865
5600.0 5000.0 23180
5700.0 5100.0 6259109
5800.0 5000.0 1315620
5900.0 5000.0 6486852
6000.0 4900.0 6747407
6100.0 5000.0 4393108
6200.0 4900.0 1042592
6200.0 5000.0 692758
6100.0 4900.0 5433031
6000.0 5000.0 4271697
5900.0 4900.0 4586541
5800.0 4900.0 57516
5700.0 5000.0 7619614
5600.0 5100.0 2416669
5500.0 5000.0 7519671
5400.0 5000.0 1266176
5300.0 4900.0 3333453
5400.0 4900.0 2304470
5500.0 4900.0 2415760
5400.0 4800.0 4114829
5500.0 4800.0 4687506
5600.0 4700.0 2663246
5500.0 4700.0 6678569
5600.0 4800.0 5004139
5700.0 4900.0 2859989
5600.0 4900.0 3558614
5700.0 4800.0 1343815
5800.0 4700.0 790249
5700.0 4700.0 2733257
5800.0 4800.0 1277035
5900.0 4800.0 1837441
6000.0 4800.0 5620704
5900.0 4700.0 2129247
5900.0 4600.0 1930343
6000.0 4700.0 5219129
6100.0 4800.0 7937569
6200.0 4700.0 2194055
6300.0 4800.0 7480989
6200.0 4800.0 3020030
6100.0 4700.0 1706173
6200.0 4600.0 3552499
6300.0 4500.0 1855185
6200.0 4500.0 3988871
6100.0 4600.0 7597557
6000.0 4600.0 1941028
6100.0 4500.0 4588415
6200.0 4400.0 747689
6200.0 4300.0 1563040
6100.0 4400.0 5591519
6000.0 4400.0 2601862
6000.0 4500.0 2241178
5900.0 4500.0 7701048
5900.0 4400.0 2294326
5900.0 4300.0 2722648
6000.0 4300.0 7432793
6100.0 4300.0 3431532
6200.0 4200.0 2010640
6300.0 4200.0 2717442
6200.0 4100.0 5951063
6100.0 4200.0 4307006
6100.0 4100.0 6098680
6000.0 4100.0 302592
6000.0 4200.0 4790577
5900.0 4200.0 1777063
5800.0 4300.0 5631705
5800.0 4400.0 3959046
5800.0 4500.0 968827
5700.0 4400.0 369954
5700.0 4300.0 447633
5800.0 4200.0 4358348
6000.0 4000.0 4724161
6100.0 4000.0 7528779
6200.0 3900.0 3946815
6200.0 3800.0 4340167
6200.0 4000.0 1793056
6400.0 4100.0 794570
6400.0 4200.0 982276
6500.0 4200.0 2802813
6600.0 4100.0 1121244
6600.0 4200.0 3484630
6600.0 4300.0 2670504
6500.0 4300.0 4101138
6600.0 4400.0 5445239
6500.0 4400.0 2457876
6400.0 4300.0 5371271
6300.0 4300.0 7540760
6400.0 4400.0 1928965
6300.0 4400.0 3733825
6400.0 4500.0 2027616
6500.0 4500.0 7095852
6600.0 4500.0 7413590
6600.0 4600.0 6966779
6500.0 4600.0 5519868
6600.0 4700.0 88619
6500.0 4700.0 1413361
6400.0 4600.0 25916
6300.0 4600.0 800609
6400.0 4700.0 345939
6300.0 4700.0 7618705
6400.0 4800.0 1574533
6500.0 4800.0 693750
6600.0 4800.0 2673826
6600.0 4900.0 353286
6500.0 4900.0 6693489
6600.0 5000.0 7927129
6500.0 5000.0 648850
6400.0 4900.0 7239795
6300.0 4900.0 6584018
6400.0 5000.0 2025371
6300.0 5000.0 3433337
6300.0 5100.0 2563370
6400.0 5200.0 6745876
6500.0 5300.0 4335712
6600.0 5200.0 1799529
6600.0 5300.0 7459782
6500.0 5200.0 5859654
6600.0 5100.0 5205135
6500.0 5100.0 6176023
6400.0 5100.0 4529212
6300.0 5200.0 4318139
6400.0 5300.0 6013514
6300.0 5300.0 5296538
6400.0 5400.0 2476308
6500.0 5400.0 51620
6600.0 5400.0 4499947
6600.0 5500.0 1951767
6500.0 5500.0 4976931
6400.0 5500.0 504005
6300.0 5500.0 495184
6300.0 5400.0 3870108
6200.0 5500.0 4754117
6200.0 5400.0 1605179
6200.0 5300.0 7219834
6200.0 5200.0 3000312
6100.0 5300.0 5074478
6100.0 5200.0 147836
6200.0 5100.0 1677280
6100.0 5100.0 2934798
6000.0 5100.0 1783378
6000.0 5200.0 7691582
5900.0 5100.0 6694419
5800.0 5200.0 4582530
5800.0 5100.0 6583823
5900.0 5200.0 4203037
6000.0 5300.0 1160623
5900.0 5300.0 2305092
6000.0 5400.0 5140489
6100.0 5500.0 741634
6100.0 5400.0 5702975
6000.0 5500.0 661515
5900.0 5500.0 5019480
5900.0 5400.0 2943627
5800.0 5500.0 4752795
5800.0 5400.0 7614657
5800.0 5300.0 3693777
5700.0 5300.0 4940095
5700.0 5400.0 2684244
5700.0 5500.0 5911682
5600.0 5500.0 7952328
5600.0 5400.0 638841
5600.0 5300.0 1612994
5700.0 5200.0 6888746
5600.0 5200.0 6896045
5500.0 5300.0 985988
5500.0 5400.0 3876340
5400.0 5400.0 187511
5500.0 5500.0 2688468
5400.0 5500.0 1928185
5300.0 5500.0 1424485
5300.0 5400.0 2315875
5400.0 5300.0 1896000
5300.0 5300.0 7470865
5200.0 5400.0 6902527
5200.0 5300.0 7438138
5200.0 5200.0 2998758
5100.0 5200.0 4522254
5100.0 5100.0 3760218
5000.0 5100.0 5283375
5000.0 5200.0 3999102
5000.0 5300.0 745850
5100.0 5400.0 6102537
5200.0 5500.0 1889316
5100.0 5500.0 2210955
5000.0 5500.0 6425481
5000.0 5400.0 2757713
4900.0 5300.0 6820392
4900.0 5400.0 175391
4900.0 5500.0 758626
4800.0 5500.0 7799682
4800.0 5400.0 4854323
4700.0 5500.0 3885287
4700.0 5400.0 3746121
4800.0 5300.0 6554470
4900.0 5200.0 252443
4800.0 5200.0 6503333
4700.0 5300.0 5708206
4600.0 5200.0 5354792
4600.0 5300.0 7859128
4700.0 5200.0 7327071
4700.0 5100.0 7342854
4800.0 5000.0 4384437
4900.0 5100.0 2294439
4800.0 5100.0 901479
4700.0 5000.0 1940299
4700.0 4900.0 231087
4800.0 4900.0 3778098
4800.0 4800.0 1047565
4700.0 4800.0 6325618
4800.0 4700.0 6130356
4700.0 4600.0 6251366
4800.0 4600.0 6818916
4900.0 4500.0 3214791
4800.0 4500.0 6444411
4900.0 4400.0 3483118
4800.0 4400.0 559206
4700.0 4500.0 6766334
4600.0 4300.0 7101714
4600.0 4400.0 324973
4700.0 4300.0 664811
4800.0 4300.0 6983570
4700.0 4200.0 6501001
4900.0 4300.0 3822621
4900.0 4200.0 3643942
5000.0 4100.0 3829463
5100.0 4100.0 6077706
5200.0 4100.0 7022551
5100.0 4000.0 4417826
5000.0 4000.0 2472019
4900.0 4100.0 3102908
4900.0 4000.0 601514
4800.0 4100.0 1635539
4800.0 4200.0 754069
4700.0 4100.0 4197929
4600.0 4000.0 277465
4600.0 4100.0 7008373
4700.0 4000.0 4632221
4800.0 4000.0 1808661
4700.0 3900.0 1691388
4800.0 3800.0 3835683
4900.0 3900.0 1775770
5000.0 3800.0 4799806
5100.0 3800.0 3501593
5100.0 3700.0 6088877
5000.0 3700.0 3816709
4900.0 3800.0 2012706
4800.0 3900.0 1219225
4700.0 3800.0 5444105
4600.0 3700.0 3607087
4600.0 3800.0 4454672
4700.0 3700.0 7951120
4800.0 3700.0 532115
4700.0 3600.0 6876370
4800.0 3500.0 1897829
4900.0 3400.0 7252854
4800.0 3400.0 5000007
4700.0 3500.0 7441848
4800.0 3600.0 4906336
4900.0 3700.0 62910
4900.0 3600.0 7209080
4900.0 3500.0 4242821
5000.0 3600.0 5089114
5100.0 3500.0 2778557
5200.0 3500.0 4998153
5300.0 3500.0 2404662
5200.0 3600.0 4446922
5100.0 3600.0 4904020
5000.0 3500.0 1247963
5100.0 3400.0 6118129
5000.0 3300.0 6835993
5100.0 3200.0 1220484
5200.0 3200.0 5645495
5100.0 3300.0 3327433
5200.0 3300.0 16918
5300.0 3400.0 4429985
5200.0 3400.0 2875744
5300.0 3300.0 6740768
5400.0 3200.0 3819561
5500.0 3100.0 7484788
5400.0 3100.0 6527384
5300.0 3200.0 5036478
5400.0 3300.0 62473
5500.0 3400.0 2167646
5400.0 3400.0 1679094
5500.0 3300.0 7793861
5500.0 3200.0 5322867
5600.0 3100.0 5594288
5700.0 3200.0 834502
5800.0 3200.0 364921
5700.0 3100.0 2247004
5600.0 3200.0 2478938
5600.0 3300.0 5204508
5700.0 3400.0 7776377
5600.0 3400.0 2439418
5700.0 3300.0 2968940
5800.0 3400.0 2409587
5900.0 3400.0 6840976
6000.0 3300.0 2652867
6200.0 3100.0 4953705
6200.0 3200.0 4813918
6200.0 3300.0 4840473
6200.0 3400.0 5064794
6100.0 3400.0 7445982
6000.0 3400.0 7756361
5900.0 3300.0 2802591
5800.0 3300.0 4570135
5900.0 3200.0 2009168
5900.0 3100.0 4474552
6000.0 3200.0 2497105
6100.0 3300.0 7052538
6100.0 3200.0 2159071
6100.0 3100.0 6494951
6200.0 3000.0 7161709
6200.0 2900.0 4274409
6100.0 3000.0 3996283
6000.0 2900.0 7262317
6000.0 3000.0 1173747
6000.0 3100.0 7097036
5900.0 3000.0 1015930
5800.0 3100.0 2626137
5800.0 3000.0 2091274
5700.0 3000.0 1698610
5800.0 2900.0 2486733
5700.0 2900.0 7828893
5600.0 2900.0 4809548
5600.0 3000.0 7672913
5500.0 2900.0 6628312
5500.0 3000.0 3059312
5400.0 3000.0 2760252
5400.0 2900.0 231889
5300.0 2900.0 5040482
5300.0 3000.0 3119691
5200.0 3100.0 747720
5200.0 3000.0 4212258
5200.0 2900.0 356933
5100.0 3000.0 3792694
5100.0 3100.0 6921536
5000.0 3200.0 6853542
4900.0 3300.0 3707437
4900.0 3200.0 5439486
4900.0 3100.0 4875826
5000.0 3000.0 3333142
5000.0 2900.0 5924294
4900.0 3000.0 7927941
4900.0 2900.0 3036160
4900.0 2800.0 5365188
4800.0 2900.0 2791289
4800.0 3000.0 4311399
4800.0 3100.0 7324922
4700.0 3100.0 1305850
4800.0 3200.0 3765532
4700.0 3200.0 86596
4800.0 3300.0 7133025
4700.0 3400.0 2326983
4700.0 3300.0 3013913
4600.0 3400.0 803888
4600.0 3300.0 3714000
4600.0 3200.0 5759014
4600.0 3100.0 167696
4500.0 3200.0 425901
4500.0 3300.0 5104823
4400.0 3300.0 55746
4500.0 3400.0 348607
4600.0 3500.0 5875898
4500.0 3500.0 3942627
4400.0 3400.0 1780220
4300.0 3400.0 1632461
4400.0 3500.0 2349633
4300.0 3500.0 982053
4400.0 3600.0 4732152
4500.0 3600.0 1373314
4600.0 3600.0 7541395
4500.0 3700.0 3498287
4500.0 3800.0 6815975
4400.0 3700.0 382850
4300.0 3700.0 4388092
4400.0 3800.0 4084572
4300.0 3800.0 1706820
4400.0 3900.0 4371097
4500.0 3900.0 7406073
4600.0 3900.0 5405810
4500.0 4000.0 3499976
4500.0 4100.0 7765599
4400.0 4000.0 1509353
4300.0 4000.0 3790050
4400.0 4100.0 3142021
4300.0 4100.0 7144147
4400.0 4200.0 2569905
4500.0 4200.0 7953629
4600.0 4200.0 4352835
4500.0 4300.0 3961827
4500.0 4400.0 2486040
4400.0 4300.0 1307524
4300.0 4300.0 1092892
4400.0 4400.0 5149128
4400.0 4500.0 5217594
4500.0 4500.0 4917071
4600.0 4500.0 5338918
4600.0 4600.0 4645391
4500.0 4600.0 6302351
4600.0 4700.0 4406998
4500.0 4700.0 468547
4400.0 4600.0 1402317
4400.0 4700.0 7855245
4300.0 4700.0 126014
4400.0 4800.0 7770158
4500.0 4800.0 4933839
4600.0 4800.0 7435555
4600.0 4900.0 1520032
4500.0 4900.0 2459995
4600.0 5000.0 3068235
4500.0 5000.0 1079778
4400.0 4900.0 4273370
4300.0 4900.0 1829603
4400.0 5000.0 7763111
4400.0 5100.0 678077
4500.0 5100.0 520561
4600.0 5100.0 404105
4500.0 5200.0 2098012
4500.0 5300.0 4605176
4400.0 5200.0 5709076
4300.0 5200.0 7510180
4400.0 5300.0 6000558
4300.0 5300.0 4076583
4300.0 5400.0 5765722
4400.0 5500.0 6606318
4500.0 5500.0 7013035
4600.0 5400.0 7177173
4400.0 5400.0 7363260
4300.0 5500.0 2639422
4400.0 5600.0 667076
4300.0 5600.0 2144019
4400.0 5700.0 4490983
4300.0 5800.0 2194536
4400.0 5800.0 3869171
4500.0 5800.0 1283057
4600.0 5800.0 3550989
4500.0 5700.0 2617487
4500.0 5600.0 4135992
4600.0 5500.0 5004419
4600.0 5600.0 643166
4700.0 5700.0 4893325
4800.0 5800.0 6656620
4700.0 5800.0 3733049
4600.0 5700.0 4654843
4700.0 5600.0 4768520
4800.0 5600.0 5335431
4900.0 5700.0 7105146
5000.0 5800.0 5651817
4900.0 5800.0 2466324
4800.0 5700.0 4763159
4900.0 5600.0 4631658
5000.0 5600.0 4146846
5100.0 5600.0 1398734
5000.0 5700.0 1732947
5100.0 5800.0 2992783
5200.0 5700.0 6766595
5300.0 5600.0 3388726
5200.0 5600.0 7050447
5100.0 5700.0 3029997
5200.0 5800.0 4063697
5300.0 5800.0 3830648
5300.0 5700.0 5470791
5400.0 5800.0 2119544
5500.0 5800.0 1561372
5400.0 5700.0 1373059
5400.0 5600.0 4361455
5500.0 5700.0 2287375
5500.0 5600.0 7672322
5600.0 5600.0 6846840
5700.0 5600.0 1615788
5600.0 5700.0 7513266
5700.0 5800.0 5968213
5600.0 5800.0 2833956
5700.0 5700.0 6907043
5800.0 5800.0 2056001
5900.0 5800.0 3932907
6000.0 5800.0 2751970
5900.0 5700.0 5748269
5800.0 5700.0 6078748
5800.0 5600.0 6485142
5900.0 5600.0 5569357
6000.0 5600.0 3518433
6100.0 5600.0 5840433
6000.0 5700.0 2661068
6100.0 5800.0 181088
6200.0 5700.0 4485153
6300.0 5600.0 1250592
6200.0 5600.0 840852
6100.0 5700.0 7786903
6200.0 5800.0 7907302
6300.0 5800.0 6458753
6300.0 5700.0 6004083
6400.0 5800.0 5236091
6500.0 5800.0 7559210
6400.0 5700.0 6083403
6400.0 5600.0 4286947
6500.0 5700.0 7875388
6500.0 5600.0 5740759
6600.0 5600.0 20912
6700.0 5600.0 1934486
6600.0 5700.0 3803368
6700.0 5800.0 6133127
6600.0 5800.0 3392614
6700.0 5700.0 3455515
6800.0 5800.0 1631827
6900.0 5800.0 6751484
7000.0 5800.0 5692987
6900.0 5700.0 7052401
6800.0 5700.0 5588464
6800.0 5600.0 4532887
6900.0 5600.0 7348027
7000.0 5600.0 602625
7100.0 5600.0 6560664
7000.0 5700.0 1106998
7100.0 5800.0 3398400
7200.0 5700.0 4768926
7300.0 5700.0 6586574
7200.0 5600.0 2191968
7100.0 5700.0 7852977
7200.0 5800.0 3700315
7300.0 5800.0 1412891
7300.0 5900.0 6566785
7300.0 6000.0 2354176
7300.0 6100.0 662033
7400.0 6100.0 539576
7600.0 5600.0 3021553
7600.0 5700.0 61371
7600.0 5800.0 4182765
7600.0 5900.0 7799750
7600.0 6000.0 717038
7600.0 6100.0 4325970
7500.0 6100.0 7941923
7400.0 6000.0 7852591
7500.0 6000.0 4192236
7500.0 5900.0 2095561
7400.0 5900.0 3996765
7500.0 5800.0 73587
7400.0 5800.0 5230474
7500.0 5700.0 5816966
7400.0 5700.0 3181012
7500.0 5600.0 5494376
7400.0 5600.0 5980966
7300.0 5600.0 7015351
7300.0 5500.0 935910
7400.0 5500.0 1818886
7500.0 5500.0 2411082
7600.0 5400.0 6612003
7600.0 5500.0 3017891
7500.0 5400.0 6637750
7400.0 5400.0 804413
7500.0 5300.0 2246708
7400.0 5300.0 1564556
7300.0 5400.0 5122870
7300.0 5300.0 342224
7300.0 5200.0 5759765
7400.0 5200.0 3920794
7500.0 5200.0 3309692
7600.0 5100.0 4758631
7600.0 5200.0 4216952
7500.0 5100.0 3943527
7500.0 5000.0 5247782
7400.0 5000.0 3845194
7300.0 5100.0 5068620
7300.0 5000.0 6620938
7300.0 4900.0 5573981
7400.0 4900.0 991795
7500.0 4900.0 2632369
7600.0 4800.0 7356726
7600.0 4900.0 1485979
7500.0 4800.0 6331349
7400.0 4800.0 1651242
7300.0 4800.0 265848
7400.0 4700.0 2180215
7300.0 4600.0 7649077
7400.0 4600.0 4937512
7500.0 4700.0 2880939
7600.0 4600.0 7454545
7700.0 4600.0 1135605
7600.0 4700.0 7337242
7500.0 4600.0 1142122
7600.0 4500.0 5702680
7700.0 4500.0 6633939
7600.0 4400.0 4095424
7500.0 4500.0 4447206
7400.0 4500.0 1238569
7500.0 4400.0 1854153
7400.0 4400.0 4143118
7300.0 4400.0 3776249
7300.0 4300.0 5755158
7400.0 4300.0 4425035
7500.0 4300.0 3070464
7600.0 4200.0 5982662
7700.0 4200.0 2796669
7600.0 4300.0 6283518
7500.0 4200.0 3389900
7400.0 4200.0 4405532
7500.0 4100.0 3792059
7400.0 4100.0 7257892
7300.0 4200.0 3817009
7300.0 4100.0 6593674
7300.0 4000.0 2414021
7400.0 4000.0 6428105
7500.0 4000.0 1984621
7600.0 3900.0 6230898
7700.0 3900.0 6044897
7600.0 4000.0 3866809
7500.0 3900.0 2687766
7400.0 3900.0 1969778
7500.0 3800.0 6805090
7400.0 3800.0 3753180
7300.0 3900.0 7654767
7300.0 3800.0 3288567
7300.0 3700.0 975348
7400.0 3700.0 809388
7500.0 3700.0 3946993
7600.0 3600.0 798212
7700.0 3600.0 3074878
7600.0 3700.0 2419104
7500.0 3600.0 4116421
7400.0 3600.0 5895402
7500.0 3500.0 873846
7400.0 3500.0 6552485
7300.0 3600.0 3230011
7300.0 3500.0 2568956
7300.0 3400.0 398144
7400.0 3300.0 2624638
7500.0 3400.0 1273080
7600.0 3300.0 5509497
7700.0 3300.0 2386547
7600.0 3200.0 848804
7500.0 3300.0 2680411
7500.0 3200.0 7190800
7400.0 3200.0 7592430
7300.0 3300.0 6213657
7300.0 3200.0 7793545
7300.0 3100.0 7021351
7400.0 3100.0 500747
7500.0 3100.0 6337739
7600.0 3000.0 2132762
7700.0 3000.0 1624967
7600.0 3100.0 672798
7500.0 3000.0 6668154
7400.0 3000.0 7909456
7500.0 2900.0 5047733
7400.0 2900.0 4531008
7500.0 2800.0 4586763
7400.0 2800.0 5893224
7300.0 2900.0 7664614
7200.0 2800.0 4460113
7300.0 2700.0 3497454
7200.0 2700.0 4163607
7100.0 2800.0 1535851
7100.0 2700.0 3009515
7000.0 2800.0 725410
7000.0 2700.0 5430444
7100.0 2600.0 7028543
7000.0 2600.0 5976384
7100.0 2500.0 6661823
7000.0 2500.0 3968878
6900.0 2600.0 3886796
6900.0 2700.0 2063530
6900.0 2800.0 7278034
6800.0 2800.0 3608392
6800.0 2700.0 3297627
6700.0 2800.0 3896286
6700.0 2700.0 281617
6800.0 2600.0 5869879
6900.0 2500.0 3638928
6800.0 2500.0 1281079
6700.0 2600.0 3763847
6700.0 2500.0 994284
6800.0 2400.0 6084192
6700.0 2400.0 4480994
6800.0 2300.0 4678159
6700.0 2200.0 4898882
6800.0 2100.0 2422316
6700.0 2100.0 4791430
6800.0 2200.0 5433568
6900.0 2100.0 397119
7000.0 2100.0 519665
7100.0 2200.0 4606466
7200.0 2100.0 2612102
7300.0 2200.0 3167494
7400.0 2100.0 3282377
7300.0 2100.0 1137775
7200.0 2200.0 2088737
7100.0 2100.0 778672
7000.0 2200.0 1107642
6900.0 2300.0 1441733
6900.0 2400.0 2633514
7000.0 2300.0 1775063
7000.0 2400.0 5607008
7100.0 2300.0 7560938
7200.0 2300.0 7255690
7300.0 2400.0 6176327
7200.0 2400.0 5731161
7100.0 2400.0 6186428
7200.0 2500.0 5782404
7200.0 2600.0 595604
7300.0 2500.0 3339659
7300.0 2600.0 640604
7400.0 2700.0 5676018
7500.0 2700.0 6614845
7600.0 2600.0 7890743
7600.0 2700.0 206265
7500.0 2600.0 5474111
7400.0 2600.0 2848733
7500.0 2500.0 6979278
7400.0 2500.0 4739850
7500.0 2400.0 544292
7400.0 2400.0 3944510
7500.0 2300.0 987954
7400.0 2300.0 6879994
7300.0 2300.0 5424687
7400.0 2200.0 470743
7500.0 2200.0 1391003
7500.0 2100.0 6071617
7600.0 2100.0 3089592
7700.0 2100.0 4398624
7600.0 2200.0 5876889
7600.0 2300.0 6287213
7700.0 2200.0 5759918
7900.0 2200.0 6113432
8000.0 2100.0 7718705
8100.0 2200.0 3355394
8400.0 1900.0 1216636
8300.0 2200.0 4609603
8400.0 2100.0 6298754
8400.0 2200.0 2531648
8300.0 2100.0 6809542
8200.0 2200.0 2352767
8100.0 2100.0 4836550
8000.0 2200.0 6726146
7900.0 2100.0 5689434
7800.0 2200.0 4546029
7900.0 2300.0 4018881
8000.0 2300.0 3764157
8100.0 2300.0 7482088
8000.0 2400.0 3462732
7900.0 2400.0 5233800
7800.0 2300.0 4226872
7700.0 2300.0 1453852
7800.0 2400.0 1057078
7900.0 2500.0 1974734
7900.0 2600.0 5675873
7800.0 2500.0 7197387
7700.0 2500.0 2918413
7700.0 2400.0 2117756
7600.0 2400.0 1071843
7600.0 2500.0 5909217
7700.0 2600.0 2668396
7800.0 2600.0 359780
7900.0 2700.0 2376897
8000.0 2700.0 3779999
7900.0 2800.0 7529462
7800.0 2700.0 4194347
7800.0 2800.0 7723642
7700.0 2800.0 5322618
7700.0 2700.0 831974
7600.0 2800.0 482405
7600.0 2900.0 3942443
7700.0 2900.0 1723149
7800.0 2900.0 4606200
7900.0 3000.0 3341924
8000.0 3000.0 5694518
7900.0 2900.0 6661939
7800.0 3000.0 1531640
7900.0 3100.0 7615830
7900.0 3200.0 2384417
7800.0 3100.0 5366152
7700.0 3100.0 6738455
7800.0 3200.0 2708961
7900.0 3300.0 3791978
7900.0 3400.0 3572489
7800.0 3300.0 7352939
7700.0 3400.0 4580878
7600.0 3500.0 5041409
7700.0 3500.0 582749
7800.0 3500.0 6937214
7900.0 3600.0 335432
8000.0 3600.0 3257707
7900.0 3500.0 2487569
7800.0 3600.0 2805896
7900.0 3700.0 3107984
7900.0 3800.0 6422950
7800.0 3700.0 1707688
7700.0 3700.0 4525282
7600.0 3800.0 5782474
7700.0 3800.0 2776625
7800.0 3800.0 5927442
7900.0 3900.0 4558804
7900.0 4000.0 4244673
7800.0 3900.0 4975569
7800.0 4000.0 1772270
7700.0 4000.0 1722675
7600.0 4100.0 1452199
7700.0 4100.0 1789619
7800.0 4100.0 3915427
7900.0 4100.0 5357162
7800.0 4200.0 7634171
7900.0 4200.0 834640
7800.0 4300.0 7607423
7700.0 4400.0 7315005
8000.0 4500.0 6331392
8100.0 4600.0 2264642
8200.0 4700.0 956075
8100.0 4700.0 3800130
8000.0 4600.0 876886
8000.0 4700.0 7085219
7900.0 4700.0 1233003
7900.0 4600.0 4521716
7800.0 4500.0 5531658
7800.0 4400.0 3428690
7900.0 4500.0 7474997
7900.0 4400.0 3406919
7900.0 4300.0 7369002
8000.0 4400.0 635440
8100.0 4500.0 5921550
8200.0 4400.0 5902232
8300.0 4500.0 4765333
8200.0 4500.0 1884106
8100.0 4400.0 3717037
8200.0 4300.0 7188031
8300.0 4200.0 1998334
8200.0 4200.0 485251
8100.0 4300.0 2480635
8000.0 4200.0 4608520
8100.0 4100.0 1647414
8200.0 4000.0 2090843
8200.0 4100.0 712951
8100.0 4200.0 2734704
8000.0 4100.0 4830053
8000.0 4000.0 3770786
8000.0 3900.0 1827444
8100.0 3800.0 1298337
8200.0 3700.0 5507888
8200.0 3800.0 186641
8300.0 3900.0 3613517
8200.0 3900.0 4700417
8100.0 3900.0 6524497
8000.0 3800.0 7731333
8100.0 3700.0 2068414
8000.0 3700.0 7778892
8100.0 3600.0 7615932
8200.0 3500.0 7621520
8300.0 3600.0 5804030
8200.0 3600.0 6152981
8100.0 3500.0 5432317
8000.0 3500.0 1173577
8000.0 3400.0 2918494
8100.0 3300.0 713241
8200.0 3300.0 4038777
8300.0 3300.0 819008
8200.0 3400.0 25393
8100.0 3400.0 7784804
8000.0 3300.0 2463840
8100.0 3200.0 4350582
8000.0 3100.0 1525657
8100.0 3100.0 5614022
8200.0 3100.0 3988176
8200.0 3000.0 7363808
8300.0 3000.0 2022680
8200.0 2900.0 5815724
8200.0 2800.0 4993949
8100.0 2900.0 154657
8100.0 2800.0 4916417
8000.0 2800.0 2611817
8100.0 2700.0 2901132
8200.0 2600.0 5904198
8300.0 2700.0 5267528
8200.0 2700.0 1775179
8100.0 2600.0 5262412
8000.0 2600.0 1444473
8100.0 2500.0 1724808
8000.0 2500.0 5970167
8100.0 2400.0 7256281
8200.0 2300.0 2435608
8300.0 2300.0 7740875
8400.0 2300.0 2810477
8400.0 2400.0 5767346
8300.0 2400.0 5111885
8200.0 2400.0 3888602
8200.0 2500.0 4652983
8300.0 2500.0 1816237
8400.0 2500.0 5957800
8400.0 2600.0 7939197
8300.0 2600.0 31223
8400.0 2700.0 12675
8400.0 2800.0 739535
8300.0 2800.0 7907635
8400.0 2900.0 5112126
8300.0 2900.0 7755903
8400.0 3000.0 2854038
8400.0 3100.0 6183878
8300.0 3100.0 3608065
8400.0 3200.0 6774930
8300.0 3200.0 6135468
8400.0 3300.0 6861056
8500.0 3200.0 4545795
8600.0 2300.0 7817893
8600.0 2400.0 4698698
8600.0 2500.0 2435575
8600.0 2600.0 2605741
8600.0 2700.0 1455434
8600.0 2800.0 6620505
8600.0 2900.0 6411216
8600.0 3000.0 7730952
8600.0 3100.0 6134480
8600.0 3200.0 6068567
8600.0 3300.0 5355323
8600.0 3400.0 7796985
8500.0 3300.0 4929907
8400.0 3400.0 5191709
8300.0 3400.0 5994938
8400.0 3500.0 5620828
8300.0 3500.0 7619354
8400.0 3600.0 4109831
8400.0 3700.0 6666319
8300.0 3700.0 6866477
8400.0 3800.0 5608137
8300.0 3800.0 1940984
8400.0 3900.0 2231931
8400.0 4000.0 3768414
8300.0 4000.0 2694390
8400.0 4100.0 3739299
8300.0 4100.0 3775861
8400.0 4200.0 1860334
8500.0 4300.0 6891677
8600.0 3500.0 2432001
8600.0 3600.0 2216373
8600.0 3700.0 3895053
8600.0 3800.0 5118465
8600.0 3900.0 160959
8600.0 4000.0 1825027
8600.0 4100.0 6302001
8600.0 4200.0 6228834
8600.0 4300.0 3975404
8600.0 4400.0 1428909
8600.0 4500.0 5921648
8500.0 4400.0 115279
8400.0 4300.0 6052081
8300.0 4300.0 7456561
8400.0 4400.0 6765427
8300.0 4400.0 2299766
8400.0 4500.0 7808181
8400.0 4600.0 2873548
8300.0 4600.0 1903986
8400.0 4700.0 598605
8300.0 4700.0 525073
8300.0 4800.0 5125911
8400.0 4900.0 2847756
8400.0 4800.0 1785878
8300.0 4900.0 5811245
8400.0 5000.0 668668
8300.0 5000.0 4089227
8300.0 5100.0 4617184
8400.0 5200.0 1384072
8400.0 5100.0 803598
8300.0 5200.0 5191367
8400.0 5300.0 718328
8400.0 5400.0 2280783
8500.0 5400.0 5989541
8600.0 4600.0 146931
8600.0 4700.0 7907751
8600.0 4800.0 2075782
8600.0 4900.0 6971700
8600.0 5000.0 6419078
8600.0 5100.0 5039529
8600.0 5200.0 6380572
8600.0 5300.0 6229240
8600.0 5400.0 618328
8600.0 5500.0 174210
8500.0 5500.0 2767014
8600.0 5600.0 6966703
8500.0 5600.0 2527460
8400.0 5500.0 5270837
8300.0 5400.0 3866965
8300.0 5300.0 3438961
8200.0 5200.0 4921727
8200.0 5300.0 3481906
8200.0 5400.0 6923492
8200.0 5500.0 1575067
8200.0 5600.0 5141126
8300.0 5500.0 3157461
8400.0 5600.0 5956754
8300.0 5600.0 5696852
8300.0 5700.0 7293844
8400.0 5800.0 2035720
8500.0 5900.0 6350569
8600.0 5800.0 3249685
8600.0 5900.0 4761280
8500.0 5800.0 3200015
8600.0 5700.0 835128
8400.0 5700.0 3813890
8300.0 5800.0 5163028
8400.0 5900.0 5072164
8400.0 6000.0 3557399
8500.0 6100.0 6721537
8600.0 6000.0 1562313
8600.0 6100.0 5874807
8600.0 6200.0 5742694
8500.0 6200.0 3751065
8400.0 6100.0 7164680
8300.0 6000.0 4254439
8300.0 5900.0 513623
8200.0 5800.0 7543507
8200.0 5900.0 1846442
8200.0 6000.0 4696913
8200.0 6100.0 504092
8200.0 6200.0 3527025
8300.0 6100.0 2043769
8400.0 6200.0 6578071
8300.0 6200.0 191859
8300.0 6300.0 451186
8400.0 6300.0 4697638
8600.0 6300.0 3307993
8600.0 6400.0 5657568
8500.0 6400.0 1633244
8400.0 6400.0 4882029
8300.0 6500.0 1144440
8300.0 6600.0 3411855
8400.0 6800.0 3654034
8400.0 6600.0 2925709
8400.0 6500.0 7457363
8300.0 6400.0 7302239
8200.0 6300.0 2129549
8200.0 6400.0 7226938
8200.0 6500.0 4607271
8200.0 6600.0 3955151
8100.0 6500.0 1205150
8000.0 6600.0 7093600
8000.0 6500.0 269424
8100.0 6400.0 5647706
8000.0 6400.0 5680970
8000.0 6300.0 5952609
8100.0 6200.0 5138661
8000.0 6200.0 446836
8100.0 6300.0 5886561
7900.0 6500.0 7919714
7900.0 6400.0 3446066
7900.0 6300.0 2696675
7900.0 6200.0 6488305
7900.0 6100.0 2075378
8000.0 6100.0 1850638
8100.0 6100.0 5310341
8100.0 6000.0 1996410
8100.0 5900.0 3510427
8000.0 5900.0 6120114
8000.0 6000.0 7452926
7900.0 6000.0 3376320
7900.0 5900.0 4003352
7900.0 5800.0 1878098
8000.0 5800.0 4344463
8100.0 5800.0 3924755
8100.0 5700.0 4762139
8000.0 5700.0 1608553
8100.0 5600.0 7523203
8000.0 5600.0 4406239
7900.0 5700.0 3047269
7900.0 5600.0 6423081
7900.0 5500.0 2424297
8000.0 5500.0 5568557
8100.0 5500.0 7139063
8100.0 5400.0 6485574
8100.0 5300.0 3286735
8000.0 5300.0 3834092
8000.0 5400.0 5230192
7900.0 5300.0 6294986
7900.0 5200.0 3221279
8000.0 5200.0 3425189
8100.0 5200.0 1931506
8200.0 5100.0 5551438
8200.0 5000.0 7072049
8100.0 5100.0 281068
8100.0 5000.0 5704243
8000.0 5000.0 1315533
8000.0 5100.0 489912
7900.0 5100.0 3057168
7900.0 5000.0 2049710
8000.0 4900.0 6543543
8100.0 4900.0 4112884
8200.0 4800.0 6204674
8200.0 4900.0 2048356
8100.0 4800.0 1085847
8000.0 4800.0 7607003
7900.0 4800.0 4866109
7900.0 4900.0 542814
7800.0 5000.0 1266342
7800.0 4900.0 1009087
7700.0 4800.0 2265715
7800.0 4700.0 3850096
7700.0 4700.0 3164146
7800.0 4800.0 5379627
7700.0 4900.0 7123570
7600.0 5000.0 6272577
7700.0 5100.0 7841556
7700.0 5000.0 4665134
7800.0 5100.0 1637771
7800.0 5200.0 818361
7700.0 5200.0 226673
7600.0 5300.0 4125653
7700.0 5400.0 61423
7800.0 5300.0 4746201
7700.0 5300.0 7389550
7800.0 5400.0 3353274
7900.0 5400.0 2292595
7800.0 5500.0 5226975
7800.0 5600.0 2510156
7700.0 5600.0 6847277
7700.0 5700.0 3816905
7800.0 5800.0 6690464
7700.0 5800.0 2698336
7800.0 5900.0 3665732
7700.0 5900.0 7149826
7700.0 6000.0 998938
7800.0 6100.0 6000282
7800.0 6000.0 6235123
7700.0 6100.0 1141666
7600.0 6200.0 6999155
7700.0 6300.0 7548986
7800.0 6200.0 2798454
7700.0 6200.0 6185564
7800.0 6300.0 3645852
7800.0 6400.0 4296712
7700.0 6400.0 445878
7800.0 6500.0 5773271
7900.0 6600.0 3521017
7800.0 6600.0 6244993
7700.0 6500.0 6996733
7600.0 6400.0 6667877
7600.0 6300.0 2543725
7500.0 6200.0 3497600
7500.0 6300.0 4465773
7400.0 6200.0 2328178
7400.0 6300.0 441735
7500.0 6400.0 2944314
7600.0 6600.0 6795806
7500.0 6500.0 7280366
7400.0 6400.0 3115697
7300.0 6400.0 5260735
7400.0 6500.0 7357037
7500.0 6600.0 1991501
7400.0 6600.0 1152744
7300.0 6600.0 2276603
7200.0 6600.0 5222168
7200.0 6500.0 1418375
7200.0 6400.0 7029029
7300.0 6300.0 3730760
7200.0 6300.0 4046280
7100.0 6400.0 6972090
7100.0 6300.0 5893599
7200.0 6200.0 2086747
7100.0 6200.0 5423084
7000.0 6200.0 3554634
7000.0 6300.0 6893674
7000.0 6400.0 2914967
7000.0 6500.0 1734394
7100.0 6500.0 3823339
7100.0 6600.0 7560861
7000.0 6600.0 1811190
6900.0 6600.0 4992820
6900.0 6500.0 3060427
6800.0 6600.0 5521185
6800.0 6500.0 7173482
6700.0 6600.0 6873491
6700.0 6500.0 445149
6600.0 6500.0 2733925
6600.0 6600.0 83583
6500.0 6600.0 4807302
6500.0 6500.0 4096034
6400.0 6500.0 2488689
6400.0 6600.0 7884549
6300.0 6600.0 6354799
6300.0 6500.0 7819864
6200.0 6500.0 5394902
6200.0 6600.0 595360
6100.0 6500.0 1732999
6100.0 6600.0 2226551
6000.0 6500.0 6656754
6000.0 6600.0 7476105
5900.0 6600.0 4037457
5900.0 6500.0 5616608
5800.0 6600.0 944249
5800.0 6500.0 4880368
5700.0 6600.0 6200345
5700.0 6500.0 3737544
5600.0 6500.0 5041067
5600.0 6600.0 6600191
5500.0 6600.0 1534466
5500.0 6500.0 1408209
5400.0 6500.0 415546
5400.0 6600.0 6337362
5300.0 6600.0 1370465
5300.0 6500.0 845536
5200.0 6500.0 4050708
5200.0 6600.0 4300597
5100.0 6500.0 7754136
5100.0 6600.0 4394313
5000.0 6500.0 6760401
5000.0 6600.0 3630882
4900.0 6600.0 209460
4900.0 6500.0 7347889
4800.0 6600.0 5792530
4800.0 6500.0 6199681
4700.0 6600.0 5591631
4700.0 6500.0 4887640
4600.0 6500.0 5461692
4600.0 6600.0 2404702
4500.0 6600.0 657765
4400.0 6500.0 6903031
4400.0 6600.0 1238501
4300.0 6600.0 4808227
4300.0 6500.0 6763185
4200.0 6500.0 2576579
4200.0 6600.0 7029579
4100.0 6500.0 7630265
4100.0 6600.0 1448872
4000.0 6500.0 1568312
4000.0 6600.0 2831829
3900.0 6600.0 5154527
3900.0 6500.0 3335562
3900.0 6400.0 6950821
3800.0 6400.0 2489302
3900.0 6300.0 6946094
3900.0 6200.0 5966409
3800.0 6300.0 2208000
3700.0 6400.0 7455266
3700.0 6300.0 860181
3800.0 6200.0 1202041
3700.0 6200.0 6258030
3600.0 6100.0 1900586
3600.0 6200.0 2341255
3600.0 6300.0 3849765
3600.0 6400.0 526213
3600.0 6500.0 5167848
3700.0 6500.0 2391408
3800.0 6500.0 689113
3700.0 6600.0 4091124
3700.0 6800.0 4767304
3600.0 6600.0 3239115
3500.0 6500.0 1293361
3500.0 6600.0 3990878
3400.0 6600.0 1368605
3400.0 6500.0 3899246
3300.0 6400.0 2471676
3400.0 6400.0 940515
3500.0 6300.0 4159056
3400.0 6300.0 1052630
3500.0 6200.0 5037803
3400.0 6200.0 3624265
3300.0 6300.0 5561986
3300.0 6200.0 4933539
3300.0 6100.0 4386134
3300.0 6000.0 592133
3400.0 6100.0 1205922
3400.0 6000.0 453776
3500.0 6000.0 908053
3600.0 5900.0 900045
3600.0 6000.0 3434679
3500.0 5900.0 389004
3400.0 5900.0 1206963
3300.0 5800.0 582705
3400.0 5800.0 4164329
3500.0 5800.0 7089918
3400.0 5700.0 4593615
3400.0 5600.0 660035
3300.0 5700.0 4980018
3300.0 5600.0 3800595
3300.0 5500.0 1801861
3400.0 5500.0 7091234
3500.0 5500.0 1208778
3600.0 5400.0 1620445
3600.0 5500.0 7219364
3500.0 5400.0 211990
3400.0 5400.0 4347532
3500.0 5300.0 536835
3400.0 5300.0 509882
3300.0 5400.0 3551406
3300.0 5300.0 4982285
3300.0 5200.0 7772469
3400.0 5200.0 7513860
3500.0 5200.0 2789166
3600.0 5100.0 772270
3700.0 5100.0 7335406
3600.0 5200.0 6872953
3500.0 5100.0 4781668
3400.0 5100.0 3609375
3400.0 5000.0 3511917
3300.0 5100.0 3810405
3300.0 5000.0 502075
3400.0 4900.0 6120878
3500.0 4900.0 6993858
3400.0 4800.0 5930015
3400.0 4700.0 1197884
3300.0 4800.0 2869152
3300.0 4700.0 5029505
3300.0 4600.0 3990841
3400.0 4600.0 7716428
3500.0 4600.0 282373
3400.0 4500.0 6680552
3500.0 4400.0 7374495
3400.0 4400.0 3504701
3300.0 4500.0 4625568
3300.0 4400.0 6388014
3400.0 4300.0 3823916
3600.0 4100.0 4700971
3700.0 4200.0 2575481
3600.0 4200.0 64350
3500.0 4200.0 4642940
3400.0 4200.0 3371750
3400.0 4100.0 6116376
3300.0 4200.0 4628277
3300.0 4100.0 222950
3300.0 4000.0 4494974
3400.0 4000.0 3562077
3400.0 3900.0 6835010
3500.0 3800.0 2989201
3400.0 3800.0 6360366
3300.0 3900.0 5041573
3300.0 3800.0 6865462
3300.0 3700.0 5581400
3400.0 3700.0 7790612
3400.0 3600.0 2378228
3300.0 3600.0 89373
3400.0 3500.0 6340429
3300.0 3400.0 7359939
3400.0 3400.0 7804249
3500.0 3400.0 2834839
3400.0 3300.0 885208
3500.0 3200.0 4875825
3400.0 3200.0 2179086
3300.0 3300.0 6589113
3300.0 3200.0 511455
3300.0 3100.0 6164344
3400.0 3100.0 2969706
3500.0 3000.0 2382443
3400.0 3000.0 1724699
3300.0 3000.0 6448015
3400.0 2900.0 4722648
3300.0 2800.0 7804179
3400.0 2800.0 7109260
3500.0 2800.0 7191381
3700.0 2700.0 1915868
3800.0 2600.0 2264167
3900.0 2500.0 6624985
3800.0 2500.0 4135745
3700.0 2600.0 7566435
3600.0 2600.0 1842812
3600.0 2700.0 4688616
3600.0 2800.0 5581306
3500.0 2700.0 4225659
3400.0 2700.0 3383021
3500.0 2600.0 1772984
3400.0 2600.0 2464155
3300.0 2700.0 2980318
3300.0 2600.0 7429942
3300.0 2500.0 1396789
