# C:\Users\gielpa\PycharmProjects\Genetic-Algorithm\data-bak\u574.tsp\data
629.57 680.86 289722
756.5 772.7 648660
781.89 772.7 848481
807.3 772.7 705091
1010.51 899.71 498449
1035.9 874.3 609143
1090.61 921.19 874546
1090.61 971.99 523357
1090.61 997.4 620178
1112.11 1001.31 944631
1239.1 1102.89 51181
1366.09 1001.31 768948
1467.7 975.9 227659
1598.59 997.4 537679
1700.2 1149.8 613398
1700.2 1175.2 806337
1636.7 1226.0 81330
1598.59 1251.41 651839
1543.91 1306.09 24771
1531.19 1229.9 193018
1645.51 1306.09 193702
1649.39 1378.4 675496
1624.0 1429.2 60618
1624.0 1454.61 142066
1598.59 1505.39 192777
1543.91 1509.3 520162
1518.5 1433.11 678104
1370.0 1505.39 812665
1340.7 1509.3 686035
1391.5 1433.11 892241
1416.89 1306.09 555436
1455.0 1280.7 436023
1408.11 1226.0 105371
1370.0 1251.41 129725
1344.61 1251.41 58137
1217.6 1353.01 638683
1166.8 1353.01 808876
1154.1 1276.8 161688
1090.61 1314.9 612143
1065.2 1327.6 983486
1039.8 1353.01 262010
1035.9 1306.09 746778
1023.2 1280.7 504475
883.5 1102.89 747658
858.11 1064.8 37759
811.19 1048.2 44499
705.7 1001.31 329094
633.4 921.19 69400
633.4 997.4 219571
654.9 1026.7 101045
658.81 1048.2 134162
658.81 1073.59 126758
654.9 1102.89 232795
756.5 1153.69 324860
760.39 1175.2 927977
861.99 1302.21 349205
760.39 1276.8 75912
658.81 1353.01 776279
709.61 1530.8 420179
735.0 1581.6 617167
620.7 1683.2 640653
658.81 1734.0 209670
658.81 1784.8 186373
608.01 1797.5 346267
654.9 1890.29 227360
705.7 1915.7 844161
756.5 1915.7 466311
756.5 1890.29 830656
781.89 1890.29 28096
836.6 1886.41 103619
781.89 1839.49 372589
756.5 1788.69 17155
781.89 1763.3 574262
807.3 1763.3 604090
781.89 1712.5 452925
756.5 1661.7 163141
807.3 1661.7 847666
832.7 1585.51 603757
896.19 1420.39 189368
959.71 1344.2 449357
963.59 1403.81 769727
963.59 1454.61 909596
1010.51 1483.91 944973
1035.9 1483.91 101113
1137.5 1534.71 407716
1137.5 1483.91 112591
1213.69 1458.5 234137
1268.4 1505.39 16489
1268.4 1556.19 222566
1315.29 1585.51 727923
1366.09 1585.51 841540
1370.0 1632.4 329594
1344.61 1632.4 904067
1344.61 1683.2 753385
1319.2 1784.8 166469
1141.41 1937.21 186420
1039.8 1911.8 879317
1010.51 1903.01 186579
1061.31 1839.49 266618
1112.11 1864.9 672265
1112.11 1814.1 618685
1188.3 1788.69 961549
1213.69 1788.69 594061
1239.1 1763.3 129257
1213.69 1712.5 825331
1239.1 1712.5 553124
1213.69 1661.7 630659
1166.8 1632.4 866198
1192.21 1581.6 690100
1166.8 1568.91 734744
1061.31 1661.7 501696
1039.8 1632.4 349253
963.59 1708.59 899208
938.2 1759.39 506360
874.71 1784.8 898475
883.5 1814.1 493113
908.91 1814.1 885823
959.71 1788.69 383388
985.1 1788.69 968593
985.1 1763.3 551716
1014.39 1759.39 225801
1014.39 1784.8 213549
989.0 1835.61 934858
938.2 1962.6 502008
887.4 1949.9 952326
861.99 1937.21 606862
709.61 2064.2 383263
595.29 2165.8 301195
491.99 2214.8 431864
514.49 2297.3 341195
870.8 2042.7 662904
912.79 2013.4 169308
912.79 2064.2 115720
997.79 2182.4 821874
1035.9 2118.91 907992
1035.9 2093.5 622868
1086.7 2080.8 431058
1099.39 2055.39 606269
1112.11 2030.0 194011
1141.41 2089.61 211880
1188.3 2144.3 648066
1264.49 2118.91 389596
1289.9 2144.3 881735
1353.4 2106.19 781932
1302.6 2004.61 186159
1391.5 2080.8 434989
1442.3 2042.7 185285
1467.7 2042.7 793015
1493.11 2042.7 777839
1522.4 2026.09 877715
1518.5 2118.91 281106
1569.3 2042.7 659764
1569.3 1890.29 891923
1594.71 1814.1 769049
1573.2 1784.8 571955
1522.4 1835.61 345249
1496.99 1886.41 608428
1471.6 1886.41 545134
1446.19 1886.41 608585
1493.11 1814.1 298821
1467.7 1788.69 727495
1493.11 1788.69 162297
1518.5 1788.69 243273
1543.91 1737.89 603239
1594.71 1610.9 572439
1763.69 1784.8 314317
1700.2 1784.8 704417
1645.51 1941.09 149983
1721.7 1991.89 706773
1772.5 1966.5 572100
1797.89 1966.5 404447
1836.0 1966.5 539654
1861.41 1890.29 434247
1886.8 1890.29 207839
1848.69 1814.1 782939
1874.1 1814.1 499554
1899.49 1814.1 256947
1950.29 1788.69 369731
1975.7 1788.69 505372
1975.7 1839.49 575245
2001.09 1839.49 884465
2051.89 1839.49 141676
2051.89 1788.69 542641
2026.5 1737.89 858472
2077.3 1712.5 151706
2128.11 1687.11 709956
2204.3 1737.89 607650
2204.3 1788.69 737753
2382.11 1636.31 145222
2445.61 1585.51 16261
2483.69 1585.51 937621
2525.7 1581.6 783225
2474.9 1556.19 790834
2449.49 1556.19 540964
2386.0 1530.8 82667
2360.61 1530.8 443758
2382.11 1471.19 26462
2360.61 1403.81 497072
2335.2 1403.81 246726
2293.2 1356.89 38925
2331.31 1331.5 15970
2297.11 1276.8 829724
2246.31 1276.8 961894
2195.51 1353.01 53102
2157.4 1403.81 155182
2157.4 1429.2 340811
2208.2 1480.0 787137
2081.19 1606.99 849129
2030.39 1657.79 614996
1954.2 1734.0 556866
1903.4 1708.59 838659
1827.21 1632.4 271804
1776.41 1734.0 679992
1772.5 1712.5 22775
1747.11 1636.31 509605
1772.5 1534.71 479323
1772.5 1509.3 302781
1747.11 1433.11 470697
1696.31 1382.3 455730
1772.5 1306.09 404687
1772.5 1255.29 626320
1759.8 1229.9 294218
1899.49 1280.7 263159
1924.9 1280.7 704948
1950.29 1280.7 375381
1966.89 1327.6 916160
1941.5 1340.29 402856
1928.81 1403.81 298336
1903.4 1403.81 400488
1878.01 1403.81 108691
1903.4 1480.0 793761
1966.89 1606.99 842520
1937.6 1610.9 514181
1975.7 1534.71 311179
2026.5 1483.91 15958
2005.0 1454.61 214471
2051.89 1458.5 69335
2128.11 1509.3 940871
2128.11 1458.5 52514
2081.19 1403.81 29231
2005.0 1353.01 35949
2077.3 1280.7 781026
2140.8 1280.7 460948
2191.6 1229.9 209534
2229.71 1229.9 101433
2255.1 1229.9 7574
2293.2 1229.9 819214
2356.7 1280.7 151343
2356.7 1331.5 376942
2407.5 1369.61 42928
2509.1 1382.3 103001
2521.8 1356.89 862298
2534.49 1382.3 738472
2585.29 1331.5 761521
2813.91 1483.91 783132
2851.99 1458.5 552336
2792.4 1530.8 652858
2766.99 1530.8 265100
2737.7 1572.79 283045
2763.11 1585.51 49491
2792.4 1581.6 28405
2678.11 1695.9 187311
2665.41 1759.39 401727
2737.7 1826.8 714465
2788.5 1788.69 431603
2868.59 1861.0 952543
2915.51 1864.9 227536
2944.8 1886.41 83909
2995.61 1975.29 155496
2894.0 1975.29 508308
2817.79 1975.29 563619
2728.91 1937.21 814011
2728.91 1886.41 744161
2652.7 1873.69 671026
2623.4 1877.6 7622
2614.61 1835.61 593644
2585.29 1814.1 81480
2589.2 1784.8 678196
2538.4 1810.2 249811
2513.01 1784.8 677677
2386.0 1861.0 231203
2259.0 1962.6 320114
2220.9 1937.21 758563
2182.79 1924.49 481114
2005.0 1937.21 735086
1979.61 2038.81 571986
1954.2 2038.81 273627
1916.09 2076.89 118784
1852.6 2140.39 554083
1827.21 2165.8 485493
1814.49 2229.3 30544
1874.1 2156.99 949420
1950.29 2093.5 954132
2001.09 2093.5 353009
2051.89 2118.91 956076
2081.19 2115.0 522796
2081.19 2191.19 256498
2153.5 2195.1 520715
2229.71 2258.59 399251
2331.31 2144.3 203957
2309.8 2140.39 435860
2259.0 2140.39 889788
2233.59 2140.39 358702
2208.2 2140.39 906467
2144.71 2089.61 809658
2166.19 2080.8 632177
2229.71 2042.7 505423
2255.1 2042.7 191392
2356.7 2068.11 796489
2436.8 2140.39 482771
2382.11 2144.3 776788
2407.5 2068.11 400593
2432.89 2055.39 739825
2432.89 2030.0 833444
2436.8 2026.09 621997
2483.69 2042.7 887270
2509.1 2042.7 264520
2563.81 2102.3 720418
2538.4 2165.8 649194
2585.29 2106.19 321021
2661.5 2068.11 295721
2661.5 2042.7 150725
2703.5 2076.89 659658
2661.5 2144.3 808276
2686.89 2144.3 431034
2716.19 2140.39 237422
2813.91 2245.9 777135
2813.91 2118.91 985754
2843.2 2115.0 455985
2902.79 2195.1 903168
3017.11 2195.1 227896
2979.0 2106.19 884843
3017.11 2042.7 901617
3042.5 2042.7 465868
3055.2 2106.19 746248
3080.61 2106.19 499915
3131.41 2118.91 88562
3194.9 2042.7 958273
3220.29 2042.7 608614
3220.29 2068.11 440085
3258.4 2093.5 480757
3224.2 2115.0 709990
3433.5 2345.29 260695
3516.0 2322.79 125888
3360.0 1991.89 218129
3410.8 1979.2 356355
3398.11 1915.7 232358
3436.19 1852.21 505165
3401.99 1835.61 94104
3360.0 1788.69 34588
3398.11 1788.69 951111
3398.11 1712.5 294219
3372.7 1598.2 408560
3398.11 1598.2 209767
3423.5 1585.51 319687
3423.5 1483.91 670036
3376.6 1403.81 754553
3351.19 1454.61 371324
3300.41 1530.8 630555
3300.41 1581.6 956774
3249.61 1632.4 332094
3271.09 1661.7 145834
3296.5 1661.7 610550
3325.8 1708.59 667013
3275.0 1734.0 495044
3300.41 1784.8 86419
3338.5 1835.61 607371
3325.8 1861.0 64892
3338.5 1911.8 476964
3300.41 1988.01 801777
3300.41 2038.81 947140
3233.01 2017.3 269636
3207.6 1953.81 98907
3233.01 1941.09 167291
3233.01 1877.6 71557
3233.01 1801.41 708256
3173.4 1810.2 701536
3173.4 1886.41 407421
3093.3 1966.5 590227
3131.41 1915.7 626537
3106.0 1864.9 112615
3093.3 1788.69 296362
3046.41 1721.31 900172
3008.3 1734.0 414419
3021.0 1784.8 659542
2944.8 1759.39 209072
2894.0 1784.8 257557
2868.59 1784.8 171584
2843.2 1784.8 850084
2864.71 1737.89 948370
2890.1 1610.9 166480
2940.9 1560.1 366558
2991.7 1534.71 33619
3046.41 1480.0 3127
2915.51 1407.7 727906
2864.71 1344.2 549195
2890.1 1344.2 31643
2940.9 1306.09 444612
2940.9 1268.01 317961
3004.39 1229.9 616561
3042.5 1204.49 601545
3033.69 1276.8 726205
3055.2 1356.89 945025
3106.0 1356.89 798079
3148.01 1454.61 649826
3109.9 1581.6 559789
3169.49 1598.2 341475
3169.49 1560.1 729335
3169.49 1534.71 636823
3194.9 1509.3 339321
3233.01 1509.3 122765
3275.0 1403.81 738152
3224.2 1378.4 939257
3198.81 1378.4 953207
3194.9 1356.89 488406
3182.21 1331.5 254341
3194.9 1268.01 279196
3173.4 1251.41 107033
3122.6 1226.0 15194
3144.1 1204.49 519363
3169.49 1179.1 542569
3207.6 1166.41 244086
3245.7 1153.69 641062
3271.09 1153.69 437375
3249.61 1226.0 334855
3283.81 1280.7 121682
3309.2 1217.21 949424
3347.3 1204.49 913084
3452.79 1111.7 450300
3325.8 997.4 421640
3300.41 997.4 95766
3275.0 1022.79 349336
3224.2 997.4 38518
3245.7 950.51 803052
3309.2 772.7 757779
3347.3 772.7 628482
3491.99 683.01 116057
3536.99 683.01 424217
3564.0 710.0 654874
3463.44 683.01 142233
3122.6 921.19 245523
3021.0 971.99 428775
3067.89 1001.31 176030
3093.3 1001.31 334510
3144.1 1001.31 828310
3173.4 1048.2 225200
3097.21 1022.79 723923
3021.0 1073.59 4942
2995.61 1149.8 269608
2940.9 1090.2 795971
2902.79 1026.7 96815
2928.2 963.2 344611
2966.31 874.3 655730
2855.9 971.99 696302
2868.59 997.4 914405
2894.0 1099.0 448851
2792.4 1149.8 674081
2830.51 1213.3 664225
2805.1 1213.3 225262
2843.2 1276.8 11168
2830.51 1327.6 935058
2805.1 1327.6 570563
2792.4 1276.8 518599
2699.61 1293.4 492439
2699.61 1217.21 979132
2640.0 1175.2 358286
2661.5 1090.2 390504
2716.19 1073.59 564794
2665.41 1048.2 835472
2589.2 1099.0 358107
2572.6 1026.7 453438
2576.5 946.6 590715
2551.09 1022.79 528417
2500.29 1099.0 291072
2538.4 1200.61 691109
2513.01 1200.61 357596
2382.11 1052.11 286842
2394.8 1026.7 471958
2394.8 1001.31 233578
2420.2 975.9 337457
2432.89 899.71 500352
2496.41 836.19 381269
2534.49 823.5 294595
2559.9 823.5 200593
2610.7 836.19 164646
2737.7 823.5 636343
2763.11 823.5 412912
2788.5 823.5 206080
2839.3 823.5 526562
2884.61 676.6 170701
2889.61 671.6 288227
2886.68 674.51 623267
2630.61 676.6 612010
2632.7 674.51 806939
2635.61 671.6 206735
2659.12 606.8 861275
2409.71 683.01 901691
2293.26 680.86 540085
2290.35 677.95 688090
2223.42 680.86 642822
2220.51 677.95 16919
2172.62 680.86 925394
2169.71 677.95 426522
2093.5 677.95 105538
2096.41 680.86 678535
2318.59 874.3 920802
2347.89 908.5 969245
2284.39 870.39 679024
2259.0 870.39 163001
2246.31 895.8 647541
2170.1 883.11 68444
2233.59 921.19 108432
2331.31 1026.7 541006
2360.61 1022.79 77652
2398.69 1073.59 428064
2373.3 1099.0 430130
2386.0 1124.39 852813
2347.89 1149.8 534038
2309.8 1149.8 942625
2182.79 1073.59 404820
2195.51 1149.8 193622
2131.99 1149.8 603175
2068.5 1149.8 554351
2030.39 1149.8 967960
1912.21 1153.69 696337
1928.81 1022.79 721601
1903.4 1022.79 66564
1852.6 1073.59 29224
1721.7 1001.31 522499
1772.5 1001.31 600536
1823.3 1014.0 747821
1823.3 988.59 192912
1861.41 950.51 648835
1928.81 895.8 464372
1865.29 921.19 96316
1747.11 899.71 81079
1747.11 874.3 684817
1747.11 848.91 136379
1747.11 823.5 730662
1747.11 798.11 190845
1700.2 794.2 523666
1700.2 819.61 616249
1649.39 794.2 475559
1649.39 870.39 269990
1624.0 895.8 810452
1518.5 899.71 458072
1531.19 874.3 953798
1543.91 848.91 762707
1522.4 819.61 297394
1471.6 870.39 885475
1420.8 857.7 924087
1395.39 845.0 209809
1395.39 895.8 611217
1344.61 895.8 923109
1217.6 908.5 456878
1166.8 870.39 946109
1141.41 857.7 482049
1137.5 899.71 110894
1217.6 819.61 134636
1154.1 794.2 117498
1065.2 768.81 454874
1039.8 781.5 351833
1014.39 794.2 124673
826.41 680.86 814081
823.5 677.95 731285
750.21 680.86 353781
747.3 677.95 774706
667.66 680.86 287308
664.75 677.95 618062
652.7 606.8 980079
491.99 755.0 410625
491.99 710.0 879023
519.0 683.01 785513
626.64 677.95 499517
