# C:\Users\gielpa\PycharmProjects\Genetic-Algorithm\data-bak\u724.tsp\data
605.61 796.6 1152228
681.8 1025.2 178336
605.61 1152.21 780862
605.61 1253.81 81966
656.41 1736.41 454794
808.81 2041.19 78135
726.25 1825.29 376797
758.01 1863.4 341805
783.4 1736.41 25919
808.81 1736.41 23862
758.01 1101.41 43635
758.01 796.6 142828
758.01 821.99 205962
872.3 733.11 845646
885.0 2066.6 404928
872.3 1787.21 69095
935.8 1965.0 967278
910.39 707.7 632178
935.8 1812.6 685292
935.8 1761.8 375156
935.8 1177.6 724165
986.6 1380.8 1036411
1011.99 898.2 422435
986.6 1203.01 325205
986.6 1152.21 757962
986.6 821.99 70736
1011.99 796.6 1033479
986.6 923.59 905881
1062.79 1126.8 142528
1113.59 1431.6 842899
1139.0 1482.4 1032027
1189.8 949.0 581487
1189.8 1253.81 794849
1240.61 1507.79 464193
1291.41 1355.39 974663
1266.0 1253.81 755151
1189.8 1101.41 120674
1189.8 1380.8 908667
1113.59 1152.21 223864
1113.59 821.99 416748
1189.8 707.7 1067811
1151.7 733.11 752225
1113.59 923.59 1110776
1113.59 1101.41 48064
1113.59 1228.4 512264
1113.59 949.0 52757
1113.59 1406.19 560302
1139.0 860.1 833932
1189.8 733.11 438463
1240.61 1711.0 528438
1266.0 1736.41 601541
1291.41 1863.4 227850
1278.69 2047.56 631393
1285.06 2053.91 950837
1291.41 2041.19 385560
1329.49 1958.65 806392
1291.41 1965.0 586770
1323.14 1952.3 1150687
1316.8 1787.21 178114
1342.21 1863.4 313136
1329.49 1945.96 1034796
1335.86 1952.3 829402
1164.39 2244.39 711273
1164.39 2091.99 338933
1189.8 1584.0 712727
1215.2 1711.0 868645
1164.39 1634.8 668155
1164.39 1787.21 702905
1189.8 1863.4 349295
1189.8 2244.39 285447
1266.0 2168.2 849384
1278.69 2060.25 333924
1272.34 2053.91 980962
1240.61 2041.19 330760
1227.89 1958.65 387062
1234.26 1952.3 1076038
1240.61 1965.0 906741
1291.41 1609.39 664489
1291.41 1076.0 1030168
1266.0 707.7 2964
1189.8 847.4 208042
1139.0 1533.2 547131
1113.59 2028.5 953743
1088.2 2244.39 602508
1088.2 2079.3 671917
999.3 2180.9 984812
1011.99 1736.41 404264
1062.79 1685.61 1074905
1037.4 1634.8 697894
1113.59 1863.4 44437
1062.79 771.19 835626
1062.79 821.99 190769
1024.71 1279.2 238037
986.6 1507.79 203030
1037.4 872.79 844642
1037.4 1482.4 729689
1011.99 1609.39 910747
961.19 1711.0 734328
999.3 733.11 1136552
1011.99 1901.5 271134
1037.4 1914.2 854669
1062.79 1736.41 635896
1062.79 1609.39 412234
1240.61 2244.39 52673
1342.21 1939.61 585589
1291.41 2168.2 778644
1316.8 1584.0 204363
1266.0 1685.61 402806
1215.2 1787.21 1065319
1189.8 1965.0 1061989
1215.2 2041.19 271317
1240.61 1863.4 1011643
1227.89 1945.96 14694
1221.54 1952.3 783151
1189.8 2091.99 951540
1215.2 2168.2 220697
1367.6 1634.8 455694
1494.61 2244.39 53065
1520.0 2028.5 402939
1570.8 1812.6 86496
1596.19 1812.6 898173
1570.8 2244.39 274051
1672.4 1939.61 525743
1710.51 1996.76 526694
1716.86 2003.11 988331
1748.59 2015.8 1111275
1850.2 2142.79 768988
1875.61 2244.39 186992
1951.8 2091.99 618926
1913.69 2079.3 939159
1977.21 2244.39 802944
1799.39 2168.2 276628
1850.2 2219.0 323125
1824.8 1634.8 744007
1774.0 1736.41 437325
1723.2 1761.8 391369
1799.39 1507.79 5826
1799.39 1456.99 843133
1799.39 1228.4 8556
1761.31 1228.4 871924
1748.59 1431.6 488749
1862.89 949.0 513538
1786.7 707.7 404984
1901.0 898.2 373800
1926.41 872.79 92524
1774.0 1939.61 763228
1774.0 1812.6 176413
1748.59 1634.8 369955
1748.59 1888.81 250040
1672.4 1761.8 312291
1672.4 1812.6 795250
1723.2 1406.19 90405
1723.2 1330.0 1007677
1723.2 999.8 482821
1710.51 733.11 1004563
1697.79 821.99 575838
1723.2 1152.21 1124024
1672.4 1076.0 258304
1646.99 1304.61 430462
1723.2 1076.0 1018112
1748.59 898.2 886379
1723.2 1203.01 296088
1799.39 796.6 815190
1748.59 733.11 401661
1799.39 999.8 700264
1824.8 987.11 533326
1723.2 1990.39 417403
1697.79 1939.61 777607
1704.14 2003.11 695638
1710.51 2009.45 2098
1646.99 2244.39 1030238
1774.0 1965.0 1094829
1926.41 923.59 21644
1913.69 707.7 704842
2002.6 923.59 463485
1951.8 707.7 384335
1926.41 796.6 13446
1989.9 707.7 300382
1977.21 796.6 393983
2028.01 796.6 193150
2066.09 733.11 654621
2104.2 796.6 938466
2028.01 707.7 399527
2002.6 872.79 470906
2155.0 1253.81 577427
2161.35 1266.5 20776
2167.7 1272.85 798852
2205.8 1558.59 319993
2281.99 1761.8 870792
2332.79 1558.59 283811
2358.2 1126.8 399119
2447.11 1584.0 19610
2383.59 2142.79 450101
2358.2 2066.6 786637
2383.59 2015.8 486956
2434.39 1406.19 169481
2409.0 2015.8 1046547
2434.39 2053.91 701501
2434.39 1355.39 485989
2459.8 796.6 820575
2459.8 1330.0 292333
2421.7 974.39 3691
2409.0 872.79 894560
2459.8 974.39 491987
2485.2 1279.2 913051
2536.0 796.6 1080275
2523.3 1355.39 533203
2523.3 1584.0 827511
2561.41 1939.61 835656
2561.41 2244.39 688926
2510.61 2142.79 77823
2713.81 2244.39 966639
2713.81 2142.79 41230
2701.09 2079.3 703963
2688.4 1126.8 498641
2663.01 1761.8 122247
2663.01 1050.61 825744
2637.6 1101.41 83273
2612.21 1152.21 540940
2637.6 1355.39 188440
2561.41 1558.59 458596
2586.8 1939.61 214042
2612.21 1812.6 700671
2586.8 1761.8 251997
2561.41 1812.6 117743
2561.41 1761.8 1031112
2612.21 999.8 95026
2701.09 1291.89 722222
2764.61 1126.8 869611
2790.0 1152.21 279869
2840.8 1126.8 96914
2790.0 821.99 277089
2739.2 821.99 34511
2713.81 872.79 496660
2612.21 796.6 1104750
2434.39 1304.61 169171
2497.89 834.71 538279
2536.0 872.79 179363
2561.41 821.99 628926
2612.21 834.71 1090768
2574.1 949.0 729907
2561.41 796.6 473942
2561.41 999.8 529775
2586.8 1101.41 957749
2510.61 1177.6 45227
2536.0 1203.01 192311
2472.5 1558.59 322346
2561.41 2066.6 203014
2637.6 2219.0 963670
2586.8 2104.71 902382
2561.41 2104.71 11889
2637.6 2244.39 1010452
2637.6 2142.79 959192
2536.0 1456.99 122261
2497.89 1101.41 331721
2447.11 1558.59 620688
2383.59 1469.71 127237
2281.99 1812.6 1029277
2231.19 2041.19 476450
2434.39 2219.0 990369
2440.74 2231.7 1116493
2459.8 2244.39 700242
2453.46 2231.7 255863
2447.11 2225.35 70035
2358.2 1812.6 354453
2383.59 1939.61 195715
2307.4 2142.79 105644
2256.6 2142.79 146894
2332.79 1939.61 225511
2370.9 1101.41 722480
2231.19 2142.79 646784
2167.7 2079.3 874187
2129.61 2244.39 54309
2129.61 2041.19 130855
2180.39 2219.0 386531
2078.81 2142.79 613164
2078.81 2244.39 49752
2078.81 2066.6 51787
2028.01 2244.39 1085748
2053.4 2117.4 1833
2028.01 2142.79 572220
2053.4 2219.0 700464
2002.6 2066.6 307539
1977.21 2066.6 673474
3018.59 2193.59 912032
3044.0 2142.79 909495
3044.0 2219.0 254455
2967.79 2168.2 314713
2980.51 2104.71 428749
3069.39 2219.0 724072
3069.39 2142.79 411814
3132.91 2117.4 337344
3209.1 1952.3 660499
3196.41 2066.6 580142
3120.2 2015.8 389249
3171.0 1812.6 525315
3107.5 1584.0 325635
3094.8 1965.0 690776
3069.39 2015.8 338884
2993.2 1939.61 795453
2993.2 2015.8 372032
2967.79 2066.6 164321
2993.2 898.2 779534
3018.59 1050.61 98138
3044.0 872.79 864623
3069.39 949.0 818637
3069.39 796.6 186167
3069.39 898.2 1032413
3120.2 796.6 1010296
3171.0 923.59 944115
3120.2 1050.61 728719
3171.0 999.8 647857
3145.61 1050.61 632720
3120.2 1126.8 160502
3145.61 872.79 932189
3094.8 1304.61 372490
2993.2 949.0 921371
2967.79 796.6 706731
2993.2 796.6 578227
2840.8 872.79 531771
2815.41 796.6 672141
2802.7 1215.7 147931
2828.11 1330.0 1075522
2790.0 1380.8 603469
2802.7 1330.0 45129
2891.6 1101.41 209680
2866.19 1050.61 946084
2853.5 974.39 569986
2866.19 1253.81 792484
2739.2 796.6 1133256
2764.61 1279.2 155996
2840.8 1279.2 839224
2916.99 1253.81 156006
2904.3 1025.2 317396
2916.99 1406.19 332528
2891.6 1342.7 582720
2866.19 1342.7 270681
2815.41 1431.6 793648
2853.5 1456.99 1074535
2840.8 1761.8 633203
2790.0 1634.8 547796
2840.8 1685.61 125995
2726.5 1939.61 589089
2790.0 1939.61 1005149
2790.0 2015.8 924110
2739.2 1825.29 1125886
2764.61 1507.79 588338
2790.0 1431.6 227778
2790.0 1584.0 136200
2764.61 1761.8 920754
2815.41 1761.8 803598
2739.2 1571.31 681907
2840.8 2117.4 847982
2866.19 2142.79 38598
2967.79 1126.8 949937
3018.59 1126.8 179517
3044.0 1050.61 1021747
3069.39 1304.61 80777
3005.9 1228.4 876081
3044.0 1380.8 173169
3120.2 1177.6 62444
3145.61 1253.81 127804
3171.0 1177.6 497680
3120.2 1380.8 71548
3298.01 2168.2 1050612
3488.5 1157.4 196969
3505.18 1167.4 618298
3508.5 1194.06 779829
3488.5 1260.74 129357
3505.18 1240.74 536975
3498.5 1220.74 262284
3508.5 1197.4 1137756
3498.5 1170.74 367988
3495.18 1160.74 333621
3488.5 1127.4 21472
3498.5 1120.74 1079343
3488.5 1097.4 690859
3488.5 1094.06 1031703
3508.5 1077.4 820191
3498.5 1057.4 719556
3498.5 1050.74 105011
3508.5 1037.4 177209
3488.5 1020.74 16803
3508.5 1000.74 400175
3425.0 999.8 711618
3488.5 907.4 811508
3488.5 927.4 1008626
3495.18 940.74 461942
3495.18 920.74 565112
3508.5 900.74 632192
3498.5 894.06 902750
3508.5 880.74 1045773
3488.5 860.74 200555
3450.41 872.79 1011369
3348.81 771.19 742643
3323.4 707.7 924727
3272.6 847.4 55288
3221.8 999.8 212154
3323.4 974.39 185686
3374.2 898.2 730033
3298.01 847.4 603291
3196.41 796.6 166247
3196.41 1266.5 455799
3221.8 2168.2 985973
3272.6 1101.41 534962
3272.6 1025.2 944134
3298.01 923.59 1095609
3272.6 2041.19 346185
3298.01 1990.39 391361
3348.81 2066.6 623762
3399.61 1812.6 132319
3361.5 1787.21 1036143
3336.09 1914.2 349539
3361.5 1990.39 631560
3399.61 2066.6 62415
3272.6 1761.8 922673
3234.49 1799.9 964860
3272.6 1507.79 89921
3298.01 1558.59 1040538
3247.21 1634.8 505848
3405.96 2211.31 68004
3410.96 2216.31 271988
3405.96 2231.31 873043
3395.96 2231.31 1067183
3495.18 2167.56 126602
3498.5 2157.56 673116
3498.5 2150.9 969591
3498.5 2140.9 96663
3488.5 2120.9 1119527
3505.18 2100.9 489874
3498.5 2080.9 868640
3488.5 2057.56 760112
3488.5 2054.24 239331
3498.5 2037.56 1065582
3488.5 2040.9 898817
3498.5 2020.9 666486
3495.18 2000.9 452788
3508.5 1997.56 1154640
3498.5 1977.56 33638
3498.5 1970.9 525281
3495.18 1960.9 459921
3508.5 1957.56 550740
3488.5 1927.56 228892
3498.5 1920.9 458320
3488.5 1897.56 370766
3488.5 1894.24 267941
3508.5 1877.56 1120007
3498.5 1857.56 158973
3498.5 1850.9 188811
3508.5 1837.56 152294
3488.5 1820.9 1120826
3508.5 1800.9 549623
3437.7 1850.7 184679
3348.81 1406.19 1128147
3348.81 1507.79 714312
3348.81 1456.99 493468
3323.4 1761.8 354643
3323.4 1863.4 312319
3323.4 1634.8 16864
3374.2 1685.61 760068
3399.61 1914.2 837569
3412.3 1977.7 588150
3399.61 1685.61 406417
3399.61 1558.59 537698
3425.0 1584.0 1028377
3323.4 1558.59 1021887
3298.01 1507.79 503306
3221.8 1380.8 886418
3272.6 1406.19 862909
3323.4 1380.8 641376
3348.81 1177.6 663850
3348.81 1253.81 953492
3272.6 1177.6 662564
3247.21 1228.4 646933
3171.0 1253.81 779436
3145.61 1456.99 858601
3171.0 1533.2 104757
3044.0 1761.8 227384
3005.9 1736.41 83305
3018.59 1558.59 1151530
2993.2 1787.21 272197
2942.4 1761.8 819034
2993.2 1304.61 1101868
3044.0 2066.6 738123
3044.0 2015.8 360574
3120.2 1685.61 911295
3120.2 1761.8 580692
3069.39 1507.79 289999
3069.39 1380.8 38827
3018.59 1634.8 675478
2967.79 1533.2 187691
2891.6 1507.79 832621
2916.99 1863.4 231263
2891.6 1888.81 427275
2891.6 1685.61 562623
2866.19 1787.21 1015700
2840.8 1507.79 209273
2815.41 2015.8 1046988
2840.8 1787.21 1087645
2891.6 1977.7 500711
2916.99 2041.19 744395
2891.6 2142.79 320182
2866.19 2168.2 912601
2891.6 2066.6 44066
2916.99 2219.0 524740
2815.41 2244.39 129582
2815.41 2066.6 1155184
2790.0 2142.79 957484
2739.2 2168.2 967683
2764.61 2066.6 1056366
2663.01 2244.39 643868
2612.21 2066.6 410522
2637.6 1406.19 672998
2637.6 1584.0 380318
2536.0 2015.8 812709
2536.0 1812.6 1017462
2510.61 1838.01 988550
2485.2 1787.21 1030234
2510.61 1685.61 82790
2485.2 1838.01 1585
2485.2 1939.61 949031
2510.61 2219.0 251604
2383.59 1888.81 473637
2332.79 1888.81 634237
2447.11 2238.05 120616
2485.2 2015.8 909690
2459.8 2066.6 405726
2358.2 1279.2 484869
2294.71 1355.39 522676
2281.99 872.79 810285
2307.4 1253.81 520027
2320.1 1171.25 945843
2326.45 1164.9 581372
2320.1 872.79 386897
2320.1 1158.55 1114544
2313.75 1164.9 705384
2294.71 1228.4 278011
2307.4 1050.61 340246
2332.79 1177.6 562389
2332.79 1304.61 399977
2358.2 1330.0 901120
2358.2 1634.8 213889
2307.4 1634.8 320988
2205.8 1761.8 151804
2281.99 1558.59 115838
2231.19 1228.4 228182
2243.91 1279.2 96994
2281.99 1634.8 1130935
2231.19 1177.6 273647
2129.61 1507.79 790418
2155.0 1304.61 496615
2155.0 1177.6 249232
2167.7 1260.16 576494
2174.04 1266.5 991788
2129.61 1685.61 941422
2155.0 1634.8 789428
2078.81 1609.39 733191
2066.09 1152.21 465486
2028.01 1253.81 442745
2167.7 885.51 393112
2193.11 1152.21 88680
2180.39 1050.61 265745
2205.8 1126.8 878981
2205.8 1253.81 505893
2231.19 923.59 51239
2155.0 1406.19 427640
2053.4 1838.01 183545
2078.81 1761.8 634442
2053.4 1507.79 33832
2002.6 1355.39 1147063
2053.4 1431.6 101182
2053.4 1685.61 902186
2129.61 1380.8 597752
2129.61 1456.99 688398
2078.81 1279.2 379976
2028.01 1736.41 817909
2002.6 1838.01 499847
1977.21 1838.01 957534
1977.21 1787.21 1083586
1951.8 1812.6 239528
2002.6 1685.61 677432
1977.21 1431.6 413353
1901.0 1406.19 1152801
1926.41 1812.6 986052
2002.6 1939.61 107854
1977.21 1533.2 150433
2002.6 1507.79 209520
1926.41 1304.61 391737
1939.1 1609.39 599970
1901.0 1253.81 632288
2002.6 1050.61 223711
2002.6 1253.81 1049497
2028.01 999.8 524438
1951.8 1253.81 1107947
2002.6 1177.6 70229
2104.2 999.8 1023660
2028.01 1152.21 356950
2002.6 999.8 973578
1913.69 1152.21 836738
1977.21 999.8 504609
1850.2 1177.6 790935
1850.2 1812.6 1018897
1875.61 2015.8 771542
1862.89 1888.81 160215
1850.2 1076.0 373875
1850.2 1304.61 801442
1850.2 1406.19 749612
1799.39 1330.0 890803
1723.2 1101.41 268815
1672.4 872.79 214699
1634.3 733.11 839050
1570.8 796.6 303274
1583.5 733.11 958551
1596.19 847.4 130442
1596.19 1126.8 1123144
1596.19 1177.6 604356
1596.19 923.59 378890
1570.8 1076.0 442715
1596.19 1355.39 1012540
1672.4 847.4 767895
1621.6 1431.6 789814
1570.8 999.8 830772
1596.19 949.0 815732
1570.8 1253.81 825090
1532.7 1228.4 856459
1443.81 1456.99 1105919
1494.61 1203.01 537221
1545.39 847.4 718199
1520.0 1431.6 1009261
1596.19 898.2 627916
1672.4 707.7 899602
1672.4 821.99 770625
1570.8 1203.01 142200
1570.8 1482.4 37533
1596.19 1482.4 1109946
1672.4 1203.01 364574
1596.19 1406.19 976403
1646.99 1380.8 535956
1545.39 1787.21 464360
1520.0 1761.8 22038
1545.39 1812.6 236897
1494.61 1558.59 687552
1545.39 1685.61 1131307
1545.39 1558.59 188389
1469.2 1634.8 478351
1469.2 1558.59 1043270
1443.81 1761.8 686138
1494.61 1812.6 123734
1520.0 2142.79 849406
1545.39 2244.39 119035
1494.61 1888.81 1027743
1443.81 1685.61 279705
1443.81 1888.81 358835
1469.2 974.39 364456
1545.39 733.11 108843
1494.61 847.4 818672
1494.61 1126.8 1111396
1494.61 1177.6 1019134
1532.7 872.79 471909
1545.39 1304.61 1110138
1494.61 1076.0 609898
1494.61 949.0 655943
1494.61 1304.61 76767
1443.81 1330.0 377108
1443.81 1050.61 1086348
1367.6 1304.61 48042
1393.01 1431.6 752069
1393.01 898.2 1040157
1367.6 1152.21 455265
1342.21 999.8 470162
1316.8 733.11 9919
1291.41 1126.8 807340
1443.81 796.6 1108558
1507.3 733.11 140232
1443.81 847.4 1132668
1367.6 1482.4 849439
1367.6 1203.01 904024
1418.4 860.1 805871
1367.6 1330.0 881974
1367.6 923.59 611833
1367.6 1101.41 836088
1367.6 821.99 681277
1469.2 707.7 721562
1240.61 974.39 817764
1189.8 821.99 576899
1151.7 1279.2 460966
1062.79 1507.79 34037
1062.79 1279.2 209898
1088.2 1317.3 692891
1062.79 923.59 188122
986.6 1456.99 1139450
961.19 1406.19 412454
859.61 1279.2 391934
859.61 1025.2 1035036
935.8 1584.0 31511
897.7 1418.91 869332
859.61 1152.21 363394
808.81 1330.0 743454
859.61 1533.2 969653
834.2 1939.61 608416
808.81 1863.4 695213
758.01 1660.2 307497
758.01 1279.2 1033571
758.01 1177.6 284498
681.8 1787.21 995043
681.8 1838.01 1064583
707.21 1939.61 622917
732.6 1939.61 985126
783.4 1888.81 972505
758.01 1787.21 384518
732.6 1584.0 572280
681.8 1355.39 618963
681.8 1279.2 350159
656.41 1838.01 302900
681.8 999.8 328185
713.55 1825.29 2052
719.9 1831.64 144949
681.8 2041.19 55867
758.01 1939.61 789611
808.81 1965.0 643688
808.81 1152.21 318630
808.81 999.8 454540
808.81 949.0 378862
681.8 923.59 656202
