# C:\Users\gielpa\PycharmProjects\Genetic-Algorithm\data-bak\a280.tsp\data
288.0 149.0 2631
288.0 129.0 27146
270.0 133.0 28218
256.0 141.0 34366
256.0 157.0 10437
246.0 157.0 20551
236.0 169.0 17884
228.0 169.0 702
228.0 161.0 21245
220.0 169.0 11864
212.0 169.0 24027
204.0 169.0 13922
196.0 169.0 1059
188.0 169.0 23712
196.0 161.0 22945
188.0 145.0 2286
172.0 145.0 28655
164.0 145.0 30226
156.0 145.0 38887
148.0 145.0 5265
140.0 145.0 17658
148.0 169.0 29288
164.0 169.0 40140
172.0 169.0 14620
156.0 169.0 30129
140.0 169.0 6199
132.0 169.0 30389
124.0 169.0 33610
116.0 161.0 11873
104.0 153.0 37451
104.0 161.0 28007
104.0 169.0 23527
90.0 165.0 3947
80.0 157.0 10439
64.0 157.0 32014
64.0 165.0 1606
56.0 169.0 38240
56.0 161.0 30975
56.0 153.0 16321
56.0 145.0 40153
56.0 137.0 31294
56.0 129.0 861
56.0 121.0 9886
40.0 121.0 36256
40.0 129.0 36729
40.0 137.0 8125
40.0 145.0 350
40.0 153.0 6303
40.0 161.0 39041
40.0 169.0 32072
32.0 169.0 18189
32.0 161.0 24337
32.0 153.0 12021
32.0 145.0 15160
32.0 137.0 37782
32.0 129.0 35291
32.0 121.0 4270
32.0 113.0 4417
40.0 113.0 6148
56.0 113.0 36214
56.0 105.0 4492
48.0 99.0 15445
40.0 99.0 35806
32.0 97.0 10338
32.0 89.0 11762
24.0 89.0 9276
16.0 97.0 38024
16.0 109.0 34131
8.0 109.0 816
8.0 97.0 40593
8.0 89.0 6576
8.0 81.0 32090
8.0 73.0 33868
8.0 65.0 17532
8.0 57.0 8364
16.0 57.0 25349
8.0 49.0 20749
8.0 41.0 21618
24.0 45.0 5017
32.0 41.0 24678
32.0 49.0 30637
32.0 57.0 33485
32.0 65.0 30954
32.0 73.0 33868
32.0 81.0 34503
40.0 83.0 33162
40.0 73.0 12059
40.0 63.0 41879
40.0 51.0 29448
44.0 43.0 17641
44.0 35.0 17466
44.0 27.0 41597
32.0 25.0 19138
24.0 25.0 70
16.0 25.0 38314
16.0 17.0 35358
24.0 17.0 24139
32.0 17.0 16751
44.0 11.0 35118
56.0 9.0 24825
56.0 17.0 10651
56.0 25.0 15381
56.0 33.0 40749
56.0 41.0 9737
64.0 41.0 29883
72.0 41.0 26362
72.0 49.0 26618
56.0 49.0 10491
48.0 51.0 24896
56.0 57.0 8574
56.0 65.0 14752
48.0 63.0 7821
48.0 73.0 11229
56.0 73.0 13159
56.0 81.0 12079
48.0 83.0 19334
56.0 89.0 21792
56.0 97.0 18513
104.0 97.0 6164
104.0 105.0 8032
104.0 113.0 37356
104.0 121.0 36248
104.0 129.0 4381
104.0 137.0 23168
104.0 145.0 20535
116.0 145.0 20675
124.0 145.0 6314
132.0 145.0 17912
132.0 137.0 18607
140.0 137.0 25721
148.0 137.0 30046
156.0 137.0 35528
164.0 137.0 4422
172.0 125.0 14440
172.0 117.0 24599
172.0 109.0 31022
172.0 101.0 39405
172.0 93.0 35128
172.0 85.0 17613
180.0 85.0 29494
180.0 77.0 48
180.0 69.0 5590
180.0 61.0 3324
180.0 53.0 36088
172.0 53.0 32087
172.0 61.0 30331
172.0 69.0 6426
172.0 77.0 2686
164.0 81.0 2533
148.0 85.0 6542
124.0 85.0 25469
124.0 93.0 7367
124.0 109.0 11319
124.0 125.0 16580
124.0 117.0 28502
124.0 101.0 13070
104.0 89.0 32760
104.0 81.0 11021
104.0 73.0 5629
104.0 65.0 25847
104.0 49.0 14916
104.0 41.0 18053
104.0 33.0 20418
104.0 25.0 27179
104.0 17.0 16533
92.0 9.0 6508
80.0 9.0 20546
72.0 9.0 35973
64.0 21.0 20982
72.0 25.0 16769
80.0 25.0 31764
80.0 25.0 7288
80.0 41.0 21326
88.0 49.0 25185
104.0 57.0 17213
124.0 69.0 7660
124.0 77.0 38008
132.0 81.0 35149
140.0 65.0 1050
132.0 61.0 29123
124.0 61.0 3935
124.0 53.0 29163
124.0 45.0 35797
124.0 37.0 40349
124.0 29.0 20258
132.0 21.0 6252
124.0 21.0 2644
120.0 9.0 35053
128.0 9.0 11715
136.0 9.0 8796
148.0 9.0 36474
162.0 9.0 6699
156.0 25.0 31606
172.0 21.0 27820
180.0 21.0 24498
180.0 29.0 4103
172.0 29.0 18983
172.0 37.0 4529
172.0 45.0 26454
180.0 45.0 23776
180.0 37.0 24048
188.0 41.0 35163
196.0 49.0 35261
204.0 57.0 1785
212.0 65.0 22718
220.0 73.0 11376
228.0 69.0 37064
228.0 77.0 25453
236.0 77.0 24445
236.0 69.0 42181
236.0 61.0 21462
228.0 61.0 36413
228.0 53.0 24442
236.0 53.0 28138
236.0 45.0 10449
228.0 45.0 29017
228.0 37.0 16318
236.0 37.0 12329
236.0 29.0 3693
228.0 29.0 4849
228.0 21.0 41814
236.0 21.0 16677
252.0 21.0 10283
260.0 29.0 21922
260.0 37.0 29030
260.0 45.0 19120
260.0 53.0 41442
260.0 61.0 5854
260.0 69.0 10021
260.0 77.0 40374
276.0 77.0 26004
276.0 69.0 41818
276.0 61.0 2605
276.0 53.0 28331
284.0 53.0 14741
284.0 61.0 31251
284.0 69.0 14808
284.0 77.0 38733
284.0 85.0 37712
284.0 93.0 41548
284.0 101.0 13758
288.0 109.0 32159
280.0 109.0 13783
276.0 101.0 22855
276.0 93.0 7608
276.0 85.0 35010
268.0 97.0 28015
260.0 109.0 25319
252.0 101.0 12898
260.0 93.0 25472
260.0 85.0 9183
236.0 85.0 26814
228.0 85.0 19549
228.0 93.0 7369
236.0 93.0 26770
236.0 101.0 5525
228.0 101.0 25066
228.0 109.0 9351
228.0 117.0 36266
228.0 125.0 21817
220.0 125.0 30551
212.0 117.0 14632
204.0 109.0 2835
196.0 101.0 4328
188.0 93.0 13343
180.0 93.0 31204
180.0 101.0 4823
180.0 109.0 16360
180.0 117.0 4087
180.0 125.0 26550
196.0 145.0 31494
204.0 145.0 19463
212.0 145.0 11474
220.0 145.0 9494
228.0 145.0 29716
236.0 145.0 28536
246.0 141.0 37898
252.0 125.0 15900
260.0 129.0 2866
280.0 133.0 11084
