# C:\Users\gielpa\PycharmProjects\Genetic-Algorithm\data-bak\vm1084.tsp\data
4080.0 5236.0 8867489
4688.0 6468.0 8523394
5296.0 9218.0 6898462
9392.0 10956.0 3960422
9536.0 9944.0 4095555
9680.0 7106.0 2273898
9936.0 9108.0 4081231
10240.0 6248.0 7812715
10544.0 5258.0 4938449
15504.0 6050.0 6108991
15552.0 8096.0 1246845
15600.0 10032.0 8050502
18864.0 11649.0 6817365
18895.5 11330.0 915085
18928.0 7491.0 10962067
18928.0 11154.0 1339558
12496.0 9548.0 4278043
12528.0 7128.0 951284
12560.0 5698.0 6532895
8880.0 8888.0 11023354
9984.0 5808.0 815695
11088.0 5038.0 7219307
11952.0 5368.0 5338096
11968.0 6468.0 319091
11984.0 9218.0 6168775
12368.0 9218.0 10093921
12432.0 6468.0 2561584
12496.0 5368.0 10897032
13264.0 9328.0 7065540
13312.0 6688.0 3271164
13360.0 5478.0 10559979
560.0 4532.0 6807852
560.0 8514.0 7077328
640.0 5060.0 3943400
720.0 4532.0 2053696
5936.0 7986.0 4319296
13776.0 9548.0 409489
13840.0 7128.0 1123562
13904.0 5698.0 7170033
14480.0 10956.0 70756
14624.0 9944.0 2401361
14768.0 7106.0 9043937
7856.0 10142.0 4987276
7904.0 8316.0 7101108
7952.0 6160.0 5984963
1200.0 5940.0 6584297
1712.0 7876.0 8288522
2224.0 9922.0 8408991
1488.0 5830.0 4521804
2272.0 7656.0 8655335
3056.0 9812.0 6300025
624.0 11770.0 5135928
720.0 11572.0 2914691
816.0 7788.0 5756650
349.5 11352.0 186220
432.0 11660.0 5542418
2192.0 4422.0 4574487
2480.0 4840.0 6883168
2768.0 4422.0 9914087
3056.0 4840.0 6254638
3344.0 4422.0 2829668
3632.0 4840.0 10147151
3920.0 4422.0 8779373
3920.0 7942.0 714684
4640.0 11044.0 5684946
5360.0 11506.0 7297989
5488.0 7568.0 7085764
5536.0 11132.0 1563255
5584.0 11550.0 285265
1712.0 4202.0 10538735
2000.0 4400.0 10400359
2288.0 4202.0 8288452
2576.0 4400.0 4022309
2864.0 4202.0 8855562
2864.0 5214.0 4582663
3136.0 6028.0 338794
3408.0 8998.0 9047678
3424.0 6028.0 6870431
3440.0 5016.0 2441803
7984.0 7986.0 9193322
14160.0 9658.0 3486124
14176.0 7348.0 9321934
14192.0 5808.0 3808655
14384.0 9658.0 4759077
14432.0 7348.0 4814290
14480.0 5808.0 10449030
13072.0 8118.0 7652264
1424.0 6050.0 4986627
2096.0 8096.0 8078240
2768.0 9724.0 10801937
2768.0 11660.0 2150920
2944.0 11352.0 9819918
3120.0 11660.0 8236531
7696.0 10142.0 3111855
7760.0 8316.0 9798033
7824.0 6160.0 7771089
1456.0 6864.0 2996304
2272.0 9724.0 9403556
3088.0 10846.0 7761790
12752.0 9548.0 7094991
12768.0 7128.0 1956376
12784.0 5698.0 6092598
2864.0 10032.0 2985589
3552.0 8096.0 2133397
4240.0 6050.0 861123
8016.0 4422.0 10091511
8048.0 4840.0 8614716
8080.0 8404.0 3510128
8192.0 4840.0 1555014
8304.0 4422.0 3675211
8336.0 4840.0 1687528
8368.0 4422.0 4781609
8479.5 4840.0 9865236
8592.0 4312.0 5317352
8624.0 4620.0 2184841
8592.0 4708.0 4964640
8656.0 4312.0 8465120
8768.0 4620.0 201153
8880.0 4092.0 7775268
8880.0 4400.0 7530357
8912.0 4180.0 4007842
8944.0 4092.0 7429872
592.0 11176.0 127088
736.0 10384.0 6112047
880.0 7194.0 5611447
11664.0 5698.0 5182009
11856.0 7128.0 9986982
12048.0 9548.0 1196426
12976.0 8536.0 7512249
13184.0 5104.0 10804331
13392.0 4686.0 5480802
14288.0 9658.0 10658147
14304.0 7348.0 7837670
14320.0 5808.0 8317621
18384.0 11759.0 10303091
18626.5 11550.0 2914956
16208.0 10208.0 8972707
16384.0 8448.0 10447496
16560.0 6226.0 5261030
11376.0 5038.0 9483627
12384.0 5808.0 2123354
13392.0 8888.0 8997681
9968.0 5698.0 5574980
10032.0 7128.0 8410926
10096.0 9548.0 8529008
10256.0 5698.0 3804524
10816.0 7128.0 1818239
11376.0 9548.0 10427863
15824.0 5786.0 2885892
15920.0 7568.0 1971058
16016.0 9768.0 8095095
1008.0 4312.0 6088790
1056.0 4620.0 10322360
1104.0 4312.0 10579166
1104.0 8052.0 10055818
1168.0 11484.0 5311797
1232.0 11726.0 3944615
15280.0 6270.0 6933983
15600.0 8536.0 308061
15920.0 10252.0 3796399
17360.0 11880.0 6516668
17568.0 11792.0 6555358
17776.0 11880.0 7996264
17984.0 11792.0 10317953
18192.0 11880.0 6035863
18400.0 11792.0 6572763
18608.0 11880.0 1753143
6480.0 8624.0 6556685
6528.0 5280.0 53644
6576.0 4642.0 1358890
6160.0 4642.0 9177063
6272.0 5280.0 5017871
6384.0 8624.0 6238286
5520.0 9988.0 2511849
5552.0 8008.0 8332129
5584.0 6006.0 1615008
1968.0 6754.0 9918088
1984.0 9504.0 4900783
2000.0 10736.0 5900003
6192.0 6754.0 5277798
11344.0 9504.0 9715966
16496.0 10736.0 6993921
8944.0 9922.0 6680434
8960.0 7876.0 6557601
8976.0 5940.0 4439179
4432.0 7194.0 4202847
9824.0 10384.0 8567840
15216.0 11176.0 2331903
4496.0 5786.0 4857346
10064.0 7568.0 8710537
15632.0 9768.0 9206103
7216.0 10032.0 2224182
7360.0 8096.0 794114
7504.0 6050.0 7274606
4720.0 5456.0 2426762
10384.0 6908.0 1721995
16048.0 9438.0 8139595
4784.0 6490.0 4201744
10624.0 8976.0 8172429
16464.0 10472.0 7123172
1296.0 10318.0 66060
1344.5 8316.0 9322945
1296.0 8492.0 2307634
1392.0 6160.0 9087511
15696.0 6050.0 1883304
15712.0 8096.0 5285162
15728.0 9834.0 8316359
15728.0 11770.0 5516791
16352.0 11572.0 8253790
16976.0 11770.0 10607017
11792.0 9218.0 4163888
11808.0 6468.0 734644
11824.0 5368.0 11013091
11216.0 8118.0 9074606
336.0 11396.0 7406363
352.0 10824.0 4316664
368.0 7414.0 9675052
14608.0 10252.0 4852189
14624.0 8536.0 7883609
14640.0 6402.0 9791431
13968.0 9658.0 1592276
14000.0 7348.0 6539435
14032.0 5808.0 2713720
10416.0 6996.0 6404005
10432.0 9724.0 6904705
10448.0 10846.0 4353062
9808.0 5698.0 7791443
9840.0 7128.0 860746
9872.0 9548.0 4974224
15248.0 5940.0 9091495
15280.0 7876.0 4280718
15312.0 9922.0 8481246
13200.0 9328.0 6595008
13216.0 6688.0 4448630
13232.0 5478.0 7800325
12560.0 10846.0 5638700
12592.0 9724.0 5440154
12624.0 6996.0 8773625
3920.0 11660.0 1885301
3952.0 11352.0 8918021
3984.0 7678.0 10041819
4016.0 6644.0 3573
4032.0 9284.0 4692276
4048.0 10626.0 2589905
4048.0 6270.0 2537964
4208.0 8536.0 8645155
4368.0 10252.0 68531
3824.0 10252.0 1349192
3888.0 8536.0 3848825
3952.0 6270.0 8088611
4112.0 5676.0 6987240
4416.0 7348.0 4237386
4720.0 9658.0 2901917
4144.0 6644.0 10920065
4464.0 9284.0 7051516
4784.0 10626.0 5208294
4176.0 4906.0 2446966
4560.0 5808.0 318931
4944.0 8888.0 2385218
4208.0 5016.0 5668982
4608.0 6028.0 2464568
5008.0 8998.0 2013306
528.0 4092.0 2344096
1584.0 4180.0 9726050
2640.0 4092.0 8742507
12112.0 4466.0 8020718
14752.0 4664.0 3301696
17392.0 4158.0 5130891
17392.0 8118.0 5994682
17456.0 11572.0 8297992
17392.0 4510.0 3572141
17520.0 11770.0 1412391
10800.0 7106.0 3132825
10864.0 9944.0 3800820
10928.0 10956.0 5656690
10704.0 5478.0 6583276
10720.0 6688.0 6081
10736.0 9328.0 4243921
16688.0 6226.0 4235648
16928.0 8448.0 3365170
17168.0 10208.0 10575184
13520.0 4576.0 5026188
15776.0 4884.0 1913437
18032.0 8426.0 920843
18063.5 4884.0 8303483
18096.0 4268.0 631877
18096.0 4708.0 5958624
10928.0 6732.0 7917452
13680.0 9196.0 4966506
16432.0 8382.0 9831400
16736.0 7568.0 10570434
16432.0 10582.0 1387772
17040.0 5786.0 664302
9424.0 4928.0 1408923
9472.0 5588.0 6571251
9520.0 8778.0 575303
10256.0 10956.0 5750980
10464.0 9944.0 6430592
10672.0 7106.0 8190188
13744.0 4686.0 5829140
16091.5 5104.0 121359
18448.0 4378.0 4378724
18448.0 4928.0 1146403
18512.5 5104.0 7581734
18576.0 8536.0 2700655
656.0 4312.0 7357423
816.0 4620.0 7360077
976.0 4312.0 9796025
976.0 4752.0 1005171
992.5 4928.0 3338343
1008.0 8448.0 8915384
1072.0 4928.0 9722703
1136.0 4466.0 5498089
12176.0 9218.0 2361864
12208.0 6468.0 697904
12240.0 5368.0 6839883
18800.0 7986.0 9170840
14800.0 9658.0 7360522
14864.0 7348.0 8125288
14928.0 5808.0 6687926
9520.0 4554.0 6728707
9616.0 4840.0 10708221
9712.0 8404.0 7478327
16336.0 5786.0 7581412
16352.0 7568.0 1203330
16368.0 9768.0 5450159
10832.0 5258.0 406128
11184.0 6248.0 9025530
11536.0 9108.0 1344120
12208.0 5698.0 6211831
12240.0 7128.0 993414
12272.0 9548.0 5143890
12336.0 4906.0 5592016
15040.0 5544.0 1671637
17744.0 4774.0 5181917
17920.0 5544.0 4237853
18096.0 8756.0 1491552
12688.0 9218.0 6412335
13168.0 6468.0 6303089
13648.0 5368.0 7104533
12880.0 9548.0 2264131
13248.0 7128.0 7054345
13616.0 5698.0 2357938
14672.0 10252.0 7907213
14848.0 8536.0 4501755
15024.0 6402.0 4485067
5808.0 4092.0 387392
5808.0 8074.0 5726972
5840.0 4180.0 7702415
5872.0 4092.0 2324729
3472.0 9768.0 4171144
3664.0 7568.0 4341807
3856.0 5786.0 9320920
336.0 4202.0 8031426
624.0 4400.0 5665747
912.0 4202.0 10772576
11344.0 10252.0 8449592
12944.0 8536.0 6209687
14544.0 10252.0 3805387
17872.0 7788.0 3670533
17904.0 11572.0 922888
17936.0 11770.0 8790078
368.0 11550.0 3257508
416.0 11132.0 7172673
464.0 7568.0 977641
17520.0 7634.0 8394321
17568.0 11264.0 3877272
17616.0 11616.0 3805761
4688.0 4422.0 9388787
5904.0 4840.0 10387784
7120.0 8404.0 10763126
1744.0 4532.0 1336387
3424.0 5060.0 4420779
5104.0 4532.0 5182878
3792.0 8734.0 10773249
5552.0 5500.0 9299976
7312.0 8734.0 4903507
17168.0 6072.0 8877591
17200.0 8140.0 229703
17232.0 10054.0 2926073
3504.0 6754.0 3528562
4832.0 9504.0 803999
6160.0 10736.0 7357964
1936.0 7788.0 2794731
3264.0 11572.0 3441748
4592.0 11770.0 3574352
6064.0 8514.0 5417740
7856.0 5060.0 6155422
9648.0 8514.0 3166190
16816.0 6116.0 8734
16848.0 8228.0 2611074
16880.0 10098.0 10205814
15792.0 6050.0 6912960
16256.0 8096.0 3258251
16720.0 10032.0 6897576
2352.0 6380.0 9901593
3808.0 8756.0 8608306
5264.0 10362.0 5988312
16464.0 6336.0 3489350
16736.0 8668.0 247845
17008.0 10318.0 1868463
16112.0 5786.0 3582321
16192.0 7568.0 7878694
16272.0 9768.0 4194192
9168.0 7986.0 9145451
13360.0 11660.0 6530687
14736.0 11352.0 78746
16112.0 11660.0 1353923
2928.0 7084.0 8101626
4944.0 10164.0 2654229
6960.0 11066.0 5195232
1776.0 6974.0 8456791
4144.0 9944.0 10751013
6512.0 10956.0 7424861
4144.0 11660.0 6094149
6976.0 11352.0 5118260
9808.0 11660.0 7361539
4816.0 5566.0 6299081
7216.0 7128.0 4137070
9616.0 9548.0 1982502
3824.0 5896.0 7017940
6240.0 7788.0 9485522
8656.0 9878.0 2014567
9264.0 5896.0 3001306
12240.0 7788.0 2284857
15216.0 6028.0 5970604
9104.0 4092.0 8732374
9152.0 4180.0 6662318
9200.0 4092.0 5980654
9200.0 4290.0 4420722
12160.5 4444.0 5506073
15120.0 4356.0 5670121
9072.0 6974.0 10187199
9200.0 9944.0 4896496
9328.0 10956.0 9063622
2672.0 7414.0 9956929
5216.0 10824.0 8473631
7760.0 11396.0 820494
6000.0 7568.0 2676880
8816.0 11132.0 8187656
11632.0 11550.0 7203540
6032.0 5016.0 9441652
8944.0 6028.0 5407499
11856.0 8998.0 4878341
4880.0 7788.0 10618883
7792.0 11572.0 6220974
10704.0 11770.0 7077168
5456.0 5236.0 9065486
8368.0 6468.0 9444930
11280.0 9218.0 9674811
5168.0 5676.0 5353691
8080.0 7348.0 2002712
10992.0 9658.0 1562789
4592.0 7304.0 2082650
7504.0 10604.0 715885
10416.0 11286.0 77497
4912.0 6644.0 827197
7888.0 9284.0 10530306
10864.0 10626.0 5846905
4336.0 6864.0 9121726
7312.0 9724.0 9077662
10288.0 10846.0 960628
4624.0 5346.0 1199693
7600.0 6688.0 959706
10576.0 9328.0 3431478
5200.0 6270.0 4961755
8176.0 8536.0 3140829
11152.0 10252.0 3390006
3248.0 5126.0 5362926
6352.0 6248.0 10910507
9456.0 9108.0 3451461
7920.0 7084.0 8264786
11424.0 10164.0 1572284
14928.0 11066.0 9659411
2096.0 7898.0 5981022
5552.0 11792.0 789405
9008.0 11880.0 5475765
8176.0 6050.0 1047530
11760.0 8096.0 6544343
15344.0 10032.0 10028677
9232.0 4334.0 1830835
9280.0 4664.0 944987
9328.0 4466.0 5363111
9328.0 4994.0 3501196
12992.0 5324.0 3767749
16656.0 8646.0 9826256
9136.0 7898.0 3362490
12848.0 11792.0 4384373
16560.0 11880.0 6070482
16592.0 11792.0 2818106
16624.0 11880.0 1091141
8208.0 6380.0 2228924
11984.0 8756.0 7214605
15760.0 10362.0 3724690
8464.0 6160.0 9307440
12320.0 8316.0 7191679
16176.0 10142.0 2897080
3632.0 9922.0 1673617
3664.0 7876.0 7743843
3696.0 5940.0 1465573
4272.0 10032.0 4261339
4320.0 8096.0 8268866
4368.0 6050.0 2354132
2480.0 9922.0 2015904
2512.0 7876.0 8342303
2544.0 5940.0 9041542
5136.0 9988.0 1481556
5200.0 8008.0 6598551
5264.0 6006.0 3674382
6608.0 6974.0 4278176
6640.0 9944.0 10002386
6672.0 10956.0 10135902
3120.0 5940.0 1707503
3184.0 7876.0 2142317
3248.0 9922.0 496263
7376.0 10142.0 2854242
7392.0 8316.0 5282124
7408.0 6160.0 9150395
6128.0 4092.0 5516885
6192.0 4180.0 3639479
6256.0 8074.0 5477700
6992.0 6160.0 4479541
7024.0 8316.0 1226420
7056.0 10142.0 1225737
15888.0 4092.0 10721809
15920.0 4180.0 1079407
15952.0 4092.0 7115399
5904.0 4092.0 7188539
5936.0 4180.0 2622413
5968.0 4092.0 10133558
688.0 4422.0 10965263
768.0 4840.0 4762034
848.0 4422.0 6553252
240.0 11770.0 4950095
352.0 11572.0 10826986
464.0 11770.0 1038348
496.0 11880.0 6673794
624.0 11792.0 10466048
752.0 11880.0 10561348
1296.0 4202.0 5540940
1456.0 4400.0 1236824
1616.0 4202.0 5825697
784.0 4532.0 8926598
864.0 5060.0 9424390
944.0 4202.0 5158854
944.0 4730.0 7852002
1056.0 4400.0 2794429
1168.0 4202.0 8183975
16912.0 11880.0 2609772
17120.0 11792.0 5459374
17328.0 11880.0 1463536
7472.0 10956.0 1520924
7840.0 9944.0 6388054
8208.0 10956.0 9129549
1104.0 11880.0 6839934
1184.0 11792.0 4092802
1264.0 7898.0 6676616
1072.0 11748.0 10688046
1152.5 11176.0 2281200
1072.0 11352.0 7084108
1232.0 7590.0 4795373
848.0 11880.0 5936821
944.0 11792.0 4115317
1040.0 7898.0 8888978
272.0 11176.0 5529935
384.0 10384.0 2066496
496.0 7194.0 4163758
304.0 11286.0 8343359
464.0 10604.0 9256748
624.0 7304.0 7472066
8560.0 11440.0 8689799
9264.0 10912.0 8708319
9968.0 11440.0 729024
5712.0 9988.0 3165436
6432.0 8008.0 5365472
7152.0 9988.0 7378987
3664.0 6534.0 5472153
3952.0 9064.0 6550768
4240.0 10516.0 6592818
3472.0 4202.0 3285561
4224.0 4400.0 8890227
4976.0 4202.0 1379186
5008.0 4862.0 6480683
5760.0 5720.0 497377
6512.0 4862.0 5297226
7472.0 4202.0 6637151
8256.0 4400.0 8411395
9040.0 4202.0 9418825
7056.0 4642.0 3949408
7920.0 5280.0 10041523
8784.0 4642.0 10556985
2512.0 5720.0 9348043
2928.0 7436.0 94718
3344.0 9702.0 2922689
10224.0 11660.0 10556893
11152.0 11352.0 4781669
12080.0 11660.0 7119657
5072.0 6116.0 6179550
6000.0 8228.0 10878471
6928.0 6116.0 9817827
10480.0 11440.0 8246638
11456.0 10912.0 6359089
12432.0 11440.0 2774555
5296.0 4202.0 9554382
6320.0 4400.0 3047367
7344.0 4202.0 10086329
2320.0 4312.0 1961460
3360.0 4620.0 2430782
4400.0 4312.0 1695151
6640.0 4092.0 8856707
7696.0 4180.0 9206127
8752.0 4092.0 2280470
10512.0 11330.0 9401093
11648.0 10692.0 2914258
12784.0 11330.0 10171279
6224.0 4312.0 1109725
7360.0 4620.0 7429653
8496.0 4312.0 9450140
10768.0 9328.0 6816808
11952.0 6688.0 798276
13136.0 9328.0 9615390
15344.0 5896.0 10361402
16144.0 7788.0 1592633
16944.0 9878.0 1601669
5360.0 6380.0 4788308
6560.0 8756.0 2747606
7760.0 6380.0 5845181
1520.0 6160.0 1996788
2272.0 8316.0 6490387
3024.0 10142.0 7077777
1328.0 6270.0 11013866
2112.0 8536.0 2748652
2896.0 10252.0 3417590
2896.0 4092.0 2803067
4144.0 4180.0 1969691
5392.0 4092.0 2044222
10800.0 11770.0 2896464
12144.0 11572.0 6370107
13488.0 11770.0 330925
11056.0 9658.0 695935
12448.0 7348.0 8112015
13840.0 9658.0 4145350
18576.0 4224.0 648529
18576.0 4620.0 25168
18640.5 4796.0 4227352
18704.0 8382.0 8301782
18224.0 7788.0 170950
18256.0 11572.0 5885040
18288.0 11770.0 8454793
3088.0 6160.0 4158885
4064.0 8316.0 205780
5040.0 10142.0 3928828
4496.0 10032.0 2913257
4512.0 8096.0 545274
4528.0 6050.0 1029552
11088.0 10956.0 10582764
12640.0 9944.0 10435969
14192.0 10956.0 5295313
4080.0 3960.0 4848832
5296.0 12012.0 9541618
9392.0 12012.0 1207834
9680.0 4224.0 5842000
9936.0 12012.0 4594497
10544.0 4224.0 3422937
15504.0 3960.0 5479509
15600.0 12012.0 5185363
18864.0 12012.0 2945433
18928.0 3960.0 3848127
12496.0 12012.0 2560006
12560.0 4224.0 9802480
8880.0 12012.0 9544394
11088.0 4224.0 2619641
11952.0 4224.0 10869618
11984.0 12012.0 687133
12368.0 12012.0 2568088
12496.0 4224.0 1435932
13264.0 12012.0 6455270
13360.0 4224.0 7992189
560.0 3960.0 6796797
560.0 12012.0 7207292
720.0 3960.0 4433886
5936.0 3960.0 4569359
5936.0 12012.0 9790289
13776.0 12012.0 7910473
13904.0 4224.0 3961033
14480.0 12012.0 662513
14768.0 4224.0 364189
7856.0 12012.0 1247048
7952.0 3960.0 1797497
1200.0 3960.0 9497684
2224.0 12012.0 662971
1488.0 3960.0 4952575
3056.0 12012.0 6102593
624.0 12012.0 8526639
816.0 3960.0 5208927
262.0 11352.0 2428988
432.0 12012.0 6210974
2192.0 3960.0 3954797
2768.0 3960.0 554292
3344.0 3960.0 5558048
3920.0 3960.0 7072024
5360.0 12012.0 4831433
5488.0 3960.0 2551616
5584.0 12012.0 6944395
1712.0 3960.0 525802
2288.0 3960.0 6731882
2864.0 3960.0 4775417
3408.0 12012.0 2187751
3440.0 3960.0 4377600
7984.0 3960.0 1333965
7984.0 12012.0 9836563
14160.0 12012.0 2375489
14192.0 4224.0 873312
14384.0 12012.0 644614
14480.0 4224.0 6961825
13072.0 4224.0 3904855
13072.0 12012.0 7256581
1424.0 3960.0 4958276
2768.0 12012.0 3141592
3120.0 12012.0 2050126
7696.0 12012.0 5032431
7824.0 3960.0 2364353
1456.0 3960.0 4857276
3088.0 12012.0 10233642
12752.0 12012.0 2804753
12784.0 4224.0 8295648
2864.0 12012.0 946618
4240.0 3960.0 8825811
8016.0 3960.0 21995
8080.0 12012.0 2360571
8304.0 3960.0 863510
8368.0 3960.0 5943469
8592.0 3960.0 10399113
8656.0 3960.0 9797062
8880.0 3960.0 2766930
8944.0 3960.0 6594440
592.0 12012.0 2938122
880.0 3960.0 2031885
11664.0 4224.0 9977742
12048.0 12012.0 1956976
12976.0 12012.0 9215836
13392.0 4224.0 3164095
14288.0 12012.0 10244677
14320.0 4224.0 1338492
18384.0 12012.0 6152336
18874.0 11550.0 8907744
16208.0 12012.0 10315462
16560.0 3960.0 8548902
11376.0 4224.0 5569918
13392.0 12012.0 2027289
9968.0 4224.0 3310898
10096.0 12012.0 5193085
10256.0 4224.0 7413726
11376.0 12012.0 5709053
15824.0 3960.0 6960786
16016.0 12012.0 1412506
1008.0 3960.0 8585248
1104.0 3960.0 3077120
1232.0 12012.0 3092481
15280.0 3960.0 4456036
15920.0 12012.0 6859773
17360.0 12012.0 2582256
17776.0 12012.0 3406734
18192.0 12012.0 7246925
18608.0 12012.0 8858088
6480.0 12012.0 5202795
6576.0 3960.0 2225395
6160.0 3960.0 3842807
6384.0 12012.0 2515889
5520.0 12012.0 8433670
5584.0 3960.0 10780730
1968.0 3960.0 3724419
2000.0 12012.0 7682778
6192.0 3960.0 4802386
16496.0 12012.0 7395912
8944.0 12012.0 2567529
8976.0 3960.0 6515909
4432.0 3960.0 7775443
15216.0 12012.0 4936915
4496.0 3960.0 10471974
15632.0 12012.0 5462187
7216.0 12012.0 6856452
7504.0 3960.0 5400790
4720.0 3960.0 1976509
16048.0 12012.0 3157844
4784.0 3960.0 607189
16464.0 12012.0 7789636
1296.0 12012.0 4857764
1392.0 3960.0 6645874
15696.0 3960.0 8547406
15728.0 12012.0 1179850
16976.0 12012.0 5429388
11792.0 12012.0 4640309
11824.0 4224.0 7032809
11216.0 4224.0 443317
11216.0 12012.0 5700008
336.0 12012.0 3922728
368.0 3960.0 6220331
14608.0 12012.0 3329666
14640.0 4224.0 2456301
13968.0 12012.0 5189587
14032.0 4224.0 8556959
10416.0 4224.0 5864278
10448.0 12012.0 7747379
9808.0 4224.0 6676985
9872.0 12012.0 490276
15248.0 3960.0 6211798
15312.0 12012.0 3927359
13200.0 12012.0 1600477
13232.0 4224.0 6263872
12560.0 12012.0 7780063
12624.0 4224.0 3913389
3920.0 12012.0 10143685
3984.0 3960.0 2291062
4016.0 3960.0 5174847
4048.0 12012.0 3880551
4048.0 3960.0 6008524
4368.0 12012.0 2719705
3824.0 12012.0 7687623
3952.0 3960.0 5700706
4112.0 3960.0 1074120
4720.0 12012.0 5685623
4144.0 3960.0 3429916
4784.0 12012.0 7022242
4176.0 3960.0 2048696
4944.0 12012.0 8886890
4208.0 3960.0 5389258
5008.0 12012.0 1811364
528.0 3960.0 10911239
2640.0 3960.0 8374454
12112.0 4224.0 2352269
17392.0 3960.0 6230245
17520.0 12012.0 8188015
10800.0 4224.0 1408238
10928.0 12012.0 1120435
10704.0 4224.0 10305005
10736.0 12012.0 7349809
16688.0 3960.0 9521602
17168.0 12012.0 452578
13520.0 4224.0 10382867
18032.0 12012.0 5396234
18096.0 3960.0 4547276
10928.0 4224.0 2971425
16432.0 12012.0 5534334
17040.0 3960.0 365126
9424.0 4224.0 5606242
9520.0 12012.0 600558
10256.0 12012.0 1663324
10672.0 4224.0 10930320
13744.0 4224.0 1126240
18448.0 3960.0 8578832
18576.0 12012.0 2166100
656.0 3960.0 5358845
976.0 3960.0 4952537
1008.0 12012.0 677203
1136.0 3960.0 1333174
12176.0 12012.0 2557092
12240.0 4224.0 6436813
18800.0 3960.0 9707105
18800.0 12012.0 6962399
14800.0 12012.0 3689094
14928.0 4224.0 8627549
9520.0 4224.0 1275218
9712.0 12012.0 4286490
16336.0 3960.0 7377375
16368.0 12012.0 4648591
10832.0 4224.0 1171771
11536.0 12012.0 6726064
12208.0 4224.0 2222462
12272.0 12012.0 2270156
12336.0 4224.0 7642067
17744.0 3960.0 3587657
18096.0 12012.0 6951917
12688.0 12012.0 4424037
13648.0 4224.0 1582034
12880.0 12012.0 4200719
13616.0 4224.0 1293715
14672.0 12012.0 543084
15024.0 4224.0 7432816
5808.0 3960.0 5848130
5808.0 12012.0 8264962
5872.0 3960.0 114847
3472.0 12012.0 7368253
3856.0 3960.0 1535804
336.0 3960.0 6573963
912.0 3960.0 6417006
11344.0 12012.0 1962807
14544.0 12012.0 8712972
17872.0 3960.0 6005495
17936.0 12012.0 8274577
368.0 12012.0 5442727
464.0 3960.0 4251432
17520.0 3960.0 745879
17616.0 12012.0 7052902
4688.0 3960.0 2309650
7120.0 12012.0 695517
1744.0 3960.0 301083
5104.0 3960.0 8070403
3792.0 12012.0 2978983
7312.0 12012.0 9444508
17168.0 3960.0 2216490
17232.0 12012.0 10732446
3504.0 3960.0 9584615
6160.0 12012.0 9536315
1936.0 3960.0 1250241
4592.0 12012.0 9310832
6064.0 12012.0 8176294
9648.0 12012.0 8205306
16816.0 3960.0 1184404
16880.0 12012.0 3703438
15792.0 3960.0 7549709
16720.0 12012.0 524048
2352.0 3960.0 6503075
5264.0 12012.0 3093710
16464.0 3960.0 6282140
17008.0 12012.0 5410080
16112.0 3960.0 1014621
16272.0 12012.0 9611116
9168.0 3960.0 10748619
9168.0 12012.0 8454235
13360.0 12012.0 1951253
16112.0 12012.0 4479637
2928.0 3960.0 7190688
6960.0 12012.0 1113281
1776.0 3960.0 6753907
6512.0 12012.0 10125632
4144.0 12012.0 10141156
9808.0 12012.0 7052756
4816.0 3960.0 5652288
9616.0 12012.0 5506656
3824.0 3960.0 1767574
8656.0 12012.0 7625486
9264.0 3960.0 9935650
15216.0 4224.0 9130633
9104.0 3960.0 2825203
9200.0 3960.0 1094619
15120.0 4224.0 5239933
9072.0 3960.0 6421285
9328.0 12012.0 5194936
2672.0 3960.0 3641366
7760.0 12012.0 7506936
6000.0 3960.0 8896239
11632.0 12012.0 2646895
6032.0 3960.0 544624
11856.0 12012.0 6430963
4880.0 3960.0 6524121
10704.0 12012.0 134838
5456.0 3960.0 5530320
11280.0 12012.0 2920156
5168.0 3960.0 2668138
10992.0 12012.0 2218854
4592.0 3960.0 2013850
10416.0 12012.0 10003518
4912.0 3960.0 10526287
10864.0 12012.0 9185072
4336.0 3960.0 10139374
10288.0 12012.0 3222958
4624.0 3960.0 3717460
10576.0 12012.0 3923295
5200.0 3960.0 4347755
11152.0 12012.0 8696613
3248.0 3960.0 683259
9456.0 12012.0 2954930
7920.0 3960.0 7142164
14928.0 12012.0 750717
2096.0 3960.0 6792616
9008.0 12012.0 9984843
8176.0 3960.0 1135990
15344.0 12012.0 3247660
9232.0 3960.0 2378600
9328.0 4224.0 6689587
16656.0 12012.0 9956688
9136.0 3960.0 10781955
16560.0 12012.0 2096423
16624.0 12012.0 7447087
8208.0 3960.0 5470078
15760.0 12012.0 8322360
8464.0 3960.0 6368055
16176.0 12012.0 4495203
3632.0 12012.0 5563689
3696.0 3960.0 6831750
4272.0 12012.0 7248765
4368.0 3960.0 9783680
2480.0 12012.0 5111280
2544.0 3960.0 10464175
5136.0 12012.0 2289651
5264.0 3960.0 3125917
6608.0 3960.0 3483268
6672.0 12012.0 5454620
3120.0 3960.0 2874852
3248.0 12012.0 9058046
7376.0 12012.0 10369799
7408.0 3960.0 7522087
6128.0 3960.0 6052848
6256.0 12012.0 10579048
6992.0 3960.0 4027346
7056.0 12012.0 2216786
15888.0 3960.0 4997615
15952.0 3960.0 3313640
5904.0 3960.0 2139220
5968.0 3960.0 4016267
688.0 3960.0 2732545
848.0 3960.0 7383704
240.0 12012.0 10383233
464.0 12012.0 2012950
496.0 12012.0 5996704
752.0 12012.0 5759447
1296.0 3960.0 372724
1616.0 3960.0 10612214
784.0 3960.0 6278714
944.0 3960.0 9925845
1168.0 3960.0 1193601
16912.0 12012.0 7622574
17328.0 12012.0 1693838
7472.0 12012.0 862762
8208.0 12012.0 2703301
1104.0 12012.0 3941242
1264.0 3960.0 1524985
1072.0 12012.0 8362583
1232.0 3960.0 7584311
848.0 12012.0 1450862
1040.0 3960.0 3798813
272.0 12012.0 8951657
496.0 3960.0 2915745
304.0 12012.0 2746387
624.0 3960.0 10557073
8560.0 12012.0 4868781
9968.0 12012.0 3761668
5712.0 12012.0 4505587
7152.0 12012.0 9042416
3664.0 3960.0 9168325
4240.0 12012.0 4019349
3472.0 3960.0 2699266
4976.0 3960.0 10060393
5008.0 3960.0 9768987
6512.0 3960.0 6802236
7472.0 3960.0 749203
9040.0 3960.0 6312464
7056.0 3960.0 6928372
8784.0 3960.0 9036943
2512.0 3960.0 8166930
3344.0 12012.0 2278037
10224.0 12012.0 3992196
12080.0 12012.0 2562035
5072.0 3960.0 10796688
6928.0 3960.0 4852091
10480.0 12012.0 10838075
12432.0 12012.0 5427020
5296.0 3960.0 7365175
7344.0 3960.0 1318671
2320.0 3960.0 9942572
4400.0 3960.0 8876719
6640.0 3960.0 6338788
8752.0 3960.0 1158478
10512.0 12012.0 1923270
12784.0 12012.0 6722992
6224.0 3960.0 6651471
8496.0 3960.0 3730619
10768.0 12012.0 5369984
13136.0 12012.0 10422298
15344.0 3960.0 6331892
16944.0 12012.0 6077688
5360.0 3960.0 954689
7760.0 3960.0 5058650
1520.0 3960.0 7663780
3024.0 12012.0 10417749
1328.0 3960.0 5740102
2896.0 12012.0 7216942
2896.0 3960.0 9704885
5392.0 3960.0 4439767
10800.0 12012.0 2058105
13488.0 12012.0 6300071
11056.0 12012.0 9365231
13840.0 12012.0 3245279
18576.0 3960.0 9854317
18704.0 12012.0 8448133
18224.0 3960.0 8132438
18288.0 12012.0 1175494
3088.0 3960.0 10534818
5040.0 12012.0 9193472
4496.0 12012.0 2411267
4528.0 3960.0 7116396
11088.0 12012.0 5094714
14192.0 12012.0 3278776
