# C:\Users\gielpa\PycharmProjects\Genetic-Algorithm\data-bak\vm1748.tsp\data
15440.0 11286.0 18606713
16688.0 8228.0 10839124
17936.0 6116.0 10429465
6320.0 12144.0 15075386
6400.0 9680.0 9111613
6480.0 6842.0 4648627
1232.0 10098.0 9064168
1376.0 5588.0 3177789
1520.0 4796.0 10875377
4272.0 12452.0 13194924
4400.0 10296.0 6919930
4528.0 7150.0 3013940
5088.0 10296.0 2150435
5648.0 8624.0 5014980
5968.0 6952.0 9939373
5648.0 12452.0 15898202
6288.0 5478.0 12337913
6288.0 7986.0 16885746
6320.0 9020.0 5564820
6352.0 11814.0 6669664
6736.0 9020.0 9593944
7120.0 6820.0 7349761
18224.0 4213.0 14916089
18642.5 4422.0 8506304
14128.0 7084.0 12876114
14704.0 9548.0 18157817
15280.0 11946.0 926994
3504.0 11814.0 14083224
4656.0 9020.0 18603002
5808.0 6512.0 6856113
784.0 5390.0 9206035
880.0 6776.0 223509
976.0 7150.0 10413739
1040.0 7524.0 17425621
1104.0 11066.0 11667339
9104.0 12078.0 16135241
10464.0 9548.0 3878252
11824.0 6776.0 5367685
10768.0 11770.0 7816816
11264.0 8932.0 15000369
11760.0 6468.0 10471348
10064.0 13046.0 5130050
10576.0 11484.0 7068224
11088.0 8052.0 17552491
9072.0 11550.0 8325803
10592.0 8492.0 8580710
12112.0 6248.0 13894563
8688.0 12782.0 3845508
10368.0 10956.0 7256943
12048.0 7480.0 18161744
8656.0 12672.0 11126415
10528.0 10736.0 12171213
12400.0 7370.0 17462834
8528.0 12298.0 12127959
10432.0 9988.0 372300
12336.0 6996.0 14242057
8464.0 12408.0 14098766
8512.0 10208.0 8622735
8560.0 7414.0 4100073
7216.0 11770.0 17175414
7488.0 8932.0 11888476
7760.0 6776.0 11115584
12560.0 12056.0 12067768
13360.0 9768.0 8679392
14160.0 7194.0 2226502
13680.0 10912.0 18287014
16016.0 7480.0 366719
18352.0 5742.0 4201747
17712.0 11528.0 2187028
17936.0 8448.0 8907282
18160.0 6226.0 5549539
12784.0 12166.0 6495993
13840.0 9988.0 14955181
14896.0 7304.0 7777813
13712.0 9482.0 12933865
4208.0 7634.0 17584304
6304.0 11264.0 8516701
8400.0 12936.0 10230236
10480.0 4862.0 14364393
11392.0 5104.0 18226400
12304.0 9724.0 6639086
12592.0 12166.0 15923226
12624.0 9988.0 7175654
12656.0 7304.0 7932806
14864.0 12276.0 6208851
14944.0 10208.0 5505050
15024.0 7414.0 13109344
4432.0 5808.0 4450604
6112.0 7612.0 9256612
7792.0 11110.0 6366977
16496.0 7678.0 12970546
17456.0 10736.0 1846588
18416.0 12672.0 5362649
1200.0 10318.0 8226413
1232.0 6028.0 10534857
1264.0 5016.0 18095925
16400.0 7568.0 16766068
17152.0 10516.0 5738292
17904.0 12562.0 13222661
3984.0 7524.0 3381082
6128.0 11044.0 414960
8272.0 12826.0 16251112
16336.0 11946.0 15265320
16656.0 9548.0 16566612
16976.0 6776.0 4559629
1008.0 4906.0 13129715
1024.0 5808.0 501459
1040.0 10208.0 13123656
5808.0 11968.0 3495903
5872.0 9328.0 5646040
5936.0 6666.0 8805598
4432.0 11550.0 7812406
4544.0 8492.0 1607141
4656.0 6248.0 6712423
16848.0 12914.0 15778256
17616.0 11484.0 13061948
18384.0 7744.0 838628
8240.0 12034.0 917447
8336.0 9460.0 6214862
8432.0 7040.0 10566203
1584.0 10582.0 13365705
1632.0 6556.0 3598673
1680.0 5280.0 15733531
2576.0 4906.0 16108915
2624.0 5808.0 9658294
2672.0 10208.0 6591630
16944.0 5852.0 3192904
16976.0 7700.0 10544154
17008.0 11022.0 5876458
880.0 9834.0 3170554
1136.0 5060.0 3402086
1392.0 4532.0 162455
5520.0 13200.0 10749167
5600.0 11792.0 5506888
5680.0 7898.0 8399698
3888.0 6248.0 2541258
4016.0 8492.0 4151066
4144.0 11550.0 14972257
16592.0 12650.0 13596382
17344.0 10956.0 17015106
18096.0 7480.0 6748754
8016.0 12034.0 7706442
8080.0 9460.0 4790578
8144.0 7040.0 4205713
16784.0 9680.0 1331846
17296.0 5016.0 14030436
17808.0 4510.0 14980085
784.0 10846.0 16151299
944.0 7084.0 47217
1104.0 5544.0 2515309
7728.0 12298.0 11713717
7824.0 9988.0 6258519
7920.0 7304.0 229153
5232.0 13046.0 12402509
5376.0 11484.0 6579244
5520.0 7744.0 11972535
3856.0 9306.0 11339243
4720.0 11924.0 11024883
4848.0 9240.0 6236931
4976.0 6622.0 7204790
17616.0 11154.0 10224551
18144.0 7700.0 14009142
18672.0 5852.0 17191394
7376.0 12034.0 360383
7440.0 9460.0 13394443
7504.0 7040.0 3742896
1808.0 12452.0 5130123
1888.0 10296.0 7276377
1968.0 7150.0 8838191
12528.0 6446.0 3461051
12688.0 8888.0 5041638
12848.0 11616.0 6659500
14608.0 8888.0 3726811
16368.0 6754.0 9081222
16368.0 9438.0 3166840
17088.0 9988.0 9384932
17808.0 12298.0 15226789
1680.0 10736.0 14069148
1744.0 6864.0 15791831
1808.0 5434.0 9674520
5936.0 12408.0 4232888
6048.0 10208.0 10225975
6160.0 7106.0 1086116
17680.0 12892.0 10709635
18096.0 11176.0 166197
18512.0 7590.0 13676005
10320.0 5236.0 11617802
10960.0 5852.0 9576569
11600.0 10230.0 16457377
18800.0 5093.0 18632446
18930.5 6182.0 3342877
4848.0 14520.0 5446135
5536.0 14432.0 322991
6224.0 11946.0 8759793
6304.0 9460.0 8862587
6224.0 14520.0 7605718
6384.0 6732.0 6033027
1936.0 10164.0 2950184
2016.0 5720.0 18334294
2096.0 4862.0 830161
816.0 9944.0 2120292
1024.0 5280.0 11598915
1232.0 4642.0 18520753
18448.0 4389.0 18303162
18754.5 4774.0 244064
6672.0 6886.0 9239304
6736.0 9768.0 14020696
6800.0 11154.0 1560099
9392.0 12540.0 15109666
6800.0 13750.0 7127442
6800.0 12694.0 7059163
11984.0 8272.0 4352557
12128.0 12540.0 16321600
12272.0 13442.0 15469535
10736.0 12408.0 14548003
11600.0 10208.0 16314529
12464.0 7106.0 2698369
8784.0 12034.0 9861485
8880.0 9460.0 5646782
8976.0 7040.0 2017727
3280.0 6028.0 9871829
5424.0 8052.0 17903526
7568.0 11330.0 5273088
10544.0 13156.0 18184258
10592.0 11704.0 2265472
10640.0 8162.0 15359701
7824.0 7458.0 11530237
7872.0 10296.0 115804
7920.0 12452.0 7207515
10608.0 14168.0 3839832
11296.0 13728.0 2194328
11984.0 13288.0 3966436
12016.0 12848.0 14816283
11984.0 14036.0 15987565
12048.0 12166.0 7130804
12160.0 11484.0 17047338
12272.0 7744.0 18594885
9360.0 14520.0 5019659
10400.0 14432.0 7867293
11440.0 11022.0 14468098
12288.0 7612.0 8093406
11440.0 14520.0 1951309
13136.0 6116.0 7610941
5776.0 4202.0 16120899
5888.0 4400.0 16494667
6000.0 4202.0 17018577
6000.0 8052.0 11614600
8176.0 11704.0 10176741
10352.0 11440.0 15094663
10448.0 11176.0 6441568
10352.0 13156.0 8962366
10544.0 7898.0 15029973
11568.0 11660.0 13140230
11616.0 8712.0 3647073
11664.0 6358.0 5863112
656.0 9306.0 12396057
16304.0 11396.0 4691172
16976.0 8448.0 10185612
17648.0 6226.0 17173495
6608.0 12144.0 15681304
6624.0 9680.0 18545252
6640.0 6842.0 4714925
6032.0 4202.0 9037635
6048.0 4400.0 7087029
6064.0 4202.0 7073260
11632.0 6666.0 13569218
11920.0 9328.0 9739459
12208.0 11836.0 9661117
253.5 4422.0 1866974
304.0 4213.0 1085318
10864.0 10890.0 9526292
12272.0 7172.0 3153299
13680.0 5896.0 1059691
9520.0 13838.0 7876383
10880.0 13068.0 9244314
12240.0 12496.0 9737925
13024.0 11924.0 6922353
12240.0 13706.0 17257034
13808.0 8272.0 15418606
7536.0 12034.0 14327709
7744.0 9460.0 5097568
7952.0 7040.0 9695572
3120.0 6248.0 17422183
3200.0 8492.0 9127294
3280.0 11550.0 7918273
11376.0 9306.0 10061080
3152.0 11660.0 5393061
3200.0 8712.0 696115
3248.0 6358.0 10969410
1392.0 10472.0 2226044
1472.0 6336.0 13505045
1552.0 5170.0 4560478
464.0 9108.0 15757331
576.0 14212.0 6061256
688.0 14410.0 17616111
7600.0 12144.0 4288851
7632.0 9680.0 3353102
7664.0 7150.0 5918329
5360.0 8052.0 14687501
5520.0 12100.0 2897566
5680.0 13354.0 12482090
10032.0 10560.0 15517201
10112.0 6512.0 4185118
10192.0 5566.0 8478671
3056.0 5522.0 4698078
4272.0 7040.0 7283879
5488.0 10824.0 1066182
9936.0 12892.0 11499937
10016.0 11176.0 2148775
10096.0 7898.0 1900796
560.0 4092.0 10264822
656.0 4180.0 13776496
752.0 4092.0 15326555
752.0 8096.0 8676311
2976.0 12012.0 17012520
5200.0 13310.0 1742939
4944.0 11660.0 18596715
5168.0 8712.0 15451933
5392.0 5698.0 5142113
5392.0 8052.0 4270602
5824.0 7392.0 963319
6256.0 5698.0 1718112
6256.0 8800.0 8780268
6624.0 10208.0 8475110
6992.0 12320.0 15534676
6992.0 14520.0 2322625
7200.0 14432.0 2725417
7408.0 14520.0 559636
9232.0 11330.0 11718045
9280.0 8052.0 571171
9328.0 6336.0 6814472
4880.0 7370.0 14818704
5888.0 10736.0 5948268
6896.0 10252.0 9516410
6992.0 9768.0 4840983
6896.0 12672.0 7482943
7088.0 7194.0 18024706
3760.0 12672.0 18220672
3904.0 10736.0 15588422
4048.0 7370.0 668560
8304.0 12144.0 2873563
8352.0 9680.0 3781837
8400.0 7150.0 6064432
9776.0 11440.0 4281481
11280.0 8272.0 10823616
12784.0 6446.0 12626665
7056.0 9614.0 11919885
14320.0 7194.0 18598285
14416.0 9768.0 4594473
14512.0 12056.0 16232771
14704.0 12276.0 1910345
14720.0 10208.0 7866660
14736.0 7414.0 5126147
2928.0 5918.0 15415050
3296.0 7832.0 4523658
3664.0 11220.0 18320995
4128.0 7832.0 8864897
4592.0 5918.0 11989742
13072.0 9482.0 6918926
10480.0 10560.0 2567253
11552.0 6512.0 2076388
12624.0 5566.0 5205750
6896.0 7040.0 17793652
7008.0 9460.0 5600149
7120.0 12034.0 1369833
3408.0 7150.0 2394703
3568.0 10296.0 12617214
3728.0 12452.0 5033709
7248.0 12188.0 15240757
7328.0 9768.0 4915212
7408.0 7194.0 11589026
3568.0 6886.0 2477972
3744.0 9768.0 1804972
3920.0 12188.0 5935779
2896.0 7040.0 6163996
3216.0 10076.0 5016010
3536.0 12342.0 17837661
4144.0 10076.0 301197
4752.0 7040.0 154545
12720.0 12166.0 1263398
12736.0 9988.0 6684758
12752.0 7304.0 10237911
2800.0 12034.0 6565027
2816.0 9460.0 5767733
2832.0 6732.0 9809801
8112.0 12144.0 17936722
8160.0 9680.0 18097922
8208.0 7150.0 16299932
1328.0 10362.0 416137
1392.0 6116.0 12805828
1456.0 5060.0 14058664
12176.0 7524.0 3986100
12336.0 11044.0 6947125
12496.0 12694.0 2303524
9136.0 12188.0 12182619
10336.0 9768.0 15078178
11536.0 6886.0 3585043
11312.0 11880.0 18246856
11392.0 9152.0 7531292
11472.0 6578.0 13912072
9296.0 11110.0 14417252
10096.0 7612.0 2992346
10896.0 6116.0 8095877
5072.0 5918.0 17526034
5792.0 7832.0 6318222
6512.0 11220.0 18241784
9904.0 11220.0 4871241
10336.0 7832.0 6060346
10768.0 6226.0 1691557
5040.0 6248.0 17519914
5984.0 8492.0 14040243
6928.0 11550.0 2758227
11280.0 13200.0 1655372
11312.0 11792.0 695200
11344.0 7898.0 1533194
5456.0 6996.0 17888474
6448.0 9988.0 7315669
7440.0 12298.0 13690978
12592.0 6248.0 13130135
12608.0 8492.0 9681706
12624.0 11418.0 539738
12368.0 11836.0 17073689
14704.0 9328.0 15324472
17040.0 6666.0 12064403
11632.0 12056.0 14007478
11664.0 9768.0 14346664
11696.0 6886.0 18695175
14480.0 11726.0 5050738
14496.0 9108.0 8623128
14512.0 6864.0 10305841
17520.0 6380.0 340898
17584.0 8756.0 12418810
17648.0 11682.0 13587577
592.0 4356.0 16631010
608.0 4708.0 17036893
624.0 9658.0 17222172
11408.0 7854.0 14113200
11904.0 11704.0 13974190
12400.0 13024.0 789768
13296.0 11704.0 6198571
14192.0 8162.0 2943700
11600.0 4774.0 11465574
11840.0 5544.0 17538196
12080.0 9944.0 12527896
17552.0 6490.0 7990945
17664.0 8976.0 11921911
17776.0 11792.0 13279509
12464.0 12540.0 1392117
12480.0 10736.0 16734939
12496.0 7370.0 8398475
17744.0 11638.0 14175391
17808.0 8668.0 14964970
17872.0 6336.0 8133863
16624.0 11022.0 11310855
16640.0 7700.0 11913461
16656.0 6160.0 13267320
13232.0 11946.0 5042787
13344.0 9548.0 14527497
13456.0 7084.0 1782065
10192.0 12408.0 17109236
10272.0 10208.0 3140032
10352.0 7414.0 4710754
18736.0 4741.0 6023188
18898.5 5478.0 809063
912.0 9658.0 7647387
992.0 4708.0 1603057
1072.0 4356.0 13834464
14320.0 12276.0 9094210
14384.0 10208.0 12265732
14448.0 7414.0 12636573
7696.0 12144.0 15510384
7712.0 9680.0 7226538
7728.0 7150.0 15396160
18640.0 4565.0 15540012
18850.5 5126.0 12417019
14768.0 12276.0 4121134
14784.0 10208.0 15750484
14800.0 7414.0 17506193
9872.0 6336.0 5214028
10000.0 8052.0 4533420
10128.0 11330.0 9767901
16496.0 12694.0 5296039
16512.0 11044.0 17048568
16528.0 7832.0 14189757
15376.0 11946.0 5548117
15392.0 9548.0 3231987
15408.0 7084.0 11521535
5712.0 4092.0 1027964
5776.0 4180.0 17686851
5840.0 4092.0 8417618
5968.0 4180.0 4152746
6096.0 4092.0 740059
6096.0 8052.0 3986361
6384.0 11924.0 8518571
6672.0 13266.0 12850451
6688.0 11924.0 11000384
6704.0 7964.0 12529927
6784.0 11924.0 14569484
6864.0 13266.0 9395483
7152.0 12034.0 6759164
7200.0 9460.0 1808854
7248.0 7040.0 7248743
7312.0 14388.0 14536443
11632.0 14168.0 677728
15952.0 14256.0 1405021
15664.0 11946.0 2758274
15904.0 9548.0 1892585
16144.0 7084.0 2965730
17584.0 11264.0 11330395
17824.0 7920.0 11204629
18064.0 5962.0 4229253
14608.0 7194.0 11360449
15520.0 9768.0 16171464
16432.0 12056.0 12520102
4560.0 4092.0 6038727
4672.0 4180.0 5239555
4784.0 4092.0 17443004
4784.0 8250.0 18678498
6464.0 12320.0 14384950
8144.0 13464.0 10718494
9616.0 12408.0 10849983
9648.0 10208.0 17241557
9680.0 7414.0 8734948
12112.0 12056.0 6044867
12176.0 9768.0 8848213
12240.0 6886.0 6747555
8368.0 12254.0 16207079
8416.0 9900.0 6105941
8464.0 7260.0 1232931
18896.0 5269.0 10905769
18978.5 6534.0 16518429
11952.0 11682.0 10840724
12080.0 9020.0 3369863
12208.0 6512.0 3007873
10320.0 10560.0 706731
10368.0 6512.0 6428010
10416.0 5566.0 4976811
4336.0 4774.0 4423378
7808.0 5544.0 4797137
11280.0 4774.0 1321229
11280.0 8514.0 16985648
11552.0 11484.0 13459229
11824.0 12914.0 8352312
12656.0 12320.0 4838250
12848.0 10296.0 2785252
13040.0 7458.0 12197141
11888.0 6776.0 14205092
12528.0 9548.0 7151684
13168.0 11946.0 9226760
3344.0 12188.0 17693886
3440.0 9768.0 4976577
3536.0 6886.0 16091329
6128.0 4092.0 9398024
6352.0 4180.0 6205401
6576.0 4092.0 14960626
6576.0 6006.0 2230425
6656.0 7832.0 2214749
6736.0 11220.0 4840270
11792.0 11528.0 11657237
11872.0 8712.0 13992468
11952.0 6358.0 7615766
7216.0 6556.0 10615661
7968.0 8492.0 10161598
8720.0 11550.0 12403984
4816.0 6886.0 9305033
5440.0 9768.0 5658170
6064.0 12188.0 5706248
8944.0 12408.0 7717821
9200.0 10208.0 6614800
9456.0 7414.0 3083515
9968.0 12408.0 8999990
10016.0 10208.0 9956070
10064.0 7414.0 13028612
3632.0 6776.0 15649766
4800.0 9548.0 5570678
5968.0 12078.0 2130057
15536.0 12166.0 8164139
15568.0 9988.0 3506714
15600.0 7304.0 18355760
11728.0 12056.0 16136864
11824.0 9768.0 10061602
11920.0 6886.0 4076162
6448.0 11000.0 12216401
6688.0 7392.0 8275622
6928.0 6006.0 2092574
4304.0 11660.0 4734133
4512.0 8712.0 12087947
4720.0 6358.0 3787749
944.0 14520.0 4983395
1552.0 14432.0 9232860
2160.0 12518.0 4256009
2208.0 10604.0 15822556
2160.0 14520.0 14921820
2256.0 7304.0 5053371
7824.0 14278.0 7850665
11904.0 13948.0 5570440
15984.0 14146.0 5489797
5488.0 5368.0 9525700
8320.0 6732.0 14952507
11152.0 10670.0 11376255
13424.0 5038.0 1888166
13824.0 5456.0 4448822
14224.0 4708.0 17479266
14224.0 5126.0 3539558
14528.0 4796.0 4156618
14832.0 4708.0 17740848
14912.0 4796.0 18343657
14992.0 4708.0 8220744
15184.0 4796.0 5959010
15376.0 4708.0 2365950
15376.0 5500.0 13648591
15504.0 6204.0 7341344
15632.0 10274.0 1589100
15903.5 6204.0 2543664
16176.0 4708.0 15243150
16368.0 4796.0 18110210
16176.0 5478.0 4396619
16560.0 4708.0 8851244
16640.0 4796.0 344712
16720.0 4708.0 664488
16784.0 4796.0 8609636
16848.0 4708.0 13196139
12880.0 4928.0 3208697
12944.0 5236.0 13821509
13008.0 4928.0 6888629
13152.0 5236.0 11365930
13296.0 4928.0 14720094
13823.5 5236.0 18526347
14352.0 4818.0 8810145
14496.0 5016.0 7795252
14352.0 5104.0 8728017
14640.0 4818.0 14461211
14704.0 5016.0 11507338
14768.0 4818.0 1358679
14864.0 5016.0 1603614
14960.0 4818.0 11621856
15104.0 5016.0 2104853
15248.0 4818.0 4429689
15248.0 5764.0 9602462
15712.0 6512.0 2928424
16176.0 10428.0 15989442
16239.5 6512.0 6446753
16304.0 4818.0 15272383
16448.0 5016.0 18058243
16304.0 5742.0 12799583
16592.0 4818.0 1083732
4464.0 6886.0 7205166
4528.0 9768.0 5888073
4592.0 12188.0 12910778
11024.0 12936.0 18113802
14064.0 11264.0 11156267
17104.0 7634.0 11893903
2384.0 10054.0 1470836
2448.0 5500.0 7027480
2512.0 4752.0 9182860
1648.0 14190.0 15635325
2304.0 13772.0 7494026
2960.0 11616.0 13770554
3024.0 9460.0 8497129
2960.0 14190.0 16137634
3088.0 6732.0 14663526
1296.0 14300.0 13744688
1920.0 13992.0 14818104
2544.0 9746.0 4980897
2608.0 5500.0 7245621
2544.0 14300.0 1356300
2672.0 4752.0 10541487
9648.0 11220.0 10356068
9696.0 7832.0 8796871
9744.0 6226.0 8600777
9488.0 12408.0 2149213
9536.0 10208.0 1433036
9584.0 7414.0 6855995
8816.0 12144.0 10157118
8832.0 9680.0 17813522
8848.0 7150.0 4667934
5136.0 13574.0 16036362
5232.0 12540.0 18286179
5328.0 8272.0 1233740
3088.0 12562.0 17775922
3584.0 10516.0 2743488
4080.0 7260.0 513524
3248.0 12034.0 13886160
3296.0 9460.0 1157354
3344.0 6732.0 15242954
10960.0 11880.0 417
10992.0 9152.0 6699026
11024.0 6886.0 9811456
2992.0 12144.0 13369942
3088.0 9680.0 11605534
3184.0 6842.0 7407789
10896.0 11264.0 7999825
11040.0 7920.0 9686836
11184.0 6270.0 16338491
10832.0 11880.0 11924958
10880.0 9152.0 17668392
10928.0 6886.0 10145038
2000.0 14410.0 9709293
2688.0 14212.0 1036228
3376.0 11462.0 7119219
3440.0 8712.0 2622478
3376.0 14410.0 17712124
3504.0 6358.0 9928812
2224.0 10054.0 150986
2288.0 5500.0 4195178
2352.0 4752.0 8701712
6544.0 7744.0 14610052
7712.0 11484.0 11862120
8880.0 13046.0 8752777
13296.0 12276.0 8453761
13312.0 10208.0 1757593
13328.0 7414.0 18542455
17136.0 14256.0 9057226
17890.5 14168.0 14760573
4208.0 13156.0 16987263
4704.0 11704.0 14962976
5200.0 7854.0 15402854
11760.0 13816.0 2426129
14512.0 13288.0 16788010
17264.0 8646.0 3461477
17264.0 13596.0 10303301
17792.5 13948.0 8701070
18320.0 14278.0 11008331
15824.0 12320.0 11057240
16448.0 10296.0 163901
17072.0 7150.0 13771725
9712.0 12408.0 17486686
9776.0 10208.0 3398534
9840.0 7414.0 16392857
17072.0 13024.0 18690469
17200.0 11704.0 14121823
17328.0 7854.0 4579112
16464.0 12056.0 2261819
17696.0 9768.0 15328039
18928.0 6886.0 1592496
2736.0 6138.0 7073366
5296.0 8272.0 6721936
7856.0 11440.0 11199771
13136.0 11132.0 8239886
13184.0 7920.0 12274684
13232.0 6270.0 17489210
16720.0 11022.0 17559513
16736.0 7700.0 12390727
16752.0 6160.0 4454435
15920.0 12166.0 9863033
15968.0 9988.0 14352730
16016.0 7304.0 5205319
15504.0 11946.0 1362389
15520.0 9548.0 14102778
15536.0 7084.0 6207309
205.5 13992.0 11822458
208.0 8998.0 8976039
368.0 13992.0 15008331
528.0 14300.0 3820357
16016.0 12430.0 13768900
16032.0 10516.0 18120558
16048.0 7568.0 6087429
16048.0 12584.0 13973489
16064.0 10824.0 15302093
16080.0 7722.0 18384918
14032.0 11946.0 1883089
14048.0 9548.0 11015668
14064.0 7084.0 2943557
13584.0 9482.0 14552264
14608.0 12276.0 13589139
14640.0 10208.0 3700754
14672.0 7414.0 3056650
13392.0 9482.0 1813490
16688.0 9790.0 7831847
17232.0 5236.0 16336590
17776.0 4620.0 13326690
16208.0 9482.0 10795038
5104.0 11924.0 12652579
5168.0 9240.0 6970821
5232.0 4224.0 11488309
5232.0 7018.0 3675680
6112.0 4796.0 5058404
5232.0 4642.0 303881
6992.0 4708.0 13756552
4400.0 7260.0 17695321
9376.0 10516.0 16726884
14352.0 12430.0 13021685
5392.0 11924.0 654088
5488.0 9240.0 11266900
5584.0 6622.0 6089998
5776.0 11660.0 6339227
5840.0 8712.0 17568230
5904.0 6358.0 1312738
944.0 5654.0 1836968
1216.0 7304.0 3245738
1488.0 10956.0 7360356
3664.0 5632.0 5779627
3840.0 7260.0 16584780
4016.0 10934.0 1254024
7984.0 11770.0 5098656
9360.0 8932.0 17124874
10736.0 6776.0 3012546
5616.0 7744.0 13953250
5888.0 11484.0 6905861
6160.0 13046.0 16755781
17232.0 4202.0 5378391
17600.0 4400.0 12896273
17968.0 9504.0 8130024
1616.0 4752.0 16468247
1872.0 5500.0 9108387
2128.0 10054.0 2497457
1872.0 5082.0 14185590
2176.0 6160.0 8222196
2480.0 10384.0 18097258
12304.0 4224.0 830570
12304.0 4620.0 8741295
13104.5 4796.0 7105981
13904.0 4708.0 3397237
9968.0 5456.0 16883697
10768.0 6292.0 656452
11568.0 5148.0 15827635
1200.0 4422.0 5109890
2080.0 4840.0 9436224
2960.0 4422.0 12509740
1904.0 6886.0 16343167
2368.0 9768.0 16098883
2832.0 12188.0 13378579
1424.0 4532.0 5605205
2400.0 5060.0 8164407
3376.0 4532.0 16717050
2160.0 7150.0 653045
2672.0 10296.0 2308685
3184.0 12452.0 3954518
912.0 4202.0 10814556
1552.0 4400.0 718149
2192.0 4202.0 2737395
2608.0 4400.0 4960258
3024.0 4202.0 11776265
269.0 4774.0 4627115
336.0 4213.0 17366565
336.0 4598.0 15675256
1488.0 4642.0 6726324
2639.5 5280.0 8372930
3792.0 4466.0 15965992
3792.0 5104.0 9161367
880.0 4092.0 16429991
1552.0 4180.0 750576
2224.0 4092.0 3032991
2416.0 4180.0 9579629
2608.0 4092.0 7210218
3024.0 4180.0 2987258
3440.0 4092.0 5794931
18352.0 12518.0 5225306
18528.0 10428.0 509901
18704.0 7216.0 1935004
1904.0 12342.0 10276870
1984.0 10076.0 2609630
2064.0 7040.0 18539220
18768.0 4917.0 14457991
18914.5 5830.0 16030934
18256.0 12408.0 698289
18368.0 10208.0 1599907
18480.0 7106.0 15627421
1840.0 10274.0 4699336
1920.0 5940.0 6573498
2000.0 4972.0 2122754
18224.0 12298.0 8618148
18320.0 9988.0 1692170
18416.0 6996.0 901889
1616.0 10208.0 2577408
1696.0 5808.0 1217542
1776.0 4906.0 4053325
17840.0 6446.0 5931101
17888.0 8888.0 344685
17936.0 11748.0 5834471
17904.0 6336.0 6405893
17952.0 8668.0 13791016
18000.0 11638.0 4364581
12144.0 4994.0 5332310
13920.0 5984.0 12104887
15696.0 5302.0 1704656
17680.0 7106.0 16884503
17760.0 10208.0 18532623
17840.0 12408.0 2263585
1520.0 10318.0 13967205
1616.0 6028.0 10059714
1712.0 5016.0 1049026
11216.0 6578.0 8429415
11232.0 9152.0 7433151
11248.0 11880.0 5601052
8176.0 6006.0 15280673
9952.0 7392.0 8270118
11728.0 5698.0 16142096
18128.0 6996.0 8847096
18144.0 9988.0 1020451
18160.0 12298.0 6351159
12016.0 4884.0 10281053
13935.5 5764.0 5244305
15856.0 5016.0 16557862
15856.0 5588.0 14011883
8016.0 4972.0 12405091
9936.0 5324.0 5830816
11856.0 4664.0 14680146
6832.0 4510.0 1648740
6991.5 5016.0 14328658
7152.0 4708.0 6950649
7216.0 4796.0 8337148
7152.0 4884.0 950824
7280.0 4708.0 5039690
7296.0 4796.0 12176021
7312.0 4708.0 2991859
7440.0 4796.0 9086388
7568.0 4708.0 3801385
8096.0 4796.0 10122924
8624.0 4708.0 15683795
8768.0 4796.0 11138271
8912.0 4708.0 10719661
9072.0 4796.0 13070826
9232.0 4708.0 1987024
9376.0 4796.0 6310876
9520.0 4708.0 17028371
10048.0 4796.0 18142391
10576.0 4708.0 16793827
10720.0 4796.0 15079979
10864.0 4708.0 1952878
18096.0 13156.0 13509304
18144.0 11704.0 17345188
18192.0 7854.0 6752081
6864.0 4620.0 18645849
7279.5 5236.0 16470627
7696.0 4818.0 11713585
8096.0 5016.0 11229747
7696.0 5104.0 2508356
8496.0 4818.0 2485303
8688.0 5016.0 11636809
8880.0 4818.0 6227532
8960.0 5016.0 1129138
9040.0 4818.0 248124
9072.0 5016.0 15643235
9104.0 4818.0 266098
9184.0 5016.0 11221557
9264.0 4818.0 18464599
9456.0 5016.0 12764311
9648.0 4818.0 4158005
10048.0 5016.0 13518885
10448.0 4818.0 13872429
10448.0 5544.0 15431747
10640.0 6072.0 9160915
10832.0 5346.0 2162583
10912.0 6072.0 3475353
10992.0 4708.0 13334597
10992.0 5434.0 1204727
11056.0 4796.0 1914307
11120.0 4708.0 2610401
4112.0 6886.0 19348
4176.0 9768.0 2749399
4240.0 12188.0 4740644
3920.0 6358.0 6744592
4048.0 8712.0 18539325
4176.0 11660.0 2806746
4400.0 12716.0 12474033
4448.0 10824.0 5529867
4496.0 7414.0 926657
3760.0 7150.0 6599081
3856.0 10296.0 16072134
3952.0 12452.0 9177976
18064.0 11638.0 7943441
18560.0 8668.0 11560583
19056.0 6336.0 2002765
9200.0 10186.0 11610568
9248.0 5764.0 9286779
9296.0 5192.0 16967247
3728.0 6402.0 14459990
3808.0 8800.0 9702458
3888.0 11704.0 1161534
4880.0 13046.0 5049772
5008.0 11484.0 12083021
5136.0 7744.0 5850011
8496.0 14058.0 13851520
10256.0 13508.0 3709861
12016.0 13926.0 10575601
16880.0 11022.0 1965435
16896.0 7700.0 81304
16912.0 6160.0 18265844
15760.0 12166.0 5515518
15792.0 9988.0 15304830
15824.0 7304.0 17500834
3440.0 11550.0 14588116
3632.0 8492.0 14000221
3824.0 6248.0 3520877
16944.0 11176.0 17331694
17056.0 8008.0 11881951
17168.0 6006.0 929841
17232.0 11506.0 65703
17264.0 8668.0 2454255
17296.0 6336.0 16877881
2704.0 6622.0 11880160
3696.0 9240.0 12193008
4688.0 11924.0 5407938
17296.0 11660.0 12914714
17360.0 8976.0 9712731
17424.0 6490.0 17321711
6224.0 5588.0 7820764
8320.0 7172.0 5265482
10416.0 10890.0 15104895
5968.0 6622.0 5299778
8208.0 9240.0 9569559
10448.0 11924.0 15642459
17424.0 12276.0 13477622
17440.0 10208.0 9982969
17456.0 7106.0 1364566
6768.0 5918.0 6782512
8160.0 7832.0 10246919
9552.0 11220.0 4855030
17328.0 13178.0 3058708
17344.0 12012.0 17296764
17360.0 8008.0 9843550
6352.0 6358.0 7367616
8768.0 8712.0 4130135
11184.0 11660.0 7964202
18960.0 4092.0 16278004
18976.0 4180.0 10811122
18992.0 4092.0 17943801
4240.0 4312.0 14495454
4303.5 4620.0 18006108
4368.0 4136.0 10216284
4368.0 4444.0 6876584
4176.0 4202.0 4480393
4240.0 4400.0 11876653
4304.0 4202.0 13305215
624.0 4202.0 2460538
736.0 4400.0 17636957
848.0 4202.0 15413330
3952.0 4092.0 9502770
3984.0 4180.0 6881336
4016.0 4092.0 14230662
4144.0 4180.0 12326907
4272.0 4092.0 5631661
6384.0 14520.0 8572341
6576.0 14432.0 16466149
6768.0 14520.0 164223
17200.0 4092.0 2136742
17408.0 4180.0 6783063
17616.0 4092.0 2040628
1072.0 10208.0 10429611
1184.0 5808.0 1268230
1296.0 4906.0 14091951
720.0 10230.0 12841116
880.5 5500.0 3749923
720.0 5676.0 3099976
1040.0 4752.0 9418100
1328.0 4906.0 556716
1376.0 5808.0 14258520
1424.0 10208.0 1185497
5040.0 14410.0 6024208
5584.0 14212.0 18258679
6128.0 14410.0 245261
6160.0 14212.0 16615322
6192.0 14410.0 14300529
6416.0 12034.0 11960971
6608.0 9460.0 2630255
6800.0 6732.0 10234874
1584.0 5126.0 8424090
1680.0 6248.0 8757882
1776.0 10428.0 5067677
18640.0 12298.0 18270710
18832.0 9988.0 18179009
19024.0 6996.0 16842956
12432.0 4510.0 5030515
13088.0 5016.0 4642020
13744.0 4818.0 3688942
1136.0 4312.0 12153573
1840.0 4620.0 16688684
2544.0 4312.0 8556231
10128.0 5786.0 8360083
10784.0 6952.0 2121788
11440.0 5478.0 3772367
15440.0 14388.0 12497427
17936.0 3960.0 7511521
6320.0 14652.0 10417407
6480.0 3960.0 11353538
1232.0 14652.0 7112713
1520.0 3960.0 10672817
4272.0 14652.0 17311985
4528.0 3960.0 6219240
5648.0 14652.0 8103011
6288.0 3960.0 9744066
6352.0 14652.0 13184454
7120.0 4576.0 11747528
18224.0 3960.0 14135169
19066.0 4422.0 9623769
14128.0 4576.0 13281903
15280.0 14388.0 2383908
3504.0 14652.0 3621759
5808.0 3960.0 8038518
784.0 3960.0 3179748
1104.0 14652.0 10144939
9104.0 14652.0 11210254
11824.0 3960.0 18197594
10768.0 14652.0 11789819
11760.0 3960.0 14573724
10064.0 14652.0 1137308
11088.0 4576.0 4768381
9072.0 14652.0 14320619
12112.0 3960.0 15688764
8688.0 14652.0 17550478
12048.0 3960.0 4774092
8656.0 14652.0 2135463
12400.0 3960.0 14549633
8528.0 14652.0 17039773
12336.0 3960.0 16472721
8464.0 14652.0 14042315
8560.0 4576.0 11632074
7216.0 14652.0 12382132
7760.0 4576.0 14086870
12560.0 14388.0 3783909
14160.0 4576.0 450597
13680.0 14388.0 8249028
18352.0 3960.0 313212
17712.0 14652.0 11191786
18160.0 3960.0 16751962
12784.0 14388.0 648968
14896.0 4576.0 14154245
13712.0 4576.0 14837241
13712.0 14388.0 12666016
4208.0 3960.0 886221
8400.0 14652.0 674995
10480.0 4576.0 1528664
12304.0 14388.0 18623194
12592.0 14388.0 453382
12656.0 4576.0 1987496
14864.0 14388.0 16368832
15024.0 4576.0 13927270
4432.0 3960.0 14680504
7792.0 14652.0 16855560
16496.0 4576.0 12185179
18416.0 14652.0 17895977
1200.0 14652.0 7990256
1264.0 3960.0 12018318
16400.0 4576.0 2455263
17904.0 14652.0 6219509
3984.0 3960.0 14880002
8272.0 14652.0 17270092
16336.0 14388.0 2323950
16976.0 3960.0 2611912
1008.0 3960.0 10672655
1040.0 14652.0 1439209
5808.0 14652.0 13429631
5936.0 3960.0 7315637
4432.0 14652.0 10192372
4656.0 3960.0 12348197
16848.0 14388.0 3691218
18384.0 3960.0 12188879
8240.0 14652.0 7791472
8432.0 4576.0 12804952
1584.0 14652.0 6496807
1680.0 3960.0 12277556
2576.0 3960.0 16860337
2672.0 14652.0 6106764
16944.0 3960.0 9202860
17008.0 14388.0 15189788
880.0 14652.0 5510790
1392.0 3960.0 5790085
5520.0 14652.0 6691561
5680.0 3960.0 2619648
3888.0 3960.0 3544857
4144.0 14652.0 8123330
16592.0 14388.0 3474986
18096.0 3960.0 8013549
8016.0 14652.0 14773487
8144.0 4576.0 17343256
16784.0 14388.0 3895386
17808.0 3960.0 13123593
784.0 14652.0 6098155
1104.0 3960.0 6815230
7728.0 14652.0 16771857
7920.0 4576.0 3411892
5232.0 14652.0 137382
5520.0 3960.0 15171144
3856.0 3960.0 11493640
3856.0 14652.0 13022452
4720.0 14652.0 4211783
4976.0 3960.0 6076668
17616.0 14652.0 4039354
18672.0 3960.0 7090370
7376.0 14652.0 5831429
7504.0 4576.0 16241028
1808.0 14652.0 2899140
1968.0 3960.0 15999723
12528.0 3960.0 10052845
12848.0 14388.0 7886815
16368.0 4576.0 5921353
17808.0 14652.0 11966191
1680.0 14652.0 18412119
1808.0 3960.0 18130628
5936.0 14652.0 16965910
6160.0 3960.0 17831907
17680.0 14652.0 14917169
18512.0 3960.0 14228066
10320.0 4576.0 12321186
11600.0 14652.0 17778771
18800.0 3960.0 2120153
19066.0 6182.0 7800524
4848.0 14652.0 6579499
6224.0 14652.0 13285697
6384.0 3960.0 17688410
1936.0 14652.0 3939213
2096.0 3960.0 17922771
816.0 14652.0 4243454
1232.0 3960.0 10190301
18448.0 3960.0 2200929
19066.0 4774.0 8114486
6672.0 3960.0 3713018
6800.0 14652.0 16442124
11984.0 3960.0 12551493
12272.0 14388.0 10759508
10736.0 14652.0 17067783
12464.0 3960.0 7646917
8784.0 14652.0 5606058
8976.0 4576.0 10681508
3280.0 3960.0 14878726
7568.0 14652.0 6100166
10544.0 14652.0 10900511
10640.0 4576.0 13035238
7824.0 4576.0 12611537
7920.0 14652.0 10761399
10608.0 14652.0 6539745
11984.0 14388.0 11924064
12272.0 3960.0 18069035
9360.0 14652.0 17812517
11440.0 14652.0 6772669
13136.0 4576.0 17093786
5776.0 3960.0 7913536
6000.0 3960.0 1851586
10352.0 14652.0 16667716
10544.0 4576.0 16720371
11568.0 14652.0 99165
11664.0 3960.0 2995747
656.0 3960.0 391185
656.0 14652.0 16407973
16304.0 14388.0 11565428
17648.0 3960.0 9286743
6608.0 14652.0 11705193
6640.0 3960.0 16012112
6032.0 3960.0 15338435
6064.0 3960.0 3942151
11632.0 3960.0 140340
12208.0 14388.0 12764509
198.0 4422.0 16481700
304.0 3960.0 13593510
10864.0 14652.0 4252672
13680.0 4576.0 5110670
9520.0 14652.0 3990645
12240.0 14388.0 10873853
13808.0 4576.0 1447641
7536.0 14652.0 18138649
7952.0 4576.0 2702399
3120.0 3960.0 14969101
3280.0 14652.0 9706240
11376.0 3960.0 16205677
11376.0 14652.0 10098923
3152.0 14652.0 17427805
3248.0 3960.0 9941841
1392.0 14652.0 2193691
1552.0 3960.0 11206299
464.0 3960.0 11112099
688.0 14652.0 12970648
7600.0 14652.0 2948973
7664.0 4576.0 3044609
5360.0 3960.0 5267077
5680.0 14652.0 9948259
10032.0 14652.0 18350404
10192.0 4576.0 3958080
3056.0 3960.0 12907418
5488.0 14652.0 17018542
9936.0 14652.0 9470003
10096.0 4576.0 4507804
560.0 3960.0 40735
752.0 3960.0 16276337
5200.0 14652.0 68334
4944.0 14652.0 2821722
5392.0 3960.0 541111
6256.0 3960.0 16268605
6992.0 14652.0 1123496
7408.0 14652.0 14286422
9232.0 14652.0 462545
9328.0 4576.0 13759038
4880.0 3960.0 10217973
6896.0 14652.0 10138458
7088.0 4576.0 395362
3760.0 14652.0 13396768
4048.0 3960.0 8207724
8304.0 14652.0 11194798
8400.0 4576.0 9344694
9776.0 14652.0 8852973
12784.0 4576.0 6574121
7056.0 4576.0 3761098
7056.0 14652.0 584623
14320.0 4576.0 17536410
14512.0 14388.0 5398318
14704.0 14388.0 7484105
14736.0 4576.0 2189563
2928.0 3960.0 2208054
3664.0 14652.0 7523325
4592.0 3960.0 965059
13072.0 4576.0 17053927
13072.0 14388.0 6609413
10480.0 14652.0 9914250
12624.0 4576.0 14590874
6896.0 4576.0 4142072
7120.0 14652.0 549514
3408.0 3960.0 13425916
3728.0 14652.0 3087351
7248.0 14652.0 11288116
7408.0 4576.0 7371074
3568.0 3960.0 3899152
3920.0 14652.0 3350645
2896.0 3960.0 13209328
3536.0 14652.0 678065
4752.0 3960.0 6412497
12720.0 14388.0 11441511
12752.0 4576.0 14290164
2800.0 14652.0 2272689
2832.0 3960.0 7282573
8112.0 14652.0 9727526
8208.0 4576.0 17251642
1328.0 14652.0 18077063
1456.0 3960.0 15537778
12176.0 3960.0 9456385
12496.0 14388.0 4544984
9136.0 14652.0 719731
11536.0 3960.0 1039833
11312.0 14652.0 12731543
11472.0 3960.0 12804608
9296.0 14652.0 14755394
10896.0 4576.0 14018564
5072.0 3960.0 89424
6512.0 14652.0 5979235
9904.0 14652.0 559724
10768.0 4576.0 3316078
5040.0 3960.0 10775309
6928.0 14652.0 9368008
11280.0 14652.0 17161236
11344.0 3960.0 5360759
5456.0 3960.0 17658131
7440.0 14652.0 5912709
12592.0 3960.0 2107209
12624.0 14388.0 2344275
12368.0 14388.0 7183596
17040.0 3960.0 5725400
11632.0 14388.0 10901763
11696.0 3960.0 7966984
14480.0 14388.0 16915909
14512.0 4576.0 4719550
17520.0 3960.0 18479857
17648.0 14652.0 13347288
592.0 3960.0 6965516
624.0 14652.0 7732435
11408.0 3960.0 2911316
12400.0 14388.0 3288581
14192.0 4576.0 3842187
11600.0 3960.0 5138871
12080.0 14388.0 4598536
17552.0 3960.0 6019528
17776.0 14652.0 18599603
12464.0 14388.0 14672664
12496.0 3960.0 5138029
17744.0 14652.0 779283
17872.0 3960.0 15750736
16624.0 14388.0 393282
16656.0 4576.0 5234612
13232.0 14388.0 12683957
13456.0 4576.0 15709827
10192.0 14652.0 16684334
10352.0 4576.0 10710874
18736.0 3960.0 6950063
19066.0 5478.0 11052889
912.0 14652.0 2155973
1072.0 3960.0 3320924
14320.0 14388.0 1756125
14448.0 4576.0 14274493
7696.0 14652.0 16700288
7728.0 4576.0 7761870
18640.0 3960.0 14268214
19066.0 5126.0 3435542
14768.0 14388.0 1174224
14800.0 4576.0 8880995
9872.0 4576.0 10660849
10128.0 14652.0 9767666
16496.0 14388.0 9366587
16528.0 4576.0 2258183
15376.0 14388.0 3489625
15408.0 4576.0 12273379
5712.0 3960.0 14752105
5840.0 3960.0 17298694
6096.0 3960.0 16965358
6672.0 14652.0 8206980
6704.0 3960.0 2039177
6864.0 14652.0 50585
7152.0 14652.0 9401698
7248.0 4576.0 12621607
7312.0 14652.0 8562735
15952.0 14388.0 7293966
15664.0 14388.0 6499182
16144.0 4576.0 12032066
17584.0 14652.0 15267037
18064.0 3960.0 6220815
14608.0 4576.0 2065095
16432.0 14388.0 7835429
4560.0 3960.0 3889206
4784.0 3960.0 18495259
8144.0 14652.0 9173925
9616.0 14652.0 6203167
9680.0 4576.0 9278689
12112.0 14388.0 1079363
12240.0 3960.0 10021328
8368.0 14652.0 6047180
8464.0 4576.0 325991
18896.0 3960.0 2815204
19066.0 6534.0 1248616
11952.0 14388.0 3262961
12208.0 3960.0 9067937
10320.0 14652.0 11017008
10416.0 4576.0 17750115
4336.0 3960.0 1711442
11280.0 3960.0 2961902
11824.0 14388.0 7485544
12656.0 14388.0 3681280
13040.0 4576.0 10118739
11888.0 3960.0 12948198
13168.0 14388.0 17039659
3344.0 14652.0 9461862
3536.0 3960.0 9189313
6128.0 3960.0 11346049
6576.0 3960.0 18605297
6736.0 14652.0 13518969
11792.0 14388.0 4898692
11952.0 3960.0 368058
7216.0 4576.0 4168108
8720.0 14652.0 9644551
4816.0 3960.0 14499896
6064.0 14652.0 9726924
8944.0 14652.0 3336601
9456.0 4576.0 4089165
9968.0 14652.0 10316883
10064.0 4576.0 6501944
3632.0 3960.0 17491215
5968.0 14652.0 5258092
15536.0 14388.0 1057454
15600.0 4576.0 3633349
11728.0 14388.0 16097348
11920.0 3960.0 17232601
6448.0 14652.0 14981370
6928.0 4576.0 11456103
4304.0 14652.0 2420552
4720.0 3960.0 628691
944.0 14652.0 6569092
2160.0 14652.0 2920678
2256.0 3960.0 8352768
7824.0 14652.0 14373283
15984.0 14388.0 7148221
5488.0 3960.0 5084931
11152.0 14652.0 14161508
13424.0 4576.0 17470857
14224.0 4576.0 15463769
14832.0 4576.0 13643696
14992.0 4576.0 1289829
15376.0 4576.0 9381184
15632.0 14388.0 12455453
16176.0 4576.0 18088030
16560.0 4576.0 309160
16720.0 4576.0 11114769
16848.0 4576.0 16791623
12880.0 4576.0 5040483
13008.0 4576.0 17454873
13296.0 4576.0 10899148
14352.0 4576.0 4384979
14640.0 4576.0 15132797
14768.0 4576.0 1964328
14960.0 4576.0 4288681
15248.0 4576.0 13454094
16176.0 14388.0 12131229
16304.0 4576.0 1915728
16592.0 4576.0 5203719
4464.0 3960.0 18094768
4592.0 14652.0 6685739
11024.0 14652.0 14020505
17104.0 3960.0 14390149
2384.0 14652.0 18589151
2512.0 3960.0 16585791
1648.0 14652.0 1426498
2960.0 14652.0 5322074
3088.0 3960.0 1283401
1296.0 14652.0 7022399
2544.0 14652.0 6022053
2672.0 3960.0 3507812
9648.0 14652.0 6315011
9744.0 4576.0 17738634
9488.0 14652.0 12491233
9584.0 4576.0 3936408
8816.0 14652.0 1074984
8848.0 4576.0 15506244
5136.0 14652.0 16135920
5328.0 3960.0 17165642
3088.0 14652.0 12386781
4080.0 3960.0 12496268
3248.0 14652.0 11776017
3344.0 3960.0 3751981
10960.0 14652.0 7986461
11024.0 4576.0 5472617
2992.0 14652.0 15706416
3184.0 3960.0 14921133
10896.0 14652.0 5765748
11184.0 4576.0 1785380
10832.0 14652.0 18333324
10928.0 4576.0 13925969
2000.0 14652.0 11164821
3376.0 14652.0 3368242
3504.0 3960.0 10095853
2224.0 14652.0 4230855
2352.0 3960.0 3641143
6544.0 3960.0 5626240
8880.0 14652.0 1115675
13296.0 14388.0 587713
13328.0 4576.0 18394707
17136.0 14388.0 1291980
18650.0 14168.0 10216657
4208.0 14652.0 16141236
5200.0 3960.0 11538164
11760.0 14388.0 3607579
17264.0 3960.0 6359184
18320.0 14652.0 15751475
15824.0 14388.0 13213480
17072.0 3960.0 13940597
9712.0 14652.0 15523533
9840.0 4576.0 14378757
17072.0 14388.0 13707420
17328.0 3960.0 17410299
16464.0 14388.0 11480625
18928.0 3960.0 798543
2736.0 3960.0 11775231
7856.0 14652.0 8930179
13136.0 14388.0 409543
13232.0 4576.0 10932785
16720.0 14388.0 3967959
16752.0 4576.0 1097348
15920.0 14388.0 13669747
16016.0 4576.0 18643323
15504.0 14388.0 2729709
15536.0 4576.0 16753996
208.0 3960.0 108103
528.0 14652.0 5319048
16016.0 14388.0 12509036
16048.0 4576.0 9763191
16048.0 14388.0 16364511
16080.0 4576.0 7202862
14032.0 14388.0 15831276
14064.0 4576.0 8314185
13584.0 4576.0 4889147
13584.0 14388.0 13846667
14608.0 14388.0 13655390
14672.0 4576.0 3722599
13392.0 4576.0 9953691
13392.0 14388.0 8024663
16688.0 14388.0 12139175
17776.0 3960.0 17145989
16208.0 4576.0 6713981
16208.0 14388.0 15760470
5104.0 14652.0 7509780
5232.0 3960.0 3260103
6992.0 4576.0 3885090
4400.0 3960.0 11092424
14352.0 14388.0 6929258
5392.0 14652.0 4750640
5584.0 3960.0 6423578
5776.0 14652.0 129535
5904.0 3960.0 12573909
944.0 3960.0 11000097
1488.0 14652.0 5906149
3664.0 3960.0 1321564
4016.0 14652.0 13003919
7984.0 14652.0 16037999
10736.0 4576.0 2450219
5616.0 3960.0 11184026
6160.0 14652.0 4151188
17232.0 3960.0 9347920
17968.0 14652.0 10453904
1616.0 3960.0 16829731
2128.0 14652.0 2580392
1872.0 3960.0 2627467
2480.0 14652.0 242973
12304.0 3960.0 3647436
13904.0 4576.0 8842347
9968.0 4576.0 8689958
11568.0 3960.0 16196272
1200.0 3960.0 10302482
2960.0 3960.0 3408108
1904.0 3960.0 7105283
2832.0 14652.0 1797870
1424.0 3960.0 15155481
3376.0 3960.0 17601932
2160.0 3960.0 10060500
3184.0 14652.0 1561625
912.0 3960.0 7249350
2192.0 3960.0 1751474
3024.0 3960.0 6346325
198.0 4774.0 7592501
336.0 3960.0 13364339
1488.0 3960.0 17985640
3792.0 3960.0 14289425
880.0 3960.0 2965657
2224.0 3960.0 1508707
2608.0 3960.0 14320992
3440.0 3960.0 13353181
18352.0 14652.0 6019578
18704.0 3960.0 3147924
1904.0 14652.0 9311557
2064.0 3960.0 15406287
18768.0 3960.0 5192556
19066.0 5830.0 1093292
18256.0 14652.0 12030327
18480.0 3960.0 16845626
1840.0 14652.0 13524296
2000.0 3960.0 18041597
18224.0 14652.0 5248073
18416.0 3960.0 5623167
1616.0 14652.0 5724543
1776.0 3960.0 13032140
17840.0 3960.0 2489005
17936.0 14652.0 282643
17904.0 3960.0 9421658
18000.0 14652.0 13100965
12144.0 3960.0 11352910
15696.0 4576.0 15710364
17680.0 3960.0 15175717
17840.0 14652.0 6924725
1520.0 14652.0 7430043
1712.0 3960.0 9549943
11216.0 3960.0 18636704
11248.0 14652.0 3548905
8176.0 4576.0 10499655
11728.0 3960.0 9335206
18128.0 3960.0 16229406
18160.0 14652.0 6282323
12016.0 3960.0 3577277
15856.0 4576.0 15547598
8016.0 4576.0 11398964
11856.0 3960.0 13479181
6832.0 3960.0 2772671
7152.0 4576.0 16115120
7280.0 4576.0 17557450
7312.0 4576.0 9455107
7568.0 4576.0 4694912
8624.0 4576.0 5923885
8912.0 4576.0 4017810
9232.0 4576.0 5353725
9520.0 4576.0 1082872
10576.0 4576.0 1706744
10864.0 4576.0 10032484
18096.0 14652.0 6797419
18192.0 3960.0 12938809
6864.0 3960.0 15608120
7696.0 4576.0 13038850
8496.0 4576.0 18272286
8880.0 4576.0 6612417
9040.0 4576.0 3136058
9104.0 4576.0 9761223
9264.0 4576.0 15305647
9648.0 4576.0 3135402
10448.0 4576.0 3246783
10832.0 4576.0 10174020
10992.0 4576.0 9449998
11120.0 4576.0 18372732
4112.0 3960.0 1604324
4240.0 14652.0 15395146
3920.0 3960.0 9699164
4176.0 14652.0 12925912
4400.0 14652.0 18680803
4496.0 3960.0 12321199
3760.0 3960.0 4723478
3952.0 14652.0 12134070
18064.0 14652.0 527249
19056.0 3960.0 3031931
9200.0 14652.0 3990625
9296.0 4576.0 17532785
3728.0 3960.0 11631660
3888.0 14652.0 4959594
4880.0 14652.0 7551646
5136.0 3960.0 11551197
8496.0 14652.0 7474995
12016.0 14388.0 3778245
16880.0 14388.0 16771248
16912.0 4576.0 2439071
15760.0 14388.0 10221678
15824.0 4576.0 6014237
3440.0 14652.0 8735822
3824.0 3960.0 14072719
16944.0 14388.0 4971864
17168.0 3960.0 18465298
17232.0 14388.0 18623696
17296.0 3960.0 12911669
2704.0 3960.0 15725710
4688.0 14652.0 4034223
17296.0 14388.0 15208195
17424.0 3960.0 4169662
6224.0 3960.0 16515478
10416.0 14652.0 11899387
5968.0 3960.0 2267612
10448.0 14652.0 15682660
17424.0 14388.0 3695823
17456.0 3960.0 5176236
6768.0 3960.0 14702902
9552.0 14652.0 6376485
17328.0 14388.0 7704395
17360.0 3960.0 2357179
6352.0 3960.0 11307982
11184.0 14652.0 15736387
18960.0 3960.0 13249638
18992.0 3960.0 14726012
4240.0 3960.0 7272408
4368.0 3960.0 2466572
4176.0 3960.0 13018885
4304.0 3960.0 7180841
624.0 3960.0 2627224
848.0 3960.0 12435617
3952.0 3960.0 14896138
4016.0 3960.0 13685502
4272.0 3960.0 9732341
6384.0 14652.0 17056567
6768.0 14652.0 1595153
17200.0 3960.0 7604369
17616.0 3960.0 4686198
1072.0 14652.0 450862
1296.0 3960.0 1688463
720.0 14652.0 10926088
1040.0 3960.0 7010328
1328.0 3960.0 5054654
1424.0 14652.0 11879388
5040.0 14652.0 4124687
6128.0 14652.0 4059599
6192.0 14652.0 13544267
6416.0 14652.0 11589057
6800.0 3960.0 9465466
1584.0 3960.0 693593
1776.0 14652.0 3725089
18640.0 14652.0 1988239
19024.0 3960.0 894686
12432.0 3960.0 6072980
13744.0 4576.0 921935
1136.0 3960.0 9615321
2544.0 3960.0 16542137
10128.0 4576.0 4481149
11440.0 3960.0 10307515
